# R2D2 grid neighbours information
1	6.38614	306.786	1270	20	2	1487	1488	
2	6.38614	311.31	1	21	3	1486	1487	
3	6.38614	315.833	2	22	4	1485	1486	
4	6.38614	320.357	3	23	5	1484	1485	
5	6.38614	324.881	4	24	6	1483	1484	
6	6.38614	329.405	5	25	7	1482	1483	
7	6.38614	333.929	6	26	8	1481	1482	
8	6.38614	338.452	7	27	9	1480	1481	
9	6.38614	342.976	8	28	10	1479	1480	
10	6.38614	347.5	9	29	11	1478	1479	
11	6.38614	352.024	10	30	12	1477	1478	
12	6.38614	356.548	11	31	13	1476	1477	
13	6.38614	361.071	12	32	14	1475	1476	
14	6.38614	365.595	13	33	15	1474	1475	
15	6.38614	370.119	14	34	16	1473	1474	
16	6.38614	374.643	15	35	17	1472	1473	
17	6.38614	379.167	16	36	18	1471	1472	
18	6.38614	383.69	17	37	19	1470	1471	
19	6.38614	388.214	18	38	1468	1469	1470	
20	10.6436	306.786	39	21	1	1270	1271	
21	10.6436	311.31	22	2	20	40	
22	10.6436	315.833	23	3	21	41	
23	10.6436	320.357	24	4	22	42	
24	10.6436	324.881	25	5	23	43	
25	10.6436	329.405	26	6	24	44	
26	10.6436	333.929	27	7	25	45	
27	10.6436	338.452	28	8	26	46	
28	10.6436	342.976	29	9	27	47	
29	10.6436	347.5	30	10	28	48	
30	10.6436	352.024	31	11	29	49	
31	10.6436	356.548	32	12	30	50	
32	10.6436	361.071	33	13	31	51	
33	10.6436	365.595	34	14	32	52	
34	10.6436	370.119	35	15	33	53	
35	10.6436	374.643	36	16	34	54	
36	10.6436	379.167	37	17	35	55	
37	10.6436	383.69	38	18	36	56	
38	10.6436	388.214	19	37	57	1467	1468	
39	14.901	306.786	58	40	20	1271	1272	
40	14.901	311.31	41	21	39	59	
41	14.901	315.833	42	22	40	60	
42	14.901	320.357	43	23	41	61	
43	14.901	324.881	44	24	42	62	
44	14.901	329.405	45	25	43	63	
45	14.901	333.929	46	26	44	64	
46	14.901	338.452	47	27	45	65	
47	14.901	342.976	48	28	46	66	
48	14.901	347.5	49	29	47	67	
49	14.901	352.024	50	30	48	68	
50	14.901	356.548	51	31	49	69	
51	14.901	361.071	52	32	50	70	
52	14.901	365.595	53	33	51	71	
53	14.901	370.119	54	34	52	72	
54	14.901	374.643	55	35	53	73	
55	14.901	379.167	56	36	54	74	
56	14.901	383.69	57	37	55	75	
57	14.901	388.214	38	56	76	1466	1467	
58	19.1584	306.786	77	59	39	1272	1273	
59	19.1584	311.31	60	40	58	78	
60	19.1584	315.833	61	41	59	79	
61	19.1584	320.357	62	42	60	80	
62	19.1584	324.881	63	43	61	81	
63	19.1584	329.405	64	44	62	82	
64	19.1584	333.929	65	45	63	83	
65	19.1584	338.452	66	46	64	84	
66	19.1584	342.976	67	47	65	85	
67	19.1584	347.5	68	48	66	86	
68	19.1584	352.024	69	49	67	87	
69	19.1584	356.548	70	50	68	88	
70	19.1584	361.071	71	51	69	89	
71	19.1584	365.595	72	52	70	90	
72	19.1584	370.119	73	53	71	91	
73	19.1584	374.643	74	54	72	92	
74	19.1584	379.167	75	55	73	93	
75	19.1584	383.69	76	56	74	94	
76	19.1584	388.214	57	75	95	1465	1466	
77	23.4158	306.786	96	78	58	1273	1274	
78	23.4158	311.31	79	59	77	97	
79	23.4158	315.833	80	60	78	98	
80	23.4158	320.357	81	61	79	99	
81	23.4158	324.881	82	62	80	100	
82	23.4158	329.405	83	63	81	101	
83	23.4158	333.929	84	64	82	102	
84	23.4158	338.452	85	65	83	103	
85	23.4158	342.976	86	66	84	104	
86	23.4158	347.5	87	67	85	105	
87	23.4158	352.024	88	68	86	106	
88	23.4158	356.548	89	69	87	107	
89	23.4158	361.071	90	70	88	108	
90	23.4158	365.595	91	71	89	109	
91	23.4158	370.119	92	72	90	110	
92	23.4158	374.643	93	73	91	111	
93	23.4158	379.167	94	74	92	112	
94	23.4158	383.69	95	75	93	113	
95	23.4158	388.214	76	94	113	1464	1465	
96	27.6733	306.786	114	97	77	1274	1275	
97	27.6733	311.31	98	78	96	115	
98	27.6733	315.833	99	79	97	116	
99	27.6733	320.357	100	80	98	117	
100	27.6733	324.881	101	81	99	118	
101	27.6733	329.405	102	82	100	119	
102	27.6733	333.929	103	83	101	120	
103	27.6733	338.452	104	84	102	121	
104	27.6733	342.976	105	85	103	122	
105	27.6733	347.5	106	86	104	123	
106	27.6733	352.024	107	87	105	124	
107	27.6733	356.548	108	88	106	125	
108	27.6733	361.071	109	89	107	126	
109	27.6733	365.595	110	90	108	127	
110	27.6733	370.119	111	91	109	128	
111	27.6733	374.643	112	92	110	129	
112	27.6733	379.167	113	93	111	130	
113	27.6733	383.69	95	94	112	131	1464	
114	31.9307	306.786	132	115	96	1275	1276	
115	31.9307	311.31	116	97	114	133	
116	31.9307	315.833	117	98	115	134	
117	31.9307	320.357	118	99	116	135	
118	31.9307	324.881	119	100	117	136	
119	31.9307	329.405	120	101	118	137	
120	31.9307	333.929	121	102	119	138	
121	31.9307	338.452	122	103	120	139	
122	31.9307	342.976	123	104	121	140	
123	31.9307	347.5	124	105	122	141	
124	31.9307	352.024	125	106	123	142	
125	31.9307	356.548	126	107	124	143	
126	31.9307	361.071	127	108	125	144	
127	31.9307	365.595	128	109	126	145	
128	31.9307	370.119	129	110	127	146	
129	31.9307	374.643	130	111	128	147	
130	31.9307	379.167	131	112	129	148	
131	31.9307	383.69	113	130	149	1463	1464	
132	36.1881	306.786	150	133	114	1276	1277	
133	36.1881	311.31	134	115	132	151	
134	36.1881	315.833	135	116	133	152	
135	36.1881	320.357	136	117	134	153	
136	36.1881	324.881	137	118	135	154	
137	36.1881	329.405	138	119	136	155	
138	36.1881	333.929	139	120	137	156	
139	36.1881	338.452	140	121	138	157	
140	36.1881	342.976	141	122	139	158	
141	36.1881	347.5	142	123	140	159	
142	36.1881	352.024	143	124	141	160	
143	36.1881	356.548	144	125	142	161	
144	36.1881	361.071	145	126	143	162	
145	36.1881	365.595	146	127	144	163	
146	36.1881	370.119	147	128	145	164	
147	36.1881	374.643	148	129	146	165	
148	36.1881	379.167	149	130	147	166	
149	36.1881	383.69	131	148	167	1462	1463	
150	40.4455	306.786	168	151	132	1277	1278	
151	40.4455	311.31	152	133	150	169	
152	40.4455	315.833	153	134	151	170	
153	40.4455	320.357	154	135	152	171	
154	40.4455	324.881	155	136	153	172	
155	40.4455	329.405	156	137	154	173	
156	40.4455	333.929	157	138	155	174	
157	40.4455	338.452	158	139	156	175	
158	40.4455	342.976	159	140	157	176	
159	40.4455	347.5	160	141	158	177	
160	40.4455	352.024	161	142	159	178	
161	40.4455	356.548	162	143	160	179	
162	40.4455	361.071	163	144	161	180	
163	40.4455	365.595	164	145	162	181	
164	40.4455	370.119	165	146	163	182	
165	40.4455	374.643	166	147	164	183	
166	40.4455	379.167	167	148	165	184	
167	40.4455	383.69	149	166	185	1461	1462	
168	44.703	306.786	186	169	150	1278	1279	
169	44.703	311.31	170	151	168	187	
170	44.703	315.833	171	152	169	188	
171	44.703	320.357	172	153	170	189	
172	44.703	324.881	173	154	171	190	
173	44.703	329.405	174	155	172	191	
174	44.703	333.929	175	156	173	192	
175	44.703	338.452	176	157	174	193	
176	44.703	342.976	177	158	175	194	
177	44.703	347.5	178	159	176	195	
178	44.703	352.024	179	160	177	196	
179	44.703	356.548	180	161	178	197	
180	44.703	361.071	181	162	179	198	
181	44.703	365.595	182	163	180	199	
182	44.703	370.119	183	164	181	200	
183	44.703	374.643	184	165	182	201	
184	44.703	379.167	185	166	183	202	
185	44.703	383.69	167	184	203	1460	1461	
186	48.9604	306.786	204	187	168	1279	1280	
187	48.9604	311.31	188	169	186	205	
188	48.9604	315.833	189	170	187	206	
189	48.9604	320.357	190	171	188	207	
190	48.9604	324.881	191	172	189	208	
191	48.9604	329.405	192	173	190	209	
192	48.9604	333.929	193	174	191	210	
193	48.9604	338.452	194	175	192	211	
194	48.9604	342.976	195	176	193	212	
195	48.9604	347.5	196	177	194	213	
196	48.9604	352.024	197	178	195	214	
197	48.9604	356.548	198	179	196	215	
198	48.9604	361.071	199	180	197	216	
199	48.9604	365.595	200	181	198	217	
200	48.9604	370.119	201	182	199	218	
201	48.9604	374.643	202	183	200	219	
202	48.9604	379.167	203	184	201	220	
203	48.9604	383.69	185	202	220	1459	1460	
204	53.2178	306.786	221	205	186	1280	1281	
205	53.2178	311.31	206	187	204	222	
206	53.2178	315.833	207	188	205	223	
207	53.2178	320.357	208	189	206	224	
208	53.2178	324.881	209	190	207	225	
209	53.2178	329.405	210	191	208	226	
210	53.2178	333.929	211	192	209	227	
211	53.2178	338.452	212	193	210	228	
212	53.2178	342.976	213	194	211	229	
213	53.2178	347.5	214	195	212	230	
214	53.2178	352.024	215	196	213	231	
215	53.2178	356.548	216	197	214	232	
216	53.2178	361.071	217	198	215	233	
217	53.2178	365.595	218	199	216	234	
218	53.2178	370.119	219	200	217	235	
219	53.2178	374.643	220	201	218	236	
220	53.2178	379.167	203	202	219	237	1458	1459	
221	57.4752	306.786	238	222	204	1281	1282	
222	57.4752	311.31	223	205	221	239	
223	57.4752	315.833	224	206	222	240	
224	57.4752	320.357	225	207	223	241	
225	57.4752	324.881	226	208	224	242	
226	57.4752	329.405	227	209	225	243	
227	57.4752	333.929	228	210	226	244	
228	57.4752	338.452	229	211	227	245	
229	57.4752	342.976	230	212	228	246	
230	57.4752	347.5	231	213	229	247	
231	57.4752	352.024	232	214	230	248	
232	57.4752	356.548	233	215	231	249	
233	57.4752	361.071	234	216	232	250	
234	57.4752	365.595	235	217	233	251	
235	57.4752	370.119	236	218	234	252	
236	57.4752	374.643	237	219	235	253	
237	57.4752	379.167	220	236	254	1457	1458	
238	61.7327	306.786	255	239	221	1282	1283	
239	61.7327	311.31	240	222	238	256	
240	61.7327	315.833	241	223	239	257	
241	61.7327	320.357	242	224	240	258	
242	61.7327	324.881	243	225	241	259	
243	61.7327	329.405	244	226	242	260	
244	61.7327	333.929	245	227	243	261	
245	61.7327	338.452	246	228	244	262	
246	61.7327	342.976	247	229	245	263	
247	61.7327	347.5	248	230	246	264	
248	61.7327	352.024	249	231	247	265	
249	61.7327	356.548	250	232	248	266	
250	61.7327	361.071	251	233	249	267	
251	61.7327	365.595	252	234	250	268	
252	61.7327	370.119	253	235	251	269	
253	61.7327	374.643	254	236	252	270	
254	61.7327	379.167	237	253	271	1456	1457	
255	65.9901	306.786	272	256	238	1283	1284	
256	65.9901	311.31	257	239	255	273	
257	65.9901	315.833	258	240	256	274	
258	65.9901	320.357	259	241	257	275	
259	65.9901	324.881	260	242	258	276	
260	65.9901	329.405	261	243	259	277	
261	65.9901	333.929	262	244	260	278	
262	65.9901	338.452	263	245	261	279	
263	65.9901	342.976	264	246	262	280	
264	65.9901	347.5	265	247	263	281	
265	65.9901	352.024	266	248	264	282	
266	65.9901	356.548	267	249	265	283	
267	65.9901	361.071	268	250	266	284	
268	65.9901	365.595	269	251	267	285	
269	65.9901	370.119	270	252	268	286	
270	65.9901	374.643	271	253	269	287	
271	65.9901	379.167	254	270	288	1455	1456	
272	70.2475	306.786	289	273	255	1284	1285	
273	70.2475	311.31	274	256	272	290	
274	70.2475	315.833	275	257	273	291	
275	70.2475	320.357	276	258	274	292	
276	70.2475	324.881	277	259	275	293	
277	70.2475	329.405	278	260	276	294	
278	70.2475	333.929	279	261	277	295	
279	70.2475	338.452	280	262	278	296	
280	70.2475	342.976	281	263	279	297	
281	70.2475	347.5	282	264	280	298	
282	70.2475	352.024	283	265	281	299	
283	70.2475	356.548	284	266	282	300	
284	70.2475	361.071	285	267	283	301	
285	70.2475	365.595	286	268	284	302	
286	70.2475	370.119	287	269	285	303	
287	70.2475	374.643	288	270	286	304	
288	70.2475	379.167	271	287	304	1454	1455	
289	74.505	306.786	305	290	272	1285	1286	
290	74.505	311.31	291	273	289	306	
291	74.505	315.833	292	274	290	307	
292	74.505	320.357	293	275	291	308	
293	74.505	324.881	294	276	292	309	
294	74.505	329.405	295	277	293	310	
295	74.505	333.929	296	278	294	311	
296	74.505	338.452	297	279	295	312	
297	74.505	342.976	298	280	296	313	
298	74.505	347.5	299	281	297	314	
299	74.505	352.024	300	282	298	315	
300	74.505	356.548	301	283	299	316	
301	74.505	361.071	302	284	300	317	
302	74.505	365.595	303	285	301	318	
303	74.505	370.119	304	286	302	319	
304	74.505	374.643	288	287	303	320	1453	1454	
305	78.7624	306.786	321	306	289	1286	1287	
306	78.7624	311.31	307	290	305	322	
307	78.7624	315.833	308	291	306	323	
308	78.7624	320.357	309	292	307	324	
309	78.7624	324.881	310	293	308	325	
310	78.7624	329.405	311	294	309	326	
311	78.7624	333.929	312	295	310	327	
312	78.7624	338.452	313	296	311	328	
313	78.7624	342.976	314	297	312	329	
314	78.7624	347.5	315	298	313	330	
315	78.7624	352.024	316	299	314	331	
316	78.7624	356.548	317	300	315	332	
317	78.7624	361.071	318	301	316	333	
318	78.7624	365.595	319	302	317	334	
319	78.7624	370.119	320	303	318	335	
320	78.7624	374.643	304	319	336	1452	1453	
321	83.0198	306.786	337	322	305	1287	1288	
322	83.0198	311.31	323	306	321	338	
323	83.0198	315.833	324	307	322	339	
324	83.0198	320.357	325	308	323	340	
325	83.0198	324.881	326	309	324	341	
326	83.0198	329.405	327	310	325	342	
327	83.0198	333.929	328	311	326	343	
328	83.0198	338.452	329	312	327	344	
329	83.0198	342.976	330	313	328	345	
330	83.0198	347.5	331	314	329	346	
331	83.0198	352.024	332	315	330	347	
332	83.0198	356.548	333	316	331	348	
333	83.0198	361.071	334	317	332	349	
334	83.0198	365.595	335	318	333	350	
335	83.0198	370.119	336	319	334	351	
336	83.0198	374.643	320	335	352	1452	
337	87.2772	306.786	353	338	321	1288	1289	
338	87.2772	311.31	339	322	337	354	
339	87.2772	315.833	340	323	338	355	
340	87.2772	320.357	341	324	339	356	
341	87.2772	324.881	342	325	340	357	
342	87.2772	329.405	343	326	341	358	
343	87.2772	333.929	344	327	342	359	
344	87.2772	338.452	345	328	343	360	
345	87.2772	342.976	346	329	344	361	
346	87.2772	347.5	347	330	345	362	
347	87.2772	352.024	348	331	346	363	
348	87.2772	356.548	349	332	347	364	
349	87.2772	361.071	350	333	348	365	
350	87.2772	365.595	351	334	349	366	
351	87.2772	370.119	352	335	350	367	
352	87.2772	374.643	336	351	368	1451	1452	
353	91.5347	306.786	369	354	337	1289	1290	
354	91.5347	311.31	355	338	353	370	
355	91.5347	315.833	356	339	354	371	
356	91.5347	320.357	357	340	355	372	
357	91.5347	324.881	358	341	356	373	
358	91.5347	329.405	359	342	357	374	
359	91.5347	333.929	360	343	358	375	
360	91.5347	338.452	361	344	359	376	
361	91.5347	342.976	362	345	360	377	
362	91.5347	347.5	363	346	361	378	
363	91.5347	352.024	364	347	362	379	
364	91.5347	356.548	365	348	363	380	
365	91.5347	361.071	366	349	364	381	
366	91.5347	365.595	367	350	365	382	
367	91.5347	370.119	368	351	366	383	
368	91.5347	374.643	352	367	383	1449	1450	1451	
369	95.7921	306.786	384	370	353	1290	1291	
370	95.7921	311.31	371	354	369	385	
371	95.7921	315.833	372	355	370	386	
372	95.7921	320.357	373	356	371	387	
373	95.7921	324.881	374	357	372	388	
374	95.7921	329.405	375	358	373	389	
375	95.7921	333.929	376	359	374	390	
376	95.7921	338.452	377	360	375	391	
377	95.7921	342.976	378	361	376	392	
378	95.7921	347.5	379	362	377	393	
379	95.7921	352.024	380	363	378	394	
380	95.7921	356.548	381	364	379	395	
381	95.7921	361.071	382	365	380	396	
382	95.7921	365.595	383	366	381	397	
383	95.7921	370.119	368	367	382	398	1449	
384	100.05	306.786	399	385	369	1291	1292	
385	100.05	311.31	386	370	384	400	
386	100.05	315.833	387	371	385	401	
387	100.05	320.357	388	372	386	402	
388	100.05	324.881	389	373	387	403	
389	100.05	329.405	390	374	388	404	
390	100.05	333.929	391	375	389	405	
391	100.05	338.452	392	376	390	406	
392	100.05	342.976	393	377	391	407	
393	100.05	347.5	394	378	392	408	
394	100.05	352.024	395	379	393	409	
395	100.05	356.548	396	380	394	410	
396	100.05	361.071	397	381	395	411	
397	100.05	365.595	398	382	396	412	
398	100.05	370.119	383	397	413	1448	1449	
399	104.307	306.786	414	400	384	1292	1293	
400	104.307	311.31	401	385	399	415	
401	104.307	315.833	402	386	400	416	
402	104.307	320.357	403	387	401	417	
403	104.307	324.881	404	388	402	418	
404	104.307	329.405	405	389	403	419	
405	104.307	333.929	406	390	404	420	
406	104.307	338.452	407	391	405	421	
407	104.307	342.976	408	392	406	422	
408	104.307	347.5	409	393	407	423	
409	104.307	352.024	410	394	408	424	
410	104.307	356.548	411	395	409	425	
411	104.307	361.071	412	396	410	426	
412	104.307	365.595	413	397	411	427	
413	104.307	370.119	398	412	428	1447	1448	
414	108.564	306.786	429	415	399	1293	1294	
415	108.564	311.31	416	400	414	430	
416	108.564	315.833	417	401	415	431	
417	108.564	320.357	418	402	416	432	
418	108.564	324.881	419	403	417	433	
419	108.564	329.405	420	404	418	434	
420	108.564	333.929	421	405	419	435	
421	108.564	338.452	422	406	420	436	
422	108.564	342.976	423	407	421	437	
423	108.564	347.5	424	408	422	438	
424	108.564	352.024	425	409	423	439	
425	108.564	356.548	426	410	424	440	
426	108.564	361.071	427	411	425	441	
427	108.564	365.595	428	412	426	442	
428	108.564	370.119	413	427	443	1446	1447	
429	112.822	306.786	444	430	414	1294	1295	
430	112.822	311.31	431	415	429	445	
431	112.822	315.833	432	416	430	446	
432	112.822	320.357	433	417	431	447	
433	112.822	324.881	434	418	432	448	
434	112.822	329.405	435	419	433	449	
435	112.822	333.929	436	420	434	450	
436	112.822	338.452	437	421	435	451	
437	112.822	342.976	438	422	436	452	
438	112.822	347.5	439	423	437	453	
439	112.822	352.024	440	424	438	454	
440	112.822	356.548	441	425	439	455	
441	112.822	361.071	442	426	440	456	
442	112.822	365.595	443	427	441	457	
443	112.822	370.119	428	442	458	1445	1446	
444	117.079	306.786	459	445	429	1295	1296	
445	117.079	311.31	446	430	444	460	
446	117.079	315.833	447	431	445	461	
447	117.079	320.357	448	432	446	462	
448	117.079	324.881	449	433	447	463	
449	117.079	329.405	450	434	448	464	
450	117.079	333.929	451	435	449	465	
451	117.079	338.452	452	436	450	466	
452	117.079	342.976	453	437	451	467	
453	117.079	347.5	454	438	452	468	
454	117.079	352.024	455	439	453	469	
455	117.079	356.548	456	440	454	470	
456	117.079	361.071	457	441	455	471	
457	117.079	365.595	458	442	456	472	
458	117.079	370.119	443	457	473	1444	1445	
459	121.337	306.786	474	460	444	1296	1297	
460	121.337	311.31	461	445	459	475	
461	121.337	315.833	462	446	460	476	
462	121.337	320.357	463	447	461	477	
463	121.337	324.881	464	448	462	478	
464	121.337	329.405	465	449	463	479	
465	121.337	333.929	466	450	464	480	
466	121.337	338.452	467	451	465	481	
467	121.337	342.976	468	452	466	482	
468	121.337	347.5	469	453	467	483	
469	121.337	352.024	470	454	468	484	
470	121.337	356.548	471	455	469	485	
471	121.337	361.071	472	456	470	486	
472	121.337	365.595	473	457	471	487	
473	121.337	370.119	458	472	487	1443	1444	
474	125.594	306.786	488	475	459	1297	1298	
475	125.594	311.31	476	460	474	489	
476	125.594	315.833	477	461	475	490	
477	125.594	320.357	478	462	476	491	
478	125.594	324.881	479	463	477	492	
479	125.594	329.405	480	464	478	493	
480	125.594	333.929	481	465	479	494	
481	125.594	338.452	482	466	480	495	
482	125.594	342.976	483	467	481	496	
483	125.594	347.5	484	468	482	497	
484	125.594	352.024	485	469	483	498	
485	125.594	356.548	486	470	484	499	
486	125.594	361.071	487	471	485	500	
487	125.594	365.595	473	472	486	501	1442	1443	
488	129.851	306.786	502	489	474	1298	1299	
489	129.851	311.31	490	475	488	503	
490	129.851	315.833	491	476	489	504	
491	129.851	320.357	492	477	490	505	
492	129.851	324.881	493	478	491	506	
493	129.851	329.405	494	479	492	507	
494	129.851	333.929	495	480	493	508	
495	129.851	338.452	496	481	494	509	
496	129.851	342.976	497	482	495	510	
497	129.851	347.5	498	483	496	511	
498	129.851	352.024	499	484	497	512	
499	129.851	356.548	500	485	498	513	
500	129.851	361.071	501	486	499	514	
501	129.851	365.595	487	500	515	1441	1442	
502	134.109	306.786	516	503	488	1299	1300	
503	134.109	311.31	504	489	502	517	
504	134.109	315.833	505	490	503	518	
505	134.109	320.357	506	491	504	519	
506	134.109	324.881	507	492	505	520	
507	134.109	329.405	508	493	506	521	
508	134.109	333.929	509	494	507	522	
509	134.109	338.452	510	495	508	523	
510	134.109	342.976	511	496	509	524	
511	134.109	347.5	512	497	510	525	
512	134.109	352.024	513	498	511	526	
513	134.109	356.548	514	499	512	527	
514	134.109	361.071	515	500	513	528	
515	134.109	365.595	501	514	529	1440	1441	
516	138.366	306.786	530	517	502	1300	1301	
517	138.366	311.31	518	503	516	531	
518	138.366	315.833	519	504	517	532	
519	138.366	320.357	520	505	518	533	
520	138.366	324.881	521	506	519	534	
521	138.366	329.405	522	507	520	535	
522	138.366	333.929	523	508	521	536	
523	138.366	338.452	524	509	522	537	
524	138.366	342.976	525	510	523	538	
525	138.366	347.5	526	511	524	539	
526	138.366	352.024	527	512	525	540	
527	138.366	356.548	528	513	526	541	
528	138.366	361.071	529	514	527	542	
529	138.366	365.595	515	528	543	1439	1440	
530	142.624	306.786	544	531	516	1301	1302	
531	142.624	311.31	532	517	530	545	
532	142.624	315.833	533	518	531	546	
533	142.624	320.357	534	519	532	547	
534	142.624	324.881	535	520	533	548	
535	142.624	329.405	536	521	534	549	
536	142.624	333.929	537	522	535	550	
537	142.624	338.452	538	523	536	551	
538	142.624	342.976	539	524	537	552	
539	142.624	347.5	540	525	538	553	
540	142.624	352.024	541	526	539	554	
541	142.624	356.548	542	527	540	555	
542	142.624	361.071	543	528	541	556	
543	142.624	365.595	529	542	557	1438	1439	
544	146.881	306.786	558	545	530	1302	1303	
545	146.881	311.31	546	531	544	559	
546	146.881	315.833	547	532	545	560	
547	146.881	320.357	548	533	546	561	
548	146.881	324.881	549	534	547	562	
549	146.881	329.405	550	535	548	563	
550	146.881	333.929	551	536	549	564	
551	146.881	338.452	552	537	550	565	
552	146.881	342.976	553	538	551	566	
553	146.881	347.5	554	539	552	567	
554	146.881	352.024	555	540	553	568	
555	146.881	356.548	556	541	554	569	
556	146.881	361.071	557	542	555	570	
557	146.881	365.595	543	556	571	1438	
558	151.139	306.786	572	559	544	1303	1304	
559	151.139	311.31	560	545	558	573	
560	151.139	315.833	561	546	559	574	
561	151.139	320.357	562	547	560	575	
562	151.139	324.881	563	548	561	576	
563	151.139	329.405	564	549	562	577	
564	151.139	333.929	565	550	563	578	
565	151.139	338.452	566	551	564	579	
566	151.139	342.976	567	552	565	580	
567	151.139	347.5	568	553	566	581	
568	151.139	352.024	569	554	567	582	
569	151.139	356.548	570	555	568	583	
570	151.139	361.071	571	556	569	584	
571	151.139	365.595	557	570	585	1437	1438	
572	155.396	306.786	586	573	558	1304	1305	
573	155.396	311.31	574	559	572	587	
574	155.396	315.833	575	560	573	588	
575	155.396	320.357	576	561	574	589	
576	155.396	324.881	577	562	575	590	
577	155.396	329.405	578	563	576	591	
578	155.396	333.929	579	564	577	592	
579	155.396	338.452	580	565	578	593	
580	155.396	342.976	581	566	579	594	
581	155.396	347.5	582	567	580	595	
582	155.396	352.024	583	568	581	596	
583	155.396	356.548	584	569	582	597	
584	155.396	361.071	585	570	583	598	
585	155.396	365.595	571	584	599	1436	1437	
586	159.653	306.786	600	587	572	1305	1306	
587	159.653	311.31	588	573	586	601	
588	159.653	315.833	589	574	587	602	
589	159.653	320.357	590	575	588	603	
590	159.653	324.881	591	576	589	604	
591	159.653	329.405	592	577	590	605	
592	159.653	333.929	593	578	591	606	
593	159.653	338.452	594	579	592	607	
594	159.653	342.976	595	580	593	608	
595	159.653	347.5	596	581	594	609	
596	159.653	352.024	597	582	595	610	
597	159.653	356.548	598	583	596	611	
598	159.653	361.071	599	584	597	612	
599	159.653	365.595	585	598	613	1435	1436	
600	163.911	306.786	614	601	586	1306	1307	
601	163.911	311.31	602	587	600	615	
602	163.911	315.833	603	588	601	616	
603	163.911	320.357	604	589	602	617	
604	163.911	324.881	605	590	603	618	
605	163.911	329.405	606	591	604	619	
606	163.911	333.929	607	592	605	620	
607	163.911	338.452	608	593	606	621	
608	163.911	342.976	609	594	607	622	
609	163.911	347.5	610	595	608	623	
610	163.911	352.024	611	596	609	624	
611	163.911	356.548	612	597	610	625	
612	163.911	361.071	613	598	611	626	
613	163.911	365.595	599	612	627	1434	1435	
614	168.168	306.786	628	615	600	1307	1308	
615	168.168	311.31	616	601	614	629	
616	168.168	315.833	617	602	615	630	
617	168.168	320.357	618	603	616	631	
618	168.168	324.881	619	604	617	632	
619	168.168	329.405	620	605	618	633	
620	168.168	333.929	621	606	619	634	
621	168.168	338.452	622	607	620	635	
622	168.168	342.976	623	608	621	636	
623	168.168	347.5	624	609	622	637	
624	168.168	352.024	625	610	623	638	
625	168.168	356.548	626	611	624	639	
626	168.168	361.071	627	612	625	640	
627	168.168	365.595	613	626	641	1433	1434	
628	172.426	306.786	642	629	614	1308	1309	
629	172.426	311.31	630	615	628	643	
630	172.426	315.833	631	616	629	644	
631	172.426	320.357	632	617	630	645	
632	172.426	324.881	633	618	631	646	
633	172.426	329.405	634	619	632	647	
634	172.426	333.929	635	620	633	648	
635	172.426	338.452	636	621	634	649	
636	172.426	342.976	637	622	635	650	
637	172.426	347.5	638	623	636	651	
638	172.426	352.024	639	624	637	652	
639	172.426	356.548	640	625	638	653	
640	172.426	361.071	641	626	639	654	
641	172.426	365.595	627	640	654	1431	1432	1433	
642	176.683	306.786	655	643	628	1309	1310	
643	176.683	311.31	644	629	642	656	
644	176.683	315.833	645	630	643	657	
645	176.683	320.357	646	631	644	658	
646	176.683	324.881	647	632	645	659	
647	176.683	329.405	648	633	646	660	
648	176.683	333.929	649	634	647	661	
649	176.683	338.452	650	635	648	662	
650	176.683	342.976	651	636	649	663	
651	176.683	347.5	652	637	650	664	
652	176.683	352.024	653	638	651	665	
653	176.683	356.548	654	639	652	666	
654	176.683	361.071	641	640	653	667	1431	
655	180.941	306.786	668	656	642	1310	1311	
656	180.941	311.31	657	643	655	669	
657	180.941	315.833	658	644	656	670	
658	180.941	320.357	659	645	657	671	
659	180.941	324.881	660	646	658	672	
660	180.941	329.405	661	647	659	673	
661	180.941	333.929	662	648	660	674	
662	180.941	338.452	663	649	661	675	
663	180.941	342.976	664	650	662	676	
664	180.941	347.5	665	651	663	677	
665	180.941	352.024	666	652	664	678	
666	180.941	356.548	667	653	665	679	
667	180.941	361.071	654	666	680	1430	1431	
668	185.198	306.786	681	669	655	1311	1312	
669	185.198	311.31	670	656	668	682	
670	185.198	315.833	671	657	669	683	
671	185.198	320.357	672	658	670	684	
672	185.198	324.881	673	659	671	685	
673	185.198	329.405	674	660	672	686	
674	185.198	333.929	675	661	673	687	
675	185.198	338.452	676	662	674	688	
676	185.198	342.976	677	663	675	689	
677	185.198	347.5	678	664	676	690	
678	185.198	352.024	679	665	677	691	
679	185.198	356.548	680	666	678	692	
680	185.198	361.071	667	679	693	1429	1430	
681	189.455	306.786	694	682	668	1312	1313	
682	189.455	311.31	683	669	681	695	
683	189.455	315.833	684	670	682	696	
684	189.455	320.357	685	671	683	697	
685	189.455	324.881	686	672	684	698	
686	189.455	329.405	687	673	685	699	
687	189.455	333.929	688	674	686	700	
688	189.455	338.452	689	675	687	701	
689	189.455	342.976	690	676	688	702	
690	189.455	347.5	691	677	689	703	
691	189.455	352.024	692	678	690	704	
692	189.455	356.548	693	679	691	705	
693	189.455	361.071	680	692	706	1428	1429	
694	193.713	306.786	707	695	681	1313	1314	
695	193.713	311.31	696	682	694	708	
696	193.713	315.833	697	683	695	709	
697	193.713	320.357	698	684	696	710	
698	193.713	324.881	699	685	697	711	
699	193.713	329.405	700	686	698	712	
700	193.713	333.929	701	687	699	713	
701	193.713	338.452	702	688	700	714	
702	193.713	342.976	703	689	701	715	
703	193.713	347.5	704	690	702	716	
704	193.713	352.024	705	691	703	717	
705	193.713	356.548	706	692	704	718	
706	193.713	361.071	693	705	719	1427	1428	
707	197.97	306.786	720	708	694	1314	1315	
708	197.97	311.31	709	695	707	721	
709	197.97	315.833	710	696	708	722	
710	197.97	320.357	711	697	709	723	
711	197.97	324.881	712	698	710	724	
712	197.97	329.405	713	699	711	725	
713	197.97	333.929	714	700	712	726	
714	197.97	338.452	715	701	713	727	
715	197.97	342.976	716	702	714	728	
716	197.97	347.5	717	703	715	729	
717	197.97	352.024	718	704	716	730	
718	197.97	356.548	719	705	717	731	
719	197.97	361.071	706	718	731	1426	1427	
720	202.228	306.786	732	721	707	1315	1316	
721	202.228	311.31	722	708	720	733	
722	202.228	315.833	723	709	721	734	
723	202.228	320.357	724	710	722	735	
724	202.228	324.881	725	711	723	736	
725	202.228	329.405	726	712	724	737	
726	202.228	333.929	727	713	725	738	
727	202.228	338.452	728	714	726	739	
728	202.228	342.976	729	715	727	740	
729	202.228	347.5	730	716	728	741	
730	202.228	352.024	731	717	729	742	
731	202.228	356.548	719	718	730	743	744	1426	
732	206.485	306.786	745	733	720	1316	1317	
733	206.485	311.31	734	721	732	746	
734	206.485	315.833	735	722	733	747	
735	206.485	320.357	736	723	734	748	
736	206.485	324.881	737	724	735	749	
737	206.485	329.405	738	725	736	750	
738	206.485	333.929	739	726	737	751	
739	206.485	338.452	740	727	738	752	
740	206.485	342.976	741	728	739	753	
741	206.485	347.5	742	729	740	754	
742	206.485	352.024	743	730	741	755	
743	206.485	356.548	744	731	742	756	
744	206.485	361.071	731	743	757	1425	1426	
745	210.743	306.786	758	746	732	1317	1318	
746	210.743	311.31	747	733	745	759	
747	210.743	315.833	748	734	746	760	
748	210.743	320.357	749	735	747	761	
749	210.743	324.881	750	736	748	762	
750	210.743	329.405	751	737	749	763	
751	210.743	333.929	752	738	750	764	
752	210.743	338.452	753	739	751	765	
753	210.743	342.976	754	740	752	766	
754	210.743	347.5	755	741	753	767	
755	210.743	352.024	756	742	754	768	
756	210.743	356.548	757	743	755	769	
757	210.743	361.071	744	756	770	1424	1425	
758	215	306.786	771	759	745	1318	1319	
759	215	311.31	760	746	758	772	
760	215	315.833	761	747	759	773	
761	215	320.357	762	748	760	774	
762	215	324.881	763	749	761	775	
763	215	329.405	764	750	762	776	
764	215	333.929	765	751	763	777	
765	215	338.452	766	752	764	778	
766	215	342.976	767	753	765	779	
767	215	347.5	768	754	766	780	
768	215	352.024	769	755	767	781	
769	215	356.548	770	756	768	782	
770	215	361.071	757	769	782	1423	1424	
771	219.257	306.786	783	772	758	1319	1320	
772	219.257	311.31	773	759	771	784	
773	219.257	315.833	774	760	772	785	
774	219.257	320.357	775	761	773	786	
775	219.257	324.881	776	762	774	787	
776	219.257	329.405	777	763	775	788	
777	219.257	333.929	778	764	776	789	
778	219.257	338.452	779	765	777	790	
779	219.257	342.976	780	766	778	791	
780	219.257	347.5	781	767	779	792	
781	219.257	352.024	782	768	780	793	
782	219.257	356.548	770	769	781	794	1422	1423	
783	223.515	306.786	795	784	771	1320	1321	
784	223.515	311.31	785	772	783	796	
785	223.515	315.833	786	773	784	797	
786	223.515	320.357	787	774	785	798	
787	223.515	324.881	788	775	786	799	
788	223.515	329.405	789	776	787	800	
789	223.515	333.929	790	777	788	801	
790	223.515	338.452	791	778	789	802	
791	223.515	342.976	792	779	790	803	
792	223.515	347.5	793	780	791	804	
793	223.515	352.024	794	781	792	805	
794	223.515	356.548	782	793	806	1421	1422	
795	227.772	306.786	807	796	783	1321	1322	
796	227.772	311.31	797	784	795	808	
797	227.772	315.833	798	785	796	809	
798	227.772	320.357	799	786	797	810	
799	227.772	324.881	800	787	798	811	
800	227.772	329.405	801	788	799	812	
801	227.772	333.929	802	789	800	813	
802	227.772	338.452	803	790	801	814	
803	227.772	342.976	804	791	802	815	
804	227.772	347.5	805	792	803	816	
805	227.772	352.024	806	793	804	817	
806	227.772	356.548	794	805	818	1420	1421	
807	232.03	306.786	819	808	795	1322	1323	
808	232.03	311.31	809	796	807	820	
809	232.03	315.833	810	797	808	821	
810	232.03	320.357	811	798	809	822	
811	232.03	324.881	812	799	810	823	
812	232.03	329.405	813	800	811	824	
813	232.03	333.929	814	801	812	825	
814	232.03	338.452	815	802	813	826	
815	232.03	342.976	816	803	814	827	
816	232.03	347.5	817	804	815	828	
817	232.03	352.024	818	805	816	829	
818	232.03	356.548	806	817	830	1419	1420	
819	236.287	306.786	831	820	807	1323	1324	
820	236.287	311.31	821	808	819	832	
821	236.287	315.833	822	809	820	833	
822	236.287	320.357	823	810	821	834	
823	236.287	324.881	824	811	822	835	
824	236.287	329.405	825	812	823	836	
825	236.287	333.929	826	813	824	837	
826	236.287	338.452	827	814	825	838	
827	236.287	342.976	828	815	826	839	
828	236.287	347.5	829	816	827	840	
829	236.287	352.024	830	817	828	841	
830	236.287	356.548	818	829	842	1418	1419	
831	240.545	306.786	843	832	819	1324	1325	
832	240.545	311.31	833	820	831	844	
833	240.545	315.833	834	821	832	845	
834	240.545	320.357	835	822	833	846	
835	240.545	324.881	836	823	834	847	
836	240.545	329.405	837	824	835	848	
837	240.545	333.929	838	825	836	849	
838	240.545	338.452	839	826	837	850	
839	240.545	342.976	840	827	838	851	
840	240.545	347.5	841	828	839	852	
841	240.545	352.024	842	829	840	853	
842	240.545	356.548	830	841	854	1417	1418	
843	244.802	306.786	855	844	831	1325	1326	
844	244.802	311.31	845	832	843	856	
845	244.802	315.833	846	833	844	857	
846	244.802	320.357	847	834	845	858	
847	244.802	324.881	848	835	846	859	
848	244.802	329.405	849	836	847	860	
849	244.802	333.929	850	837	848	861	
850	244.802	338.452	851	838	849	862	
851	244.802	342.976	852	839	850	863	
852	244.802	347.5	853	840	851	864	
853	244.802	352.024	854	841	852	865	
854	244.802	356.548	842	853	865	1416	1417	
855	249.059	306.786	866	856	843	1326	1327	
856	249.059	311.31	857	844	855	867	
857	249.059	315.833	858	845	856	868	
858	249.059	320.357	859	846	857	869	
859	249.059	324.881	860	847	858	870	
860	249.059	329.405	861	848	859	871	
861	249.059	333.929	862	849	860	872	
862	249.059	338.452	863	850	861	873	
863	249.059	342.976	864	851	862	874	
864	249.059	347.5	865	852	863	875	
865	249.059	352.024	854	853	864	876	1415	1416	
866	253.317	306.786	877	867	855	1327	1328	
867	253.317	311.31	868	856	866	878	
868	253.317	315.833	869	857	867	879	
869	253.317	320.357	870	858	868	880	
870	253.317	324.881	871	859	869	881	
871	253.317	329.405	872	860	870	882	
872	253.317	333.929	873	861	871	883	
873	253.317	338.452	874	862	872	884	
874	253.317	342.976	875	863	873	885	
875	253.317	347.5	876	864	874	886	
876	253.317	352.024	865	875	887	1415	
877	257.574	306.786	888	878	866	1328	1329	
878	257.574	311.31	879	867	877	889	
879	257.574	315.833	880	868	878	890	
880	257.574	320.357	881	869	879	891	
881	257.574	324.881	882	870	880	892	
882	257.574	329.405	883	871	881	893	
883	257.574	333.929	884	872	882	894	
884	257.574	338.452	885	873	883	895	
885	257.574	342.976	886	874	884	896	
886	257.574	347.5	887	875	885	897	
887	257.574	352.024	876	886	898	1414	1415	
888	261.832	306.786	899	889	877	1329	1330	
889	261.832	311.31	890	878	888	900	
890	261.832	315.833	891	879	889	901	
891	261.832	320.357	892	880	890	902	
892	261.832	324.881	893	881	891	903	
893	261.832	329.405	894	882	892	904	
894	261.832	333.929	895	883	893	905	
895	261.832	338.452	896	884	894	906	
896	261.832	342.976	897	885	895	907	
897	261.832	347.5	898	886	896	908	
898	261.832	352.024	887	897	909	1413	1414	
899	266.089	306.786	910	900	888	1330	1331	
900	266.089	311.31	901	889	899	911	
901	266.089	315.833	902	890	900	912	
902	266.089	320.357	903	891	901	913	
903	266.089	324.881	904	892	902	914	
904	266.089	329.405	905	893	903	915	
905	266.089	333.929	906	894	904	916	
906	266.089	338.452	907	895	905	917	
907	266.089	342.976	908	896	906	918	
908	266.089	347.5	909	897	907	919	
909	266.089	352.024	898	908	920	1412	1413	
910	270.347	306.786	921	911	899	1331	1332	
911	270.347	311.31	912	900	910	922	
912	270.347	315.833	913	901	911	923	
913	270.347	320.357	914	902	912	924	
914	270.347	324.881	915	903	913	925	
915	270.347	329.405	916	904	914	926	
916	270.347	333.929	917	905	915	927	
917	270.347	338.452	918	906	916	928	
918	270.347	342.976	919	907	917	929	
919	270.347	347.5	920	908	918	930	
920	270.347	352.024	909	919	930	1411	1412	
921	274.604	306.786	931	922	910	1332	1333	
922	274.604	311.31	923	911	921	932	
923	274.604	315.833	924	912	922	933	
924	274.604	320.357	925	913	923	934	
925	274.604	324.881	926	914	924	935	
926	274.604	329.405	927	915	925	936	
927	274.604	333.929	928	916	926	937	
928	274.604	338.452	929	917	927	938	
929	274.604	342.976	930	918	928	939	
930	274.604	347.5	920	919	929	940	1410	1411	
931	278.861	306.786	941	932	921	1333	1334	
932	278.861	311.31	933	922	931	942	
933	278.861	315.833	934	923	932	943	
934	278.861	320.357	935	924	933	944	
935	278.861	324.881	936	925	934	945	
936	278.861	329.405	937	926	935	946	
937	278.861	333.929	938	927	936	947	
938	278.861	338.452	939	928	937	948	
939	278.861	342.976	940	929	938	949	
940	278.861	347.5	930	939	950	1409	1410	
941	283.119	306.786	951	942	931	1334	1335	
942	283.119	311.31	943	932	941	952	
943	283.119	315.833	944	933	942	953	
944	283.119	320.357	945	934	943	954	
945	283.119	324.881	946	935	944	955	
946	283.119	329.405	947	936	945	956	
947	283.119	333.929	948	937	946	957	
948	283.119	338.452	949	938	947	958	
949	283.119	342.976	950	939	948	959	
950	283.119	347.5	940	949	960	1409	
951	287.376	306.786	961	952	941	1335	1336	
952	287.376	311.31	953	942	951	962	
953	287.376	315.833	954	943	952	963	
954	287.376	320.357	955	944	953	964	
955	287.376	324.881	956	945	954	965	
956	287.376	329.405	957	946	955	966	
957	287.376	333.929	958	947	956	967	
958	287.376	338.452	959	948	957	968	
959	287.376	342.976	960	949	958	969	
960	287.376	347.5	950	959	970	1408	1409	
961	291.634	306.786	971	962	951	1336	1337	
962	291.634	311.31	963	952	961	972	
963	291.634	315.833	964	953	962	973	
964	291.634	320.357	965	954	963	974	
965	291.634	324.881	966	955	964	975	
966	291.634	329.405	967	956	965	976	
967	291.634	333.929	968	957	966	977	
968	291.634	338.452	969	958	967	978	
969	291.634	342.976	970	959	968	979	
970	291.634	347.5	960	969	980	1407	1408	
971	295.891	306.786	981	972	961	1337	1338	
972	295.891	311.31	973	962	971	982	
973	295.891	315.833	974	963	972	983	
974	295.891	320.357	975	964	973	984	
975	295.891	324.881	976	965	974	985	
976	295.891	329.405	977	966	975	986	
977	295.891	333.929	978	967	976	987	
978	295.891	338.452	979	968	977	988	
979	295.891	342.976	980	969	978	989	
980	295.891	347.5	970	979	990	1406	1407	
981	300.149	306.786	991	982	971	1338	1339	
982	300.149	311.31	983	972	981	992	
983	300.149	315.833	984	973	982	993	
984	300.149	320.357	985	974	983	994	
985	300.149	324.881	986	975	984	995	
986	300.149	329.405	987	976	985	996	
987	300.149	333.929	988	977	986	997	
988	300.149	338.452	989	978	987	998	
989	300.149	342.976	990	979	988	999	
990	300.149	347.5	980	989	1000	1405	1406	
991	304.406	306.786	1001	992	981	1339	1340	
992	304.406	311.31	993	982	991	1002	
993	304.406	315.833	994	983	992	1003	
994	304.406	320.357	995	984	993	1004	
995	304.406	324.881	996	985	994	1005	
996	304.406	329.405	997	986	995	1006	
997	304.406	333.929	998	987	996	1007	
998	304.406	338.452	999	988	997	1008	
999	304.406	342.976	1000	989	998	1009	
1000	304.406	347.5	990	999	1010	1404	1405	
1001	308.663	306.786	1011	1002	991	1340	1341	
1002	308.663	311.31	1003	992	1001	1012	
1003	308.663	315.833	1004	993	1002	1013	
1004	308.663	320.357	1005	994	1003	1014	
1005	308.663	324.881	1006	995	1004	1015	
1006	308.663	329.405	1007	996	1005	1016	
1007	308.663	333.929	1008	997	1006	1017	
1008	308.663	338.452	1009	998	1007	1018	
1009	308.663	342.976	1010	999	1008	1019	
1010	308.663	347.5	1000	1009	1020	1403	1404	
1011	312.921	306.786	1021	1012	1001	1341	1342	
1012	312.921	311.31	1013	1002	1011	1022	
1013	312.921	315.833	1014	1003	1012	1023	
1014	312.921	320.357	1015	1004	1013	1024	
1015	312.921	324.881	1016	1005	1014	1025	
1016	312.921	329.405	1017	1006	1015	1026	
1017	312.921	333.929	1018	1007	1016	1027	
1018	312.921	338.452	1019	1008	1017	1028	
1019	312.921	342.976	1020	1009	1018	1029	
1020	312.921	347.5	1010	1019	1030	1402	1403	
1021	317.178	306.786	1031	1022	1011	1342	1343	
1022	317.178	311.31	1023	1012	1021	1032	
1023	317.178	315.833	1024	1013	1022	1033	
1024	317.178	320.357	1025	1014	1023	1034	
1025	317.178	324.881	1026	1015	1024	1035	
1026	317.178	329.405	1027	1016	1025	1036	
1027	317.178	333.929	1028	1017	1026	1037	
1028	317.178	338.452	1029	1018	1027	1038	
1029	317.178	342.976	1030	1019	1028	1039	
1030	317.178	347.5	1020	1029	1040	1401	1402	
1031	321.436	306.786	1041	1032	1021	1343	1344	
1032	321.436	311.31	1033	1022	1031	1042	
1033	321.436	315.833	1034	1023	1032	1043	
1034	321.436	320.357	1035	1024	1033	1044	
1035	321.436	324.881	1036	1025	1034	1045	
1036	321.436	329.405	1037	1026	1035	1046	
1037	321.436	333.929	1038	1027	1036	1047	
1038	321.436	338.452	1039	1028	1037	1048	
1039	321.436	342.976	1040	1029	1038	1049	
1040	321.436	347.5	1030	1039	1050	1400	1401	
1041	325.693	306.786	1051	1042	1031	1344	1345	
1042	325.693	311.31	1043	1032	1041	1052	
1043	325.693	315.833	1044	1033	1042	1053	
1044	325.693	320.357	1045	1034	1043	1054	
1045	325.693	324.881	1046	1035	1044	1055	
1046	325.693	329.405	1047	1036	1045	1056	
1047	325.693	333.929	1048	1037	1046	1057	
1048	325.693	338.452	1049	1038	1047	1058	
1049	325.693	342.976	1050	1039	1048	1059	
1050	325.693	347.5	1040	1049	1060	1399	1400	
1051	329.95	306.786	1061	1052	1041	1345	1346	
1052	329.95	311.31	1053	1042	1051	1062	
1053	329.95	315.833	1054	1043	1052	1063	
1054	329.95	320.357	1055	1044	1053	1064	
1055	329.95	324.881	1056	1045	1054	1065	
1056	329.95	329.405	1057	1046	1055	1066	
1057	329.95	333.929	1058	1047	1056	1067	
1058	329.95	338.452	1059	1048	1057	1068	
1059	329.95	342.976	1060	1049	1058	1069	
1060	329.95	347.5	1050	1059	1070	1398	1399	
1061	334.208	306.786	1071	1062	1051	1346	1347	
1062	334.208	311.31	1063	1052	1061	1072	
1063	334.208	315.833	1064	1053	1062	1073	
1064	334.208	320.357	1065	1054	1063	1074	
1065	334.208	324.881	1066	1055	1064	1075	
1066	334.208	329.405	1067	1056	1065	1076	
1067	334.208	333.929	1068	1057	1066	1077	
1068	334.208	338.452	1069	1058	1067	1078	
1069	334.208	342.976	1070	1059	1068	1079	
1070	334.208	347.5	1060	1069	1080	1397	1398	
1071	338.465	306.786	1081	1072	1061	1347	1348	
1072	338.465	311.31	1073	1062	1071	1082	
1073	338.465	315.833	1074	1063	1072	1083	
1074	338.465	320.357	1075	1064	1073	1084	
1075	338.465	324.881	1076	1065	1074	1085	
1076	338.465	329.405	1077	1066	1075	1086	
1077	338.465	333.929	1078	1067	1076	1087	
1078	338.465	338.452	1079	1068	1077	1088	
1079	338.465	342.976	1080	1069	1078	1089	
1080	338.465	347.5	1070	1079	1090	1396	1397	
1081	342.723	306.786	1091	1082	1071	1348	1349	
1082	342.723	311.31	1083	1072	1081	1092	
1083	342.723	315.833	1084	1073	1082	1093	
1084	342.723	320.357	1085	1074	1083	1094	
1085	342.723	324.881	1086	1075	1084	1095	
1086	342.723	329.405	1087	1076	1085	1096	
1087	342.723	333.929	1088	1077	1086	1097	
1088	342.723	338.452	1089	1078	1087	1098	
1089	342.723	342.976	1090	1079	1088	1099	
1090	342.723	347.5	1080	1089	1100	1395	1396	
1091	346.98	306.786	1101	1092	1081	1349	1350	
1092	346.98	311.31	1093	1082	1091	1102	
1093	346.98	315.833	1094	1083	1092	1103	
1094	346.98	320.357	1095	1084	1093	1104	
1095	346.98	324.881	1096	1085	1094	1105	
1096	346.98	329.405	1097	1086	1095	1106	
1097	346.98	333.929	1098	1087	1096	1107	
1098	346.98	338.452	1099	1088	1097	1108	
1099	346.98	342.976	1100	1089	1098	1109	
1100	346.98	347.5	1090	1099	1110	1395	
1101	351.238	306.786	1111	1102	1091	1350	1351	
1102	351.238	311.31	1103	1092	1101	1112	
1103	351.238	315.833	1104	1093	1102	1113	
1104	351.238	320.357	1105	1094	1103	1114	
1105	351.238	324.881	1106	1095	1104	1115	
1106	351.238	329.405	1107	1096	1105	1116	
1107	351.238	333.929	1108	1097	1106	1117	
1108	351.238	338.452	1109	1098	1107	1118	
1109	351.238	342.976	1110	1099	1108	1119	
1110	351.238	347.5	1100	1109	1120	1394	1395	
1111	355.495	306.786	1121	1112	1101	1351	1352	
1112	355.495	311.31	1113	1102	1111	1122	
1113	355.495	315.833	1114	1103	1112	1123	
1114	355.495	320.357	1115	1104	1113	1124	
1115	355.495	324.881	1116	1105	1114	1125	
1116	355.495	329.405	1117	1106	1115	1126	
1117	355.495	333.929	1118	1107	1116	1127	
1118	355.495	338.452	1119	1108	1117	1128	
1119	355.495	342.976	1120	1109	1118	1129	
1120	355.495	347.5	1110	1119	1130	1393	1394	
1121	359.752	306.786	1131	1122	1111	1352	1353	
1122	359.752	311.31	1123	1112	1121	1132	
1123	359.752	315.833	1124	1113	1122	1133	
1124	359.752	320.357	1125	1114	1123	1134	
1125	359.752	324.881	1126	1115	1124	1135	
1126	359.752	329.405	1127	1116	1125	1136	
1127	359.752	333.929	1128	1117	1126	1137	
1128	359.752	338.452	1129	1118	1127	1138	
1129	359.752	342.976	1130	1119	1128	1139	
1130	359.752	347.5	1120	1129	1140	1392	1393	
1131	364.01	306.786	1141	1132	1121	1353	1354	
1132	364.01	311.31	1133	1122	1131	1142	
1133	364.01	315.833	1134	1123	1132	1143	
1134	364.01	320.357	1135	1124	1133	1144	
1135	364.01	324.881	1136	1125	1134	1145	
1136	364.01	329.405	1137	1126	1135	1146	
1137	364.01	333.929	1138	1127	1136	1147	
1138	364.01	338.452	1139	1128	1137	1148	
1139	364.01	342.976	1140	1129	1138	1149	
1140	364.01	347.5	1130	1139	1150	1391	1392	
1141	368.267	306.786	1151	1142	1131	1354	1355	
1142	368.267	311.31	1143	1132	1141	1152	
1143	368.267	315.833	1144	1133	1142	1153	
1144	368.267	320.357	1145	1134	1143	1154	
1145	368.267	324.881	1146	1135	1144	1155	
1146	368.267	329.405	1147	1136	1145	1156	
1147	368.267	333.929	1148	1137	1146	1157	
1148	368.267	338.452	1149	1138	1147	1158	
1149	368.267	342.976	1150	1139	1148	1159	
1150	368.267	347.5	1140	1149	1160	1390	1391	
1151	372.525	306.786	1161	1152	1141	1355	1356	
1152	372.525	311.31	1153	1142	1151	1162	
1153	372.525	315.833	1154	1143	1152	1163	
1154	372.525	320.357	1155	1144	1153	1164	
1155	372.525	324.881	1156	1145	1154	1165	
1156	372.525	329.405	1157	1146	1155	1166	
1157	372.525	333.929	1158	1147	1156	1167	
1158	372.525	338.452	1159	1148	1157	1168	
1159	372.525	342.976	1160	1149	1158	1169	
1160	372.525	347.5	1150	1159	1170	1389	1390	
1161	376.782	306.786	1171	1162	1151	1356	1357	
1162	376.782	311.31	1163	1152	1161	1172	
1163	376.782	315.833	1164	1153	1162	1173	
1164	376.782	320.357	1165	1154	1163	1174	
1165	376.782	324.881	1166	1155	1164	1175	
1166	376.782	329.405	1167	1156	1165	1176	
1167	376.782	333.929	1168	1157	1166	1177	
1168	376.782	338.452	1169	1158	1167	1178	
1169	376.782	342.976	1170	1159	1168	1179	
1170	376.782	347.5	1160	1169	1179	1388	1389	
1171	381.04	306.786	1180	1172	1161	1357	1358	
1172	381.04	311.31	1173	1162	1171	1181	
1173	381.04	315.833	1174	1163	1172	1182	
1174	381.04	320.357	1175	1164	1173	1183	
1175	381.04	324.881	1176	1165	1174	1184	
1176	381.04	329.405	1177	1166	1175	1185	
1177	381.04	333.929	1178	1167	1176	1186	
1178	381.04	338.452	1179	1168	1177	1187	
1179	381.04	342.976	1170	1169	1178	1188	1387	1388	
1180	385.297	306.786	1189	1181	1171	1358	1359	
1181	385.297	311.31	1182	1172	1180	1190	
1182	385.297	315.833	1183	1173	1181	1191	
1183	385.297	320.357	1184	1174	1182	1192	
1184	385.297	324.881	1185	1175	1183	1193	
1185	385.297	329.405	1186	1176	1184	1194	
1186	385.297	333.929	1187	1177	1185	1195	
1187	385.297	338.452	1188	1178	1186	1196	
1188	385.297	342.976	1179	1187	1197	1386	1387	
1189	389.554	306.786	1198	1190	1180	1359	1360	
1190	389.554	311.31	1191	1181	1189	1199	
1191	389.554	315.833	1192	1182	1190	1200	
1192	389.554	320.357	1193	1183	1191	1201	
1193	389.554	324.881	1194	1184	1192	1202	
1194	389.554	329.405	1195	1185	1193	1203	
1195	389.554	333.929	1196	1186	1194	1204	
1196	389.554	338.452	1197	1187	1195	1205	
1197	389.554	342.976	1188	1196	1206	1385	1386	
1198	393.812	306.786	1207	1199	1189	1360	1361	
1199	393.812	311.31	1200	1190	1198	1208	
1200	393.812	315.833	1201	1191	1199	1209	
1201	393.812	320.357	1202	1192	1200	1210	
1202	393.812	324.881	1203	1193	1201	1211	
1203	393.812	329.405	1204	1194	1202	1212	
1204	393.812	333.929	1205	1195	1203	1213	
1205	393.812	338.452	1206	1196	1204	1214	
1206	393.812	342.976	1197	1205	1215	1384	1385	
1207	398.069	306.786	1216	1208	1198	1361	1362	
1208	398.069	311.31	1209	1199	1207	1217	
1209	398.069	315.833	1210	1200	1208	1218	
1210	398.069	320.357	1211	1201	1209	1219	
1211	398.069	324.881	1212	1202	1210	1220	
1212	398.069	329.405	1213	1203	1211	1221	
1213	398.069	333.929	1214	1204	1212	1222	
1214	398.069	338.452	1215	1205	1213	1223	
1215	398.069	342.976	1206	1214	1224	1383	1384	
1216	402.327	306.786	1225	1217	1207	1362	1363	
1217	402.327	311.31	1218	1208	1216	1226	
1218	402.327	315.833	1219	1209	1217	1227	
1219	402.327	320.357	1220	1210	1218	1228	
1220	402.327	324.881	1221	1211	1219	1229	
1221	402.327	329.405	1222	1212	1220	1230	
1222	402.327	333.929	1223	1213	1221	1231	
1223	402.327	338.452	1224	1214	1222	1232	
1224	402.327	342.976	1215	1223	1233	1382	1383	
1225	406.584	306.786	1234	1226	1216	1363	1364	
1226	406.584	311.31	1227	1217	1225	1235	
1227	406.584	315.833	1228	1218	1226	1236	
1228	406.584	320.357	1229	1219	1227	1237	
1229	406.584	324.881	1230	1220	1228	1238	
1230	406.584	329.405	1231	1221	1229	1239	
1231	406.584	333.929	1232	1222	1230	1240	
1232	406.584	338.452	1233	1223	1231	1241	
1233	406.584	342.976	1224	1232	1242	1381	1382	
1234	410.842	306.786	1243	1235	1225	1364	1365	
1235	410.842	311.31	1236	1226	1234	1244	
1236	410.842	315.833	1237	1227	1235	1245	
1237	410.842	320.357	1238	1228	1236	1246	
1238	410.842	324.881	1239	1229	1237	1247	
1239	410.842	329.405	1240	1230	1238	1248	
1240	410.842	333.929	1241	1231	1239	1249	
1241	410.842	338.452	1242	1232	1240	1250	
1242	410.842	342.976	1233	1241	1251	1380	1381	
1243	415.099	306.786	1252	1244	1234	1365	1366	
1244	415.099	311.31	1245	1235	1243	1253	
1245	415.099	315.833	1246	1236	1244	1254	
1246	415.099	320.357	1247	1237	1245	1255	
1247	415.099	324.881	1248	1238	1246	1256	
1248	415.099	329.405	1249	1239	1247	1257	
1249	415.099	333.929	1250	1240	1248	1258	
1250	415.099	338.452	1251	1241	1249	1259	
1251	415.099	342.976	1242	1250	1260	1379	1380	
1252	419.356	306.786	1261	1253	1243	1366	1367	
1253	419.356	311.31	1254	1244	1252	1262	
1254	419.356	315.833	1255	1245	1253	1263	
1255	419.356	320.357	1256	1246	1254	1264	
1256	419.356	324.881	1257	1247	1255	1265	
1257	419.356	329.405	1258	1248	1256	1266	
1258	419.356	333.929	1259	1249	1257	1267	
1259	419.356	338.452	1260	1250	1258	1268	
1260	419.356	342.976	1251	1259	1269	1378	1379	
1261	423.614	306.786	1262	1252	1367	1368	1369	
1262	423.614	311.31	1263	1253	1261	1369	1370	
1263	423.614	315.833	1264	1254	1262	1370	1371	
1264	423.614	320.357	1265	1255	1263	1371	1372	
1265	423.614	324.881	1266	1256	1264	1372	1373	
1266	423.614	329.405	1267	1257	1265	1373	1374	
1267	423.614	333.929	1268	1258	1266	1374	1375	
1268	423.614	338.452	1269	1259	1267	1375	1376	
1269	423.614	342.976	1260	1268	1376	1377	1378	
1270	6.45	302.15	1488	1271	20	1	
1271	10.75	302.15	1270	1272	39	20	
1272	15.05	302.15	1271	1273	58	39	
1273	19.35	302.15	1272	1274	77	58	
1274	23.65	302.15	1273	1275	96	77	
1275	27.95	302.15	1274	1276	114	96	
1276	32.25	302.15	1275	1277	132	114	
1277	36.55	302.15	1276	1278	150	132	
1278	40.85	302.15	1277	1279	168	150	
1279	45.15	302.15	1278	1280	186	168	
1280	49.45	302.15	1279	1281	204	186	
1281	53.75	302.15	1280	1282	221	204	
1282	58.05	302.15	1281	1283	238	221	
1283	62.35	302.15	1282	1284	255	238	
1284	66.65	302.15	1283	1285	272	255	
1285	70.95	302.15	1284	1286	289	272	
1286	75.25	302.15	1285	1287	305	289	
1287	79.55	302.15	1286	1288	321	305	
1288	83.85	302.15	1287	1289	337	321	
1289	88.15	302.15	1288	1290	353	337	
1290	92.45	302.15	1289	1291	369	353	
1291	96.75	302.15	1290	1292	384	369	
1292	101.05	302.15	1291	1293	399	384	
1293	105.35	302.15	1292	1294	414	399	
1294	109.65	302.15	1293	1295	429	414	
1295	113.95	302.15	1294	1296	444	429	
1296	118.25	302.15	1295	1297	459	444	
1297	122.55	302.15	1296	1298	474	459	
1298	126.85	302.15	1297	1299	488	474	
1299	131.15	302.15	1298	1300	502	488	
1300	135.45	302.15	1299	1301	516	502	
1301	139.75	302.15	1300	1302	530	516	
1302	144.05	302.15	1301	1303	544	530	
1303	148.35	302.15	1302	1304	558	544	
1304	152.65	302.15	1303	1305	572	558	
1305	156.95	302.15	1304	1306	586	572	
1306	161.25	302.15	1305	1307	600	586	
1307	165.55	302.15	1306	1308	614	600	
1308	169.85	302.15	1307	1309	628	614	
1309	174.15	302.15	1308	1310	642	628	
1310	178.45	302.15	1309	1311	655	642	
1311	182.75	302.15	1310	1312	668	655	
1312	187.05	302.15	1311	1313	681	668	
1313	191.35	302.15	1312	1314	694	681	
1314	195.65	302.15	1313	1315	707	694	
1315	199.95	302.15	1314	1316	720	707	
1316	204.25	302.15	1315	1317	732	720	
1317	208.55	302.15	1316	1318	745	732	
1318	212.85	302.15	1317	1319	758	745	
1319	217.15	302.15	1318	1320	771	758	
1320	221.45	302.15	1319	1321	783	771	
1321	225.75	302.15	1320	1322	795	783	
1322	230.05	302.15	1321	1323	807	795	
1323	234.35	302.15	1322	1324	819	807	
1324	238.65	302.15	1323	1325	831	819	
1325	242.95	302.15	1324	1326	843	831	
1326	247.25	302.15	1325	1327	855	843	
1327	251.55	302.15	1326	1328	866	855	
1328	255.85	302.15	1327	1329	877	866	
1329	260.15	302.15	1328	1330	888	877	
1330	264.45	302.15	1329	1331	899	888	
1331	268.75	302.15	1330	1332	910	899	
1332	273.05	302.15	1331	1333	921	910	
1333	277.35	302.15	1332	1334	931	921	
1334	281.65	302.15	1333	1335	941	931	
1335	285.95	302.15	1334	1336	951	941	
1336	290.25	302.15	1335	1337	961	951	
1337	294.55	302.15	1336	1338	971	961	
1338	298.85	302.15	1337	1339	981	971	
1339	303.15	302.15	1338	1340	991	981	
1340	307.45	302.15	1339	1341	1001	991	
1341	311.75	302.15	1340	1342	1011	1001	
1342	316.05	302.15	1341	1343	1021	1011	
1343	320.35	302.15	1342	1344	1031	1021	
1344	324.65	302.15	1343	1345	1041	1031	
1345	328.95	302.15	1344	1346	1051	1041	
1346	333.25	302.15	1345	1347	1061	1051	
1347	337.55	302.15	1346	1348	1071	1061	
1348	341.85	302.15	1347	1349	1081	1071	
1349	346.15	302.15	1348	1350	1091	1081	
1350	350.45	302.15	1349	1351	1101	1091	
1351	354.75	302.15	1350	1352	1111	1101	
1352	359.05	302.15	1351	1353	1121	1111	
1353	363.35	302.15	1352	1354	1131	1121	
1354	367.65	302.15	1353	1355	1141	1131	
1355	371.95	302.15	1354	1356	1151	1141	
1356	376.25	302.15	1355	1357	1161	1151	
1357	380.55	302.15	1356	1358	1171	1161	
1358	384.85	302.15	1357	1359	1180	1171	
1359	389.15	302.15	1358	1360	1189	1180	
1360	393.45	302.15	1359	1361	1198	1189	
1361	397.75	302.15	1360	1362	1207	1198	
1362	402.05	302.15	1361	1363	1216	1207	
1363	406.35	302.15	1362	1364	1225	1216	
1364	410.65	302.15	1363	1365	1234	1225	
1365	414.95	302.15	1364	1366	1243	1234	
1366	419.25	302.15	1365	1367	1252	1243	
1367	423.55	302.15	1366	1368	1261	1252	
1368	427.5	302.5	1367	1369	1261	
1369	427.5	307.5	1368	1370	1262	1261	
1370	427.5	312.5	1369	1371	1263	1262	
1371	427.5	317.5	1370	1372	1264	1263	
1372	427.5	322.5	1371	1373	1265	1264	
1373	427.5	327.5	1372	1374	1266	1265	
1374	427.5	332.5	1373	1375	1267	1266	
1375	427.5	337.5	1374	1376	1268	1267	
1376	427.5	342.5	1375	1377	1269	1268	
1377	427.722	347.833	1376	1378	1269	
1378	423.278	347.944	1377	1379	1260	1269	
1379	418.833	348.056	1378	1380	1251	1260	
1380	414.389	348.167	1379	1381	1242	1251	
1381	409.944	348.278	1380	1382	1233	1242	
1382	405.5	348.389	1381	1383	1224	1233	
1383	401.056	348.5	1382	1384	1215	1224	
1384	396.611	348.611	1383	1385	1206	1215	
1385	392.167	348.722	1384	1386	1197	1206	
1386	387.571	348.929	1385	1387	1188	1197	
1387	383.071	349.286	1386	1388	1179	1188	
1388	378.571	349.643	1387	1389	1170	1179	
1389	374.071	350	1388	1390	1160	1170	
1390	369.571	350.357	1389	1391	1150	1160	
1391	365.071	350.714	1390	1392	1140	1150	
1392	360.571	351.071	1391	1393	1130	1140	
1393	356.071	351.429	1392	1394	1120	1130	
1394	351.571	351.786	1393	1395	1110	1120	
1395	347.071	352.143	1394	1396	1090	1100	1110	
1396	342.571	352.5	1395	1397	1080	1090	
1397	338.071	352.857	1396	1398	1070	1080	
1398	333.571	353.214	1397	1399	1060	1070	
1399	329.071	353.571	1398	1400	1050	1060	
1400	324.722	353.722	1399	1401	1040	1050	
1401	320.167	353.722	1400	1402	1030	1040	
1402	315.611	353.722	1401	1403	1020	1030	
1403	311.056	353.722	1402	1404	1010	1020	
1404	306.5	353.722	1403	1405	1000	1010	
1405	301.944	353.722	1404	1406	990	1000	
1406	297.389	353.722	1405	1407	980	990	
1407	292.833	353.722	1406	1408	970	980	
1408	288.278	353.722	1407	1409	960	970	
1409	283	353.667	1408	1410	940	950	960	
1410	277.667	354.333	1409	1411	930	940	
1411	272.333	355	1410	1412	920	930	
1412	267.393	356.036	1411	1413	909	920	
1413	262.821	356.679	1412	1414	898	909	
1414	258.25	357.321	1413	1415	887	898	
1415	253.679	357.964	1414	1416	865	876	887	
1416	249.107	358.607	1415	1417	854	865	
1417	244.536	359.25	1416	1418	842	854	
1418	239.964	359.893	1417	1419	830	842	
1419	235.393	360.536	1418	1420	818	830	
1420	230.821	361.179	1419	1421	806	818	
1421	226.25	361.821	1420	1422	794	806	
1422	221.679	362.464	1421	1423	782	794	
1423	217.107	363.107	1422	1424	770	782	
1424	212.536	363.75	1423	1425	757	770	
1425	207.964	364.393	1424	1426	744	757	
1426	202	364	1425	1427	719	731	744	
1427	196.55	365.95	1426	1428	706	719	
1428	192.05	366.35	1427	1429	693	706	
1429	187.55	366.75	1428	1430	680	693	
1430	183.05	367.15	1429	1431	667	680	
1431	178.55	367.55	1430	1432	641	654	667	
1432	174.05	367.95	1431	1433	641	
1433	169.55	368.35	1432	1434	627	641	
1434	165.05	368.75	1433	1435	613	627	
1435	160.55	369.15	1434	1436	599	613	
1436	156.05	369.55	1435	1437	585	599	
1437	151.55	369.95	1436	1438	571	585	
1438	147.05	370.35	1437	1439	543	557	571	
1439	142.55	370.75	1438	1440	529	543	
1440	138.05	371.15	1439	1441	515	529	
1441	133.55	371.55	1440	1442	501	515	
1442	129.05	371.95	1441	1443	487	501	
1443	124.55	372.35	1442	1444	473	487	
1444	120.05	372.75	1443	1445	458	473	
1445	115.55	373.15	1444	1446	443	458	
1446	111.05	373.55	1445	1447	428	443	
1447	106.25	374.25	1446	1448	413	428	
1448	101.75	375.25	1447	1449	398	413	
1449	97.25	376.25	1448	1450	368	383	398	
1450	92.75	377.25	1449	1451	368	
1451	88.2083	378.208	1450	1452	352	368	
1452	83.625	379.208	1451	1453	320	336	352	
1453	79.0417	380.208	1452	1454	304	320	
1454	74.4583	381.208	1453	1455	288	304	
1455	69.875	382.208	1454	1456	271	288	
1456	65.2917	383.208	1455	1457	254	271	
1457	60.7083	384.208	1456	1458	237	254	
1458	56.125	385.208	1457	1459	220	237	
1459	51.5417	386.208	1458	1460	203	220	
1460	46.9583	387.208	1459	1461	185	203	
1461	42.375	388.208	1460	1462	167	185	
1462	37.7917	389.208	1461	1463	149	167	
1463	33.1667	389.833	1462	1464	131	149	
1464	28.1667	390.5	1463	1465	95	113	131	
1465	23.1667	391.167	1464	1466	76	95	
1466	18.25	391.5	1465	1467	57	76	
1467	13	391.75	1466	1468	38	57	
1468	7.75	392	1467	1469	19	38	
1469	2.375	392.625	1468	1470	19	
1470	2.375	387.875	1469	1471	18	19	
1471	2.375	383.125	1470	1472	17	18	
1472	2.375	378.375	1471	1473	16	17	
1473	2.375	373.625	1472	1474	15	16	
1474	2.375	368.875	1473	1475	14	15	
1475	2.375	364.125	1474	1476	13	14	
1476	2.375	359.375	1475	1477	12	13	
1477	2.375	354.625	1476	1478	11	12	
1478	2.375	349.875	1477	1479	10	11	
1479	2.375	345.125	1478	1480	9	10	
1480	2.375	340.375	1479	1481	8	9	
1481	2.375	335.625	1480	1482	7	8	
1482	2.375	330.875	1481	1483	6	7	
1483	2.375	326.125	1482	1484	5	6	
1484	2.375	321.375	1483	1485	4	5	
1485	2.375	316.625	1484	1486	3	4	
1486	2.375	311.875	1485	1487	2	3	
1487	2.375	307.125	1486	1488	1	2	
1488	2.375	302.375	1487	1270	1	
