# R2D2 grid information
0	6.386138614	306.7857143	0
1	6.386138614	311.3095238	0
2	6.386138614	315.8333333	0
3	6.386138614	320.3571429	0
4	6.386138614	324.8809524	0
5	6.386138614	329.4047619	0
6	6.386138614	333.9285714	0
7	6.386138614	338.452381	0
8	6.386138614	342.9761905	0
9	6.386138614	347.5	0
10	6.386138614	352.0238095	0
11	6.386138614	356.547619	0
12	6.386138614	361.0714286	0
13	6.386138614	365.5952381	0
14	6.386138614	370.1190476	0
15	6.386138614	374.6428571	0
16	6.386138614	379.1666667	0
17	6.386138614	383.6904762	0
18	6.386138614	388.2142857	0
19	10.64356436	306.7857143	0
20	10.64356436	311.3095238	0
21	10.64356436	315.8333333	0
22	10.64356436	320.3571429	0
23	10.64356436	324.8809524	0
24	10.64356436	329.4047619	0
25	10.64356436	333.9285714	0
26	10.64356436	338.452381	0
27	10.64356436	342.9761905	0
28	10.64356436	347.5	0
29	10.64356436	352.0238095	0
30	10.64356436	356.547619	0
31	10.64356436	361.0714286	0
32	10.64356436	365.5952381	0
33	10.64356436	370.1190476	0
34	10.64356436	374.6428571	0
35	10.64356436	379.1666667	0
36	10.64356436	383.6904762	0
37	10.64356436	388.2142857	0
38	14.9009901	306.7857143	0
39	14.9009901	311.3095238	0
40	14.9009901	315.8333333	0
41	14.9009901	320.3571429	0
42	14.9009901	324.8809524	0
43	14.9009901	329.4047619	0
44	14.9009901	333.9285714	0
45	14.9009901	338.452381	0
46	14.9009901	342.9761905	0
47	14.9009901	347.5	0
48	14.9009901	352.0238095	0
49	14.9009901	356.547619	0
50	14.9009901	361.0714286	0
51	14.9009901	365.5952381	0
52	14.9009901	370.1190476	0
53	14.9009901	374.6428571	0
54	14.9009901	379.1666667	0
55	14.9009901	383.6904762	0
56	14.9009901	388.2142857	0
57	19.15841584	306.7857143	0
58	19.15841584	311.3095238	0
59	19.15841584	315.8333333	0
60	19.15841584	320.3571429	0
61	19.15841584	324.8809524	0
62	19.15841584	329.4047619	0
63	19.15841584	333.9285714	0
64	19.15841584	338.452381	0
65	19.15841584	342.9761905	0
66	19.15841584	347.5	0
67	19.15841584	352.0238095	0
68	19.15841584	356.547619	0
69	19.15841584	361.0714286	0
70	19.15841584	365.5952381	0
71	19.15841584	370.1190476	0
72	19.15841584	374.6428571	0
73	19.15841584	379.1666667	0
74	19.15841584	383.6904762	0
75	19.15841584	388.2142857	0
76	23.41584158	306.7857143	0
77	23.41584158	311.3095238	0
78	23.41584158	315.8333333	0
79	23.41584158	320.3571429	0
80	23.41584158	324.8809524	0
81	23.41584158	329.4047619	0
82	23.41584158	333.9285714	0
83	23.41584158	338.452381	0
84	23.41584158	342.9761905	0
85	23.41584158	347.5	0
86	23.41584158	352.0238095	0
87	23.41584158	356.547619	0
88	23.41584158	361.0714286	0
89	23.41584158	365.5952381	0
90	23.41584158	370.1190476	0
91	23.41584158	374.6428571	0
92	23.41584158	379.1666667	0
93	23.41584158	383.6904762	0
94	23.41584158	388.2142857	0
95	27.67326733	306.7857143	0
96	27.67326733	311.3095238	0
97	27.67326733	315.8333333	0
98	27.67326733	320.3571429	0
99	27.67326733	324.8809524	0
100	27.67326733	329.4047619	0
101	27.67326733	333.9285714	0
102	27.67326733	338.452381	0
103	27.67326733	342.9761905	0
104	27.67326733	347.5	0
105	27.67326733	352.0238095	0
106	27.67326733	356.547619	0
107	27.67326733	361.0714286	0
108	27.67326733	365.5952381	0
109	27.67326733	370.1190476	0
110	27.67326733	374.6428571	0
111	27.67326733	379.1666667	0
112	27.67326733	383.6904762	0
113	31.93069307	306.7857143	0
114	31.93069307	311.3095238	0
115	31.93069307	315.8333333	0
116	31.93069307	320.3571429	0
117	31.93069307	324.8809524	0
118	31.93069307	329.4047619	0
119	31.93069307	333.9285714	0
120	31.93069307	338.452381	0
121	31.93069307	342.9761905	0
122	31.93069307	347.5	0
123	31.93069307	352.0238095	0
124	31.93069307	356.547619	0
125	31.93069307	361.0714286	0
126	31.93069307	365.5952381	0
127	31.93069307	370.1190476	0
128	31.93069307	374.6428571	0
129	31.93069307	379.1666667	0
130	31.93069307	383.6904762	0
131	36.18811881	306.7857143	0
132	36.18811881	311.3095238	0
133	36.18811881	315.8333333	0
134	36.18811881	320.3571429	0
135	36.18811881	324.8809524	0
136	36.18811881	329.4047619	0
137	36.18811881	333.9285714	0
138	36.18811881	338.452381	0
139	36.18811881	342.9761905	0
140	36.18811881	347.5	0
141	36.18811881	352.0238095	0
142	36.18811881	356.547619	0
143	36.18811881	361.0714286	0
144	36.18811881	365.5952381	0
145	36.18811881	370.1190476	0
146	36.18811881	374.6428571	0
147	36.18811881	379.1666667	0
148	36.18811881	383.6904762	0
149	40.44554455	306.7857143	0
150	40.44554455	311.3095238	0
151	40.44554455	315.8333333	0
152	40.44554455	320.3571429	0
153	40.44554455	324.8809524	0
154	40.44554455	329.4047619	0
155	40.44554455	333.9285714	0
156	40.44554455	338.452381	0
157	40.44554455	342.9761905	0
158	40.44554455	347.5	0
159	40.44554455	352.0238095	0
160	40.44554455	356.547619	0
161	40.44554455	361.0714286	0
162	40.44554455	365.5952381	0
163	40.44554455	370.1190476	0
164	40.44554455	374.6428571	0
165	40.44554455	379.1666667	0
166	40.44554455	383.6904762	0
167	44.7029703	306.7857143	0
168	44.7029703	311.3095238	0
169	44.7029703	315.8333333	0
170	44.7029703	320.3571429	0
171	44.7029703	324.8809524	0
172	44.7029703	329.4047619	0
173	44.7029703	333.9285714	0
174	44.7029703	338.452381	0
175	44.7029703	342.9761905	0
176	44.7029703	347.5	0
177	44.7029703	352.0238095	0
178	44.7029703	356.547619	0
179	44.7029703	361.0714286	0
180	44.7029703	365.5952381	0
181	44.7029703	370.1190476	0
182	44.7029703	374.6428571	0
183	44.7029703	379.1666667	0
184	44.7029703	383.6904762	0
185	48.96039604	306.7857143	0
186	48.96039604	311.3095238	0
187	48.96039604	315.8333333	0
188	48.96039604	320.3571429	0
189	48.96039604	324.8809524	0
190	48.96039604	329.4047619	0
191	48.96039604	333.9285714	0
192	48.96039604	338.452381	0
193	48.96039604	342.9761905	0
194	48.96039604	347.5	0
195	48.96039604	352.0238095	0
196	48.96039604	356.547619	0
197	48.96039604	361.0714286	0
198	48.96039604	365.5952381	0
199	48.96039604	370.1190476	0
200	48.96039604	374.6428571	0
201	48.96039604	379.1666667	0
202	48.96039604	383.6904762	0
203	53.21782178	306.7857143	0
204	53.21782178	311.3095238	0
205	53.21782178	315.8333333	0
206	53.21782178	320.3571429	0
207	53.21782178	324.8809524	0
208	53.21782178	329.4047619	0
209	53.21782178	333.9285714	0
210	53.21782178	338.452381	0
211	53.21782178	342.9761905	0
212	53.21782178	347.5	0
213	53.21782178	352.0238095	0
214	53.21782178	356.547619	0
215	53.21782178	361.0714286	0
216	53.21782178	365.5952381	0
217	53.21782178	370.1190476	0
218	53.21782178	374.6428571	0
219	53.21782178	379.1666667	0
220	57.47524752	306.7857143	0
221	57.47524752	311.3095238	0
222	57.47524752	315.8333333	0
223	57.47524752	320.3571429	0
224	57.47524752	324.8809524	0
225	57.47524752	329.4047619	0
226	57.47524752	333.9285714	0
227	57.47524752	338.452381	0
228	57.47524752	342.9761905	0
229	57.47524752	347.5	0
230	57.47524752	352.0238095	0
231	57.47524752	356.547619	0
232	57.47524752	361.0714286	0
233	57.47524752	365.5952381	0
234	57.47524752	370.1190476	0
235	57.47524752	374.6428571	0
236	57.47524752	379.1666667	0
237	61.73267327	306.7857143	0
238	61.73267327	311.3095238	0
239	61.73267327	315.8333333	0
240	61.73267327	320.3571429	0
241	61.73267327	324.8809524	0
242	61.73267327	329.4047619	0
243	61.73267327	333.9285714	0
244	61.73267327	338.452381	0
245	61.73267327	342.9761905	0
246	61.73267327	347.5	0
247	61.73267327	352.0238095	0
248	61.73267327	356.547619	0
249	61.73267327	361.0714286	0
250	61.73267327	365.5952381	0
251	61.73267327	370.1190476	0
252	61.73267327	374.6428571	0
253	61.73267327	379.1666667	0
254	65.99009901	306.7857143	0
255	65.99009901	311.3095238	0
256	65.99009901	315.8333333	0
257	65.99009901	320.3571429	0
258	65.99009901	324.8809524	0
259	65.99009901	329.4047619	0
260	65.99009901	333.9285714	0
261	65.99009901	338.452381	0
262	65.99009901	342.9761905	0
263	65.99009901	347.5	0
264	65.99009901	352.0238095	0
265	65.99009901	356.547619	0
266	65.99009901	361.0714286	0
267	65.99009901	365.5952381	0
268	65.99009901	370.1190476	0
269	65.99009901	374.6428571	0
270	65.99009901	379.1666667	0
271	70.24752475	306.7857143	0
272	70.24752475	311.3095238	0
273	70.24752475	315.8333333	0
274	70.24752475	320.3571429	0
275	70.24752475	324.8809524	0
276	70.24752475	329.4047619	0
277	70.24752475	333.9285714	0
278	70.24752475	338.452381	0
279	70.24752475	342.9761905	0
280	70.24752475	347.5	0
281	70.24752475	352.0238095	0
282	70.24752475	356.547619	0
283	70.24752475	361.0714286	0
284	70.24752475	365.5952381	0
285	70.24752475	370.1190476	0
286	70.24752475	374.6428571	0
287	70.24752475	379.1666667	0
288	74.5049505	306.7857143	0
289	74.5049505	311.3095238	0
290	74.5049505	315.8333333	0
291	74.5049505	320.3571429	0
292	74.5049505	324.8809524	0
293	74.5049505	329.4047619	0
294	74.5049505	333.9285714	0
295	74.5049505	338.452381	0
296	74.5049505	342.9761905	0
297	74.5049505	347.5	0
298	74.5049505	352.0238095	0
299	74.5049505	356.547619	0
300	74.5049505	361.0714286	0
301	74.5049505	365.5952381	0
302	74.5049505	370.1190476	0
303	74.5049505	374.6428571	0
304	78.76237624	306.7857143	0
305	78.76237624	311.3095238	0
306	78.76237624	315.8333333	0
307	78.76237624	320.3571429	0
308	78.76237624	324.8809524	0
309	78.76237624	329.4047619	0
310	78.76237624	333.9285714	0
311	78.76237624	338.452381	0
312	78.76237624	342.9761905	0
313	78.76237624	347.5	0
314	78.76237624	352.0238095	0
315	78.76237624	356.547619	0
316	78.76237624	361.0714286	0
317	78.76237624	365.5952381	0
318	78.76237624	370.1190476	0
319	78.76237624	374.6428571	0
320	83.01980198	306.7857143	0
321	83.01980198	311.3095238	0
322	83.01980198	315.8333333	0
323	83.01980198	320.3571429	0
324	83.01980198	324.8809524	0
325	83.01980198	329.4047619	0
326	83.01980198	333.9285714	0
327	83.01980198	338.452381	0
328	83.01980198	342.9761905	0
329	83.01980198	347.5	0
330	83.01980198	352.0238095	0
331	83.01980198	356.547619	0
332	83.01980198	361.0714286	0
333	83.01980198	365.5952381	0
334	83.01980198	370.1190476	0
335	83.01980198	374.6428571	0
336	87.27722772	306.7857143	0
337	87.27722772	311.3095238	0
338	87.27722772	315.8333333	0
339	87.27722772	320.3571429	0
340	87.27722772	324.8809524	0
341	87.27722772	329.4047619	0
342	87.27722772	333.9285714	0
343	87.27722772	338.452381	0
344	87.27722772	342.9761905	0
345	87.27722772	347.5	0
346	87.27722772	352.0238095	0
347	87.27722772	356.547619	0
348	87.27722772	361.0714286	0
349	87.27722772	365.5952381	0
350	87.27722772	370.1190476	0
351	87.27722772	374.6428571	0
352	91.53465347	306.7857143	0
353	91.53465347	311.3095238	0
354	91.53465347	315.8333333	0
355	91.53465347	320.3571429	0
356	91.53465347	324.8809524	0
357	91.53465347	329.4047619	0
358	91.53465347	333.9285714	0
359	91.53465347	338.452381	0
360	91.53465347	342.9761905	0
361	91.53465347	347.5	0
362	91.53465347	352.0238095	0
363	91.53465347	356.547619	0
364	91.53465347	361.0714286	0
365	91.53465347	365.5952381	0
366	91.53465347	370.1190476	0
367	91.53465347	374.6428571	0
368	95.79207921	306.7857143	0
369	95.79207921	311.3095238	0
370	95.79207921	315.8333333	0
371	95.79207921	320.3571429	0
372	95.79207921	324.8809524	0
373	95.79207921	329.4047619	0
374	95.79207921	333.9285714	0
375	95.79207921	338.452381	0
376	95.79207921	342.9761905	0
377	95.79207921	347.5	0
378	95.79207921	352.0238095	0
379	95.79207921	356.547619	0
380	95.79207921	361.0714286	0
381	95.79207921	365.5952381	0
382	95.79207921	370.1190476	0
383	100.049505	306.7857143	0
384	100.049505	311.3095238	0
385	100.049505	315.8333333	0
386	100.049505	320.3571429	0
387	100.049505	324.8809524	0
388	100.049505	329.4047619	0
389	100.049505	333.9285714	0
390	100.049505	338.452381	0
391	100.049505	342.9761905	0
392	100.049505	347.5	0
393	100.049505	352.0238095	0
394	100.049505	356.547619	0
395	100.049505	361.0714286	0
396	100.049505	365.5952381	0
397	100.049505	370.1190476	0
398	104.3069307	306.7857143	0
399	104.3069307	311.3095238	0
400	104.3069307	315.8333333	0
401	104.3069307	320.3571429	0
402	104.3069307	324.8809524	0
403	104.3069307	329.4047619	0
404	104.3069307	333.9285714	0
405	104.3069307	338.452381	0
406	104.3069307	342.9761905	0
407	104.3069307	347.5	0
408	104.3069307	352.0238095	0
409	104.3069307	356.547619	0
410	104.3069307	361.0714286	0
411	104.3069307	365.5952381	0
412	104.3069307	370.1190476	0
413	108.5643564	306.7857143	0
414	108.5643564	311.3095238	0
415	108.5643564	315.8333333	0
416	108.5643564	320.3571429	0
417	108.5643564	324.8809524	0
418	108.5643564	329.4047619	0
419	108.5643564	333.9285714	0
420	108.5643564	338.452381	0
421	108.5643564	342.9761905	0
422	108.5643564	347.5	0
423	108.5643564	352.0238095	0
424	108.5643564	356.547619	0
425	108.5643564	361.0714286	0
426	108.5643564	365.5952381	0
427	108.5643564	370.1190476	0
428	112.8217822	306.7857143	0
429	112.8217822	311.3095238	0
430	112.8217822	315.8333333	0
431	112.8217822	320.3571429	0
432	112.8217822	324.8809524	0
433	112.8217822	329.4047619	0
434	112.8217822	333.9285714	0
435	112.8217822	338.452381	0
436	112.8217822	342.9761905	0
437	112.8217822	347.5	0
438	112.8217822	352.0238095	0
439	112.8217822	356.547619	0
440	112.8217822	361.0714286	0
441	112.8217822	365.5952381	0
442	112.8217822	370.1190476	0
443	117.0792079	306.7857143	0
444	117.0792079	311.3095238	0
445	117.0792079	315.8333333	0
446	117.0792079	320.3571429	0
447	117.0792079	324.8809524	0
448	117.0792079	329.4047619	0
449	117.0792079	333.9285714	0
450	117.0792079	338.452381	0
451	117.0792079	342.9761905	0
452	117.0792079	347.5	0
453	117.0792079	352.0238095	0
454	117.0792079	356.547619	0
455	117.0792079	361.0714286	0
456	117.0792079	365.5952381	0
457	117.0792079	370.1190476	0
458	121.3366337	306.7857143	0
459	121.3366337	311.3095238	0
460	121.3366337	315.8333333	0
461	121.3366337	320.3571429	0
462	121.3366337	324.8809524	0
463	121.3366337	329.4047619	0
464	121.3366337	333.9285714	0
465	121.3366337	338.452381	0
466	121.3366337	342.9761905	0
467	121.3366337	347.5	0
468	121.3366337	352.0238095	0
469	121.3366337	356.547619	0
470	121.3366337	361.0714286	0
471	121.3366337	365.5952381	0
472	121.3366337	370.1190476	0
473	125.5940594	306.7857143	0
474	125.5940594	311.3095238	0
475	125.5940594	315.8333333	0
476	125.5940594	320.3571429	0
477	125.5940594	324.8809524	0
478	125.5940594	329.4047619	0
479	125.5940594	333.9285714	0
480	125.5940594	338.452381	0
481	125.5940594	342.9761905	0
482	125.5940594	347.5	0
483	125.5940594	352.0238095	0
484	125.5940594	356.547619	0
485	125.5940594	361.0714286	0
486	125.5940594	365.5952381	0
487	129.8514851	306.7857143	0
488	129.8514851	311.3095238	0
489	129.8514851	315.8333333	0
490	129.8514851	320.3571429	0
491	129.8514851	324.8809524	0
492	129.8514851	329.4047619	0
493	129.8514851	333.9285714	0
494	129.8514851	338.452381	0
495	129.8514851	342.9761905	0
496	129.8514851	347.5	0
497	129.8514851	352.0238095	0
498	129.8514851	356.547619	0
499	129.8514851	361.0714286	0
500	129.8514851	365.5952381	0
501	134.1089109	306.7857143	0
502	134.1089109	311.3095238	0
503	134.1089109	315.8333333	0
504	134.1089109	320.3571429	0
505	134.1089109	324.8809524	0
506	134.1089109	329.4047619	0
507	134.1089109	333.9285714	0
508	134.1089109	338.452381	0
509	134.1089109	342.9761905	0
510	134.1089109	347.5	0
511	134.1089109	352.0238095	0
512	134.1089109	356.547619	0
513	134.1089109	361.0714286	0
514	134.1089109	365.5952381	0
515	138.3663366	306.7857143	0
516	138.3663366	311.3095238	0
517	138.3663366	315.8333333	0
518	138.3663366	320.3571429	0
519	138.3663366	324.8809524	0
520	138.3663366	329.4047619	0
521	138.3663366	333.9285714	0
522	138.3663366	338.452381	0
523	138.3663366	342.9761905	0
524	138.3663366	347.5	0
525	138.3663366	352.0238095	0
526	138.3663366	356.547619	0
527	138.3663366	361.0714286	0
528	138.3663366	365.5952381	0
529	142.6237624	306.7857143	0
530	142.6237624	311.3095238	0
531	142.6237624	315.8333333	0
532	142.6237624	320.3571429	0
533	142.6237624	324.8809524	0
534	142.6237624	329.4047619	0
535	142.6237624	333.9285714	0
536	142.6237624	338.452381	0
537	142.6237624	342.9761905	0
538	142.6237624	347.5	0
539	142.6237624	352.0238095	0
540	142.6237624	356.547619	0
541	142.6237624	361.0714286	0
542	142.6237624	365.5952381	0
543	146.8811881	306.7857143	0
544	146.8811881	311.3095238	0
545	146.8811881	315.8333333	0
546	146.8811881	320.3571429	0
547	146.8811881	324.8809524	0
548	146.8811881	329.4047619	0
549	146.8811881	333.9285714	0
550	146.8811881	338.452381	0
551	146.8811881	342.9761905	0
552	146.8811881	347.5	0
553	146.8811881	352.0238095	0
554	146.8811881	356.547619	0
555	146.8811881	361.0714286	0
556	146.8811881	365.5952381	0
557	151.1386139	306.7857143	0
558	151.1386139	311.3095238	0
559	151.1386139	315.8333333	0
560	151.1386139	320.3571429	0
561	151.1386139	324.8809524	0
562	151.1386139	329.4047619	0
563	151.1386139	333.9285714	0
564	151.1386139	338.452381	0
565	151.1386139	342.9761905	0
566	151.1386139	347.5	0
567	151.1386139	352.0238095	0
568	151.1386139	356.547619	0
569	151.1386139	361.0714286	0
570	151.1386139	365.5952381	0
571	155.3960396	306.7857143	0
572	155.3960396	311.3095238	0
573	155.3960396	315.8333333	0
574	155.3960396	320.3571429	0
575	155.3960396	324.8809524	0
576	155.3960396	329.4047619	0
577	155.3960396	333.9285714	0
578	155.3960396	338.452381	0
579	155.3960396	342.9761905	0
580	155.3960396	347.5	0
581	155.3960396	352.0238095	0
582	155.3960396	356.547619	0
583	155.3960396	361.0714286	0
584	155.3960396	365.5952381	0
585	159.6534653	306.7857143	0
586	159.6534653	311.3095238	0
587	159.6534653	315.8333333	0
588	159.6534653	320.3571429	0
589	159.6534653	324.8809524	0
590	159.6534653	329.4047619	0
591	159.6534653	333.9285714	0
592	159.6534653	338.452381	0
593	159.6534653	342.9761905	0
594	159.6534653	347.5	0
595	159.6534653	352.0238095	0
596	159.6534653	356.547619	0
597	159.6534653	361.0714286	0
598	159.6534653	365.5952381	0
599	163.9108911	306.7857143	0
600	163.9108911	311.3095238	0
601	163.9108911	315.8333333	0
602	163.9108911	320.3571429	0
603	163.9108911	324.8809524	0
604	163.9108911	329.4047619	0
605	163.9108911	333.9285714	0
606	163.9108911	338.452381	0
607	163.9108911	342.9761905	0
608	163.9108911	347.5	0
609	163.9108911	352.0238095	0
610	163.9108911	356.547619	0
611	163.9108911	361.0714286	0
612	163.9108911	365.5952381	0
613	168.1683168	306.7857143	0
614	168.1683168	311.3095238	0
615	168.1683168	315.8333333	0
616	168.1683168	320.3571429	0
617	168.1683168	324.8809524	0
618	168.1683168	329.4047619	0
619	168.1683168	333.9285714	0
620	168.1683168	338.452381	0
621	168.1683168	342.9761905	0
622	168.1683168	347.5	0
623	168.1683168	352.0238095	0
624	168.1683168	356.547619	0
625	168.1683168	361.0714286	0
626	168.1683168	365.5952381	0
627	172.4257426	306.7857143	0
628	172.4257426	311.3095238	0
629	172.4257426	315.8333333	0
630	172.4257426	320.3571429	0
631	172.4257426	324.8809524	0
632	172.4257426	329.4047619	0
633	172.4257426	333.9285714	0
634	172.4257426	338.452381	0
635	172.4257426	342.9761905	0
636	172.4257426	347.5	0
637	172.4257426	352.0238095	0
638	172.4257426	356.547619	0
639	172.4257426	361.0714286	0
640	172.4257426	365.5952381	0
641	176.6831683	306.7857143	0
642	176.6831683	311.3095238	0
643	176.6831683	315.8333333	0
644	176.6831683	320.3571429	0
645	176.6831683	324.8809524	0
646	176.6831683	329.4047619	0
647	176.6831683	333.9285714	0
648	176.6831683	338.452381	0
649	176.6831683	342.9761905	0
650	176.6831683	347.5	0
651	176.6831683	352.0238095	0
652	176.6831683	356.547619	0
653	176.6831683	361.0714286	0
654	180.9405941	306.7857143	0
655	180.9405941	311.3095238	0
656	180.9405941	315.8333333	0
657	180.9405941	320.3571429	0
658	180.9405941	324.8809524	0
659	180.9405941	329.4047619	0
660	180.9405941	333.9285714	0
661	180.9405941	338.452381	0
662	180.9405941	342.9761905	0
663	180.9405941	347.5	0
664	180.9405941	352.0238095	0
665	180.9405941	356.547619	0
666	180.9405941	361.0714286	0
667	185.1980198	306.7857143	0
668	185.1980198	311.3095238	0
669	185.1980198	315.8333333	0
670	185.1980198	320.3571429	0
671	185.1980198	324.8809524	0
672	185.1980198	329.4047619	0
673	185.1980198	333.9285714	0
674	185.1980198	338.452381	0
675	185.1980198	342.9761905	0
676	185.1980198	347.5	0
677	185.1980198	352.0238095	0
678	185.1980198	356.547619	0
679	185.1980198	361.0714286	0
680	189.4554455	306.7857143	0
681	189.4554455	311.3095238	0
682	189.4554455	315.8333333	0
683	189.4554455	320.3571429	0
684	189.4554455	324.8809524	0
685	189.4554455	329.4047619	0
686	189.4554455	333.9285714	0
687	189.4554455	338.452381	0
688	189.4554455	342.9761905	0
689	189.4554455	347.5	0
690	189.4554455	352.0238095	0
691	189.4554455	356.547619	0
692	189.4554455	361.0714286	0
693	193.7128713	306.7857143	0
694	193.7128713	311.3095238	0
695	193.7128713	315.8333333	0
696	193.7128713	320.3571429	0
697	193.7128713	324.8809524	0
698	193.7128713	329.4047619	0
699	193.7128713	333.9285714	0
700	193.7128713	338.452381	0
701	193.7128713	342.9761905	0
702	193.7128713	347.5	0
703	193.7128713	352.0238095	0
704	193.7128713	356.547619	0
705	193.7128713	361.0714286	0
706	197.970297	306.7857143	0
707	197.970297	311.3095238	0
708	197.970297	315.8333333	0
709	197.970297	320.3571429	0
710	197.970297	324.8809524	0
711	197.970297	329.4047619	0
712	197.970297	333.9285714	0
713	197.970297	338.452381	0
714	197.970297	342.9761905	0
715	197.970297	347.5	0
716	197.970297	352.0238095	0
717	197.970297	356.547619	0
718	197.970297	361.0714286	0
719	202.2277228	306.7857143	0
720	202.2277228	311.3095238	0
721	202.2277228	315.8333333	0
722	202.2277228	320.3571429	0
723	202.2277228	324.8809524	0
724	202.2277228	329.4047619	0
725	202.2277228	333.9285714	0
726	202.2277228	338.452381	0
727	202.2277228	342.9761905	0
728	202.2277228	347.5	0
729	202.2277228	352.0238095	0
730	202.2277228	356.547619	0
731	206.4851485	306.7857143	0
732	206.4851485	311.3095238	0
733	206.4851485	315.8333333	0
734	206.4851485	320.3571429	0
735	206.4851485	324.8809524	0
736	206.4851485	329.4047619	0
737	206.4851485	333.9285714	0
738	206.4851485	338.452381	0
739	206.4851485	342.9761905	0
740	206.4851485	347.5	0
741	206.4851485	352.0238095	0
742	206.4851485	356.547619	0
743	206.4851485	361.0714286	0
744	210.7425743	306.7857143	0
745	210.7425743	311.3095238	0
746	210.7425743	315.8333333	0
747	210.7425743	320.3571429	0
748	210.7425743	324.8809524	0
749	210.7425743	329.4047619	0
750	210.7425743	333.9285714	0
751	210.7425743	338.452381	0
752	210.7425743	342.9761905	0
753	210.7425743	347.5	0
754	210.7425743	352.0238095	0
755	210.7425743	356.547619	0
756	210.7425743	361.0714286	0
757	215	306.7857143	0
758	215	311.3095238	0
759	215	315.8333333	0
760	215	320.3571429	0
761	215	324.8809524	0
762	215	329.4047619	0
763	215	333.9285714	0
764	215	338.452381	0
765	215	342.9761905	0
766	215	347.5	0
767	215	352.0238095	0
768	215	356.547619	0
769	215	361.0714286	0
770	219.2574257	306.7857143	0
771	219.2574257	311.3095238	0
772	219.2574257	315.8333333	0
773	219.2574257	320.3571429	0
774	219.2574257	324.8809524	0
775	219.2574257	329.4047619	0
776	219.2574257	333.9285714	0
777	219.2574257	338.452381	0
778	219.2574257	342.9761905	0
779	219.2574257	347.5	0
780	219.2574257	352.0238095	0
781	219.2574257	356.547619	0
782	223.5148515	306.7857143	0
783	223.5148515	311.3095238	0
784	223.5148515	315.8333333	0
785	223.5148515	320.3571429	0
786	223.5148515	324.8809524	0
787	223.5148515	329.4047619	0
788	223.5148515	333.9285714	0
789	223.5148515	338.452381	0
790	223.5148515	342.9761905	0
791	223.5148515	347.5	0
792	223.5148515	352.0238095	0
793	223.5148515	356.547619	0
794	227.7722772	306.7857143	0
795	227.7722772	311.3095238	0
796	227.7722772	315.8333333	0
797	227.7722772	320.3571429	0
798	227.7722772	324.8809524	0
799	227.7722772	329.4047619	0
800	227.7722772	333.9285714	0
801	227.7722772	338.452381	0
802	227.7722772	342.9761905	0
803	227.7722772	347.5	0
804	227.7722772	352.0238095	0
805	227.7722772	356.547619	0
806	232.029703	306.7857143	0
807	232.029703	311.3095238	0
808	232.029703	315.8333333	0
809	232.029703	320.3571429	0
810	232.029703	324.8809524	0
811	232.029703	329.4047619	0
812	232.029703	333.9285714	0
813	232.029703	338.452381	0
814	232.029703	342.9761905	0
815	232.029703	347.5	0
816	232.029703	352.0238095	0
817	232.029703	356.547619	0
818	236.2871287	306.7857143	0
819	236.2871287	311.3095238	0
820	236.2871287	315.8333333	0
821	236.2871287	320.3571429	0
822	236.2871287	324.8809524	0
823	236.2871287	329.4047619	0
824	236.2871287	333.9285714	0
825	236.2871287	338.452381	0
826	236.2871287	342.9761905	0
827	236.2871287	347.5	0
828	236.2871287	352.0238095	0
829	236.2871287	356.547619	0
830	240.5445545	306.7857143	0
831	240.5445545	311.3095238	0
832	240.5445545	315.8333333	0
833	240.5445545	320.3571429	0
834	240.5445545	324.8809524	0
835	240.5445545	329.4047619	0
836	240.5445545	333.9285714	0
837	240.5445545	338.452381	0
838	240.5445545	342.9761905	0
839	240.5445545	347.5	0
840	240.5445545	352.0238095	0
841	240.5445545	356.547619	0
842	244.8019802	306.7857143	0
843	244.8019802	311.3095238	0
844	244.8019802	315.8333333	0
845	244.8019802	320.3571429	0
846	244.8019802	324.8809524	0
847	244.8019802	329.4047619	0
848	244.8019802	333.9285714	0
849	244.8019802	338.452381	0
850	244.8019802	342.9761905	0
851	244.8019802	347.5	0
852	244.8019802	352.0238095	0
853	244.8019802	356.547619	0
854	249.0594059	306.7857143	0
855	249.0594059	311.3095238	0
856	249.0594059	315.8333333	0
857	249.0594059	320.3571429	0
858	249.0594059	324.8809524	0
859	249.0594059	329.4047619	0
860	249.0594059	333.9285714	0
861	249.0594059	338.452381	0
862	249.0594059	342.9761905	0
863	249.0594059	347.5	0
864	249.0594059	352.0238095	0
865	253.3168317	306.7857143	0
866	253.3168317	311.3095238	0
867	253.3168317	315.8333333	0
868	253.3168317	320.3571429	0
869	253.3168317	324.8809524	0
870	253.3168317	329.4047619	0
871	253.3168317	333.9285714	0
872	253.3168317	338.452381	0
873	253.3168317	342.9761905	0
874	253.3168317	347.5	0
875	253.3168317	352.0238095	0
876	257.5742574	306.7857143	0
877	257.5742574	311.3095238	0
878	257.5742574	315.8333333	0
879	257.5742574	320.3571429	0
880	257.5742574	324.8809524	0
881	257.5742574	329.4047619	0
882	257.5742574	333.9285714	0
883	257.5742574	338.452381	0
884	257.5742574	342.9761905	0
885	257.5742574	347.5	0
886	257.5742574	352.0238095	0
887	261.8316832	306.7857143	0
888	261.8316832	311.3095238	0
889	261.8316832	315.8333333	0
890	261.8316832	320.3571429	0
891	261.8316832	324.8809524	0
892	261.8316832	329.4047619	0
893	261.8316832	333.9285714	0
894	261.8316832	338.452381	0
895	261.8316832	342.9761905	0
896	261.8316832	347.5	0
897	261.8316832	352.0238095	0
898	266.0891089	306.7857143	0
899	266.0891089	311.3095238	0
900	266.0891089	315.8333333	0
901	266.0891089	320.3571429	0
902	266.0891089	324.8809524	0
903	266.0891089	329.4047619	0
904	266.0891089	333.9285714	0
905	266.0891089	338.452381	0
906	266.0891089	342.9761905	0
907	266.0891089	347.5	0
908	266.0891089	352.0238095	0
909	270.3465347	306.7857143	0
910	270.3465347	311.3095238	0
911	270.3465347	315.8333333	0
912	270.3465347	320.3571429	0
913	270.3465347	324.8809524	0
914	270.3465347	329.4047619	0
915	270.3465347	333.9285714	0
916	270.3465347	338.452381	0
917	270.3465347	342.9761905	0
918	270.3465347	347.5	0
919	270.3465347	352.0238095	0
920	274.6039604	306.7857143	0
921	274.6039604	311.3095238	0
922	274.6039604	315.8333333	0
923	274.6039604	320.3571429	0
924	274.6039604	324.8809524	0
925	274.6039604	329.4047619	0
926	274.6039604	333.9285714	0
927	274.6039604	338.452381	0
928	274.6039604	342.9761905	0
929	274.6039604	347.5	0
930	278.8613861	306.7857143	0
931	278.8613861	311.3095238	0
932	278.8613861	315.8333333	0
933	278.8613861	320.3571429	0
934	278.8613861	324.8809524	0
935	278.8613861	329.4047619	0
936	278.8613861	333.9285714	0
937	278.8613861	338.452381	0
938	278.8613861	342.9761905	0
939	278.8613861	347.5	0
940	283.1188119	306.7857143	0
941	283.1188119	311.3095238	0
942	283.1188119	315.8333333	0
943	283.1188119	320.3571429	0
944	283.1188119	324.8809524	0
945	283.1188119	329.4047619	0
946	283.1188119	333.9285714	0
947	283.1188119	338.452381	0
948	283.1188119	342.9761905	0
949	283.1188119	347.5	0
950	287.3762376	306.7857143	0
951	287.3762376	311.3095238	0
952	287.3762376	315.8333333	0
953	287.3762376	320.3571429	0
954	287.3762376	324.8809524	0
955	287.3762376	329.4047619	0
956	287.3762376	333.9285714	0
957	287.3762376	338.452381	0
958	287.3762376	342.9761905	0
959	287.3762376	347.5	0
960	291.6336634	306.7857143	0
961	291.6336634	311.3095238	0
962	291.6336634	315.8333333	0
963	291.6336634	320.3571429	0
964	291.6336634	324.8809524	0
965	291.6336634	329.4047619	0
966	291.6336634	333.9285714	0
967	291.6336634	338.452381	0
968	291.6336634	342.9761905	0
969	291.6336634	347.5	0
970	295.8910891	306.7857143	0
971	295.8910891	311.3095238	0
972	295.8910891	315.8333333	0
973	295.8910891	320.3571429	0
974	295.8910891	324.8809524	0
975	295.8910891	329.4047619	0
976	295.8910891	333.9285714	0
977	295.8910891	338.452381	0
978	295.8910891	342.9761905	0
979	295.8910891	347.5	0
980	300.1485149	306.7857143	0
981	300.1485149	311.3095238	0
982	300.1485149	315.8333333	0
983	300.1485149	320.3571429	0
984	300.1485149	324.8809524	0
985	300.1485149	329.4047619	0
986	300.1485149	333.9285714	0
987	300.1485149	338.452381	0
988	300.1485149	342.9761905	0
989	300.1485149	347.5	0
990	304.4059406	306.7857143	0
991	304.4059406	311.3095238	0
992	304.4059406	315.8333333	0
993	304.4059406	320.3571429	0
994	304.4059406	324.8809524	0
995	304.4059406	329.4047619	0
996	304.4059406	333.9285714	0
997	304.4059406	338.452381	0
998	304.4059406	342.9761905	0
999	304.4059406	347.5	0
1000	308.6633663	306.7857143	0
1001	308.6633663	311.3095238	0
1002	308.6633663	315.8333333	0
1003	308.6633663	320.3571429	0
1004	308.6633663	324.8809524	0
1005	308.6633663	329.4047619	0
1006	308.6633663	333.9285714	0
1007	308.6633663	338.452381	0
1008	308.6633663	342.9761905	0
1009	308.6633663	347.5	0
1010	312.9207921	306.7857143	0
1011	312.9207921	311.3095238	0
1012	312.9207921	315.8333333	0
1013	312.9207921	320.3571429	0
1014	312.9207921	324.8809524	0
1015	312.9207921	329.4047619	0
1016	312.9207921	333.9285714	0
1017	312.9207921	338.452381	0
1018	312.9207921	342.9761905	0
1019	312.9207921	347.5	0
1020	317.1782178	306.7857143	0
1021	317.1782178	311.3095238	0
1022	317.1782178	315.8333333	0
1023	317.1782178	320.3571429	0
1024	317.1782178	324.8809524	0
1025	317.1782178	329.4047619	0
1026	317.1782178	333.9285714	0
1027	317.1782178	338.452381	0
1028	317.1782178	342.9761905	0
1029	317.1782178	347.5	0
1030	321.4356436	306.7857143	0
1031	321.4356436	311.3095238	0
1032	321.4356436	315.8333333	0
1033	321.4356436	320.3571429	0
1034	321.4356436	324.8809524	0
1035	321.4356436	329.4047619	0
1036	321.4356436	333.9285714	0
1037	321.4356436	338.452381	0
1038	321.4356436	342.9761905	0
1039	321.4356436	347.5	0
1040	325.6930693	306.7857143	0
1041	325.6930693	311.3095238	0
1042	325.6930693	315.8333333	0
1043	325.6930693	320.3571429	0
1044	325.6930693	324.8809524	0
1045	325.6930693	329.4047619	0
1046	325.6930693	333.9285714	0
1047	325.6930693	338.452381	0
1048	325.6930693	342.9761905	0
1049	325.6930693	347.5	0
1050	329.950495	306.7857143	0
1051	329.950495	311.3095238	0
1052	329.950495	315.8333333	0
1053	329.950495	320.3571429	0
1054	329.950495	324.8809524	0
1055	329.950495	329.4047619	0
1056	329.950495	333.9285714	0
1057	329.950495	338.452381	0
1058	329.950495	342.9761905	0
1059	329.950495	347.5	0
1060	334.2079208	306.7857143	0
1061	334.2079208	311.3095238	0
1062	334.2079208	315.8333333	0
1063	334.2079208	320.3571429	0
1064	334.2079208	324.8809524	0
1065	334.2079208	329.4047619	0
1066	334.2079208	333.9285714	0
1067	334.2079208	338.452381	0
1068	334.2079208	342.9761905	0
1069	334.2079208	347.5	0
1070	338.4653465	306.7857143	0
1071	338.4653465	311.3095238	0
1072	338.4653465	315.8333333	0
1073	338.4653465	320.3571429	0
1074	338.4653465	324.8809524	0
1075	338.4653465	329.4047619	0
1076	338.4653465	333.9285714	0
1077	338.4653465	338.452381	0
1078	338.4653465	342.9761905	0
1079	338.4653465	347.5	0
1080	342.7227723	306.7857143	0
1081	342.7227723	311.3095238	0
1082	342.7227723	315.8333333	0
1083	342.7227723	320.3571429	0
1084	342.7227723	324.8809524	0
1085	342.7227723	329.4047619	0
1086	342.7227723	333.9285714	0
1087	342.7227723	338.452381	0
1088	342.7227723	342.9761905	0
1089	342.7227723	347.5	0
1090	346.980198	306.7857143	0
1091	346.980198	311.3095238	0
1092	346.980198	315.8333333	0
1093	346.980198	320.3571429	0
1094	346.980198	324.8809524	0
1095	346.980198	329.4047619	0
1096	346.980198	333.9285714	0
1097	346.980198	338.452381	0
1098	346.980198	342.9761905	0
1099	346.980198	347.5	0
1100	351.2376238	306.7857143	0
1101	351.2376238	311.3095238	0
1102	351.2376238	315.8333333	0
1103	351.2376238	320.3571429	0
1104	351.2376238	324.8809524	0
1105	351.2376238	329.4047619	0
1106	351.2376238	333.9285714	0
1107	351.2376238	338.452381	0
1108	351.2376238	342.9761905	0
1109	351.2376238	347.5	0
1110	355.4950495	306.7857143	0
1111	355.4950495	311.3095238	0
1112	355.4950495	315.8333333	0
1113	355.4950495	320.3571429	0
1114	355.4950495	324.8809524	0
1115	355.4950495	329.4047619	0
1116	355.4950495	333.9285714	0
1117	355.4950495	338.452381	0
1118	355.4950495	342.9761905	0
1119	355.4950495	347.5	0
1120	359.7524752	306.7857143	0
1121	359.7524752	311.3095238	0
1122	359.7524752	315.8333333	0
1123	359.7524752	320.3571429	0
1124	359.7524752	324.8809524	0
1125	359.7524752	329.4047619	0
1126	359.7524752	333.9285714	0
1127	359.7524752	338.452381	0
1128	359.7524752	342.9761905	0
1129	359.7524752	347.5	0
1130	364.009901	306.7857143	0
1131	364.009901	311.3095238	0
1132	364.009901	315.8333333	0
1133	364.009901	320.3571429	0
1134	364.009901	324.8809524	0
1135	364.009901	329.4047619	0
1136	364.009901	333.9285714	0
1137	364.009901	338.452381	0
1138	364.009901	342.9761905	0
1139	364.009901	347.5	0
1140	368.2673267	306.7857143	0
1141	368.2673267	311.3095238	0
1142	368.2673267	315.8333333	0
1143	368.2673267	320.3571429	0
1144	368.2673267	324.8809524	0
1145	368.2673267	329.4047619	0
1146	368.2673267	333.9285714	0
1147	368.2673267	338.452381	0
1148	368.2673267	342.9761905	0
1149	368.2673267	347.5	0
1150	372.5247525	306.7857143	0
1151	372.5247525	311.3095238	0
1152	372.5247525	315.8333333	0
1153	372.5247525	320.3571429	0
1154	372.5247525	324.8809524	0
1155	372.5247525	329.4047619	0
1156	372.5247525	333.9285714	0
1157	372.5247525	338.452381	0
1158	372.5247525	342.9761905	0
1159	372.5247525	347.5	0
1160	376.7821782	306.7857143	0
1161	376.7821782	311.3095238	0
1162	376.7821782	315.8333333	0
1163	376.7821782	320.3571429	0
1164	376.7821782	324.8809524	0
1165	376.7821782	329.4047619	0
1166	376.7821782	333.9285714	0
1167	376.7821782	338.452381	0
1168	376.7821782	342.9761905	0
1169	376.7821782	347.5	0
1170	381.039604	306.7857143	0
1171	381.039604	311.3095238	0
1172	381.039604	315.8333333	0
1173	381.039604	320.3571429	0
1174	381.039604	324.8809524	0
1175	381.039604	329.4047619	0
1176	381.039604	333.9285714	0
1177	381.039604	338.452381	0
1178	381.039604	342.9761905	0
1179	385.2970297	306.7857143	0
1180	385.2970297	311.3095238	0
1181	385.2970297	315.8333333	0
1182	385.2970297	320.3571429	0
1183	385.2970297	324.8809524	0
1184	385.2970297	329.4047619	0
1185	385.2970297	333.9285714	0
1186	385.2970297	338.452381	0
1187	385.2970297	342.9761905	0
1188	389.5544554	306.7857143	0
1189	389.5544554	311.3095238	0
1190	389.5544554	315.8333333	0
1191	389.5544554	320.3571429	0
1192	389.5544554	324.8809524	0
1193	389.5544554	329.4047619	0
1194	389.5544554	333.9285714	0
1195	389.5544554	338.452381	0
1196	389.5544554	342.9761905	0
1197	393.8118812	306.7857143	0
1198	393.8118812	311.3095238	0
1199	393.8118812	315.8333333	0
1200	393.8118812	320.3571429	0
1201	393.8118812	324.8809524	0
1202	393.8118812	329.4047619	0
1203	393.8118812	333.9285714	0
1204	393.8118812	338.452381	0
1205	393.8118812	342.9761905	0
1206	398.0693069	306.7857143	0
1207	398.0693069	311.3095238	0
1208	398.0693069	315.8333333	0
1209	398.0693069	320.3571429	0
1210	398.0693069	324.8809524	0
1211	398.0693069	329.4047619	0
1212	398.0693069	333.9285714	0
1213	398.0693069	338.452381	0
1214	398.0693069	342.9761905	0
1215	402.3267327	306.7857143	0
1216	402.3267327	311.3095238	0
1217	402.3267327	315.8333333	0
1218	402.3267327	320.3571429	0
1219	402.3267327	324.8809524	0
1220	402.3267327	329.4047619	0
1221	402.3267327	333.9285714	0
1222	402.3267327	338.452381	0
1223	402.3267327	342.9761905	0
1224	406.5841584	306.7857143	0
1225	406.5841584	311.3095238	0
1226	406.5841584	315.8333333	0
1227	406.5841584	320.3571429	0
1228	406.5841584	324.8809524	0
1229	406.5841584	329.4047619	0
1230	406.5841584	333.9285714	0
1231	406.5841584	338.452381	0
1232	406.5841584	342.9761905	0
1233	410.8415842	306.7857143	0
1234	410.8415842	311.3095238	0
1235	410.8415842	315.8333333	0
1236	410.8415842	320.3571429	0
1237	410.8415842	324.8809524	0
1238	410.8415842	329.4047619	0
1239	410.8415842	333.9285714	0
1240	410.8415842	338.452381	0
1241	410.8415842	342.9761905	0
1242	415.0990099	306.7857143	0
1243	415.0990099	311.3095238	0
1244	415.0990099	315.8333333	0
1245	415.0990099	320.3571429	0
1246	415.0990099	324.8809524	0
1247	415.0990099	329.4047619	0
1248	415.0990099	333.9285714	0
1249	415.0990099	338.452381	0
1250	415.0990099	342.9761905	0
1251	419.3564356	306.7857143	0
1252	419.3564356	311.3095238	0
1253	419.3564356	315.8333333	0
1254	419.3564356	320.3571429	0
1255	419.3564356	324.8809524	0
1256	419.3564356	329.4047619	0
1257	419.3564356	333.9285714	0
1258	419.3564356	338.452381	0
1259	419.3564356	342.9761905	0
1260	423.6138614	306.7857143	0
1261	423.6138614	311.3095238	0
1262	423.6138614	315.8333333	0
1263	423.6138614	320.3571429	0
1264	423.6138614	324.8809524	0
1265	423.6138614	329.4047619	0
1266	423.6138614	333.9285714	0
1267	423.6138614	338.452381	0
1268	423.6138614	342.9761905	0
1269	6.45	302.15	0
1270	10.75	302.15	0
1271	15.05	302.15	0
1272	19.35	302.15	0
1273	23.65	302.15	0
1274	27.95	302.15	0
1275	32.25	302.15	0
1276	36.55	302.15	0
1277	40.85	302.15	0
1278	45.15	302.15	0
1279	49.45	302.15	0
1280	53.75	302.15	0
1281	58.05	302.15	0
1282	62.35	302.15	0
1283	66.65	302.15	0
1284	70.95	302.15	0
1285	75.25	302.15	0
1286	79.55	302.15	0
1287	83.85	302.15	0
1288	88.15	302.15	0
1289	92.45	302.15	0
1290	96.75	302.15	0
1291	101.05	302.15	0
1292	105.35	302.15	0
1293	109.65	302.15	0
1294	113.95	302.15	0
1295	118.25	302.15	0
1296	122.55	302.15	0
1297	126.85	302.15	0
1298	131.15	302.15	0
1299	135.45	302.15	0
1300	139.75	302.15	0
1301	144.05	302.15	0
1302	148.35	302.15	0
1303	152.65	302.15	0
1304	156.95	302.15	0
1305	161.25	302.15	0
1306	165.55	302.15	0
1307	169.85	302.15	0
1308	174.15	302.15	0
1309	178.45	302.15	0
1310	182.75	302.15	0
1311	187.05	302.15	0
1312	191.35	302.15	0
1313	195.65	302.15	0
1314	199.95	302.15	0
1315	204.25	302.15	0
1316	208.55	302.15	0
1317	212.85	302.15	0
1318	217.15	302.15	0
1319	221.45	302.15	0
1320	225.75	302.15	0
1321	230.05	302.15	0
1322	234.35	302.15	0
1323	238.65	302.15	0
1324	242.95	302.15	0
1325	247.25	302.15	0
1326	251.55	302.15	0
1327	255.85	302.15	0
1328	260.15	302.15	0
1329	264.45	302.15	0
1330	268.75	302.15	0
1331	273.05	302.15	0
1332	277.35	302.15	0
1333	281.65	302.15	0
1334	285.95	302.15	0
1335	290.25	302.15	0
1336	294.55	302.15	0
1337	298.85	302.15	0
1338	303.15	302.15	0
1339	307.45	302.15	0
1340	311.75	302.15	0
1341	316.05	302.15	0
1342	320.35	302.15	0
1343	324.65	302.15	0
1344	328.95	302.15	0
1345	333.25	302.15	0
1346	337.55	302.15	0
1347	341.85	302.15	0
1348	346.15	302.15	0
1349	350.45	302.15	0
1350	354.75	302.15	0
1351	359.05	302.15	0
1352	363.35	302.15	0
1353	367.65	302.15	0
1354	371.95	302.15	0
1355	376.25	302.15	0
1356	380.55	302.15	0
1357	384.85	302.15	0
1358	389.15	302.15	0
1359	393.45	302.15	0
1360	397.75	302.15	0
1361	402.05	302.15	0
1362	406.35	302.15	0
1363	410.65	302.15	0
1364	414.95	302.15	0
1365	419.25	302.15	0
1366	423.55	302.15	0
1367	427.5	302.5	0
1368	427.5	307.5	0
1369	427.5	312.5	0
1370	427.5	317.5	0
1371	427.5	322.5	0
1372	427.5	327.5	0
1373	427.5	332.5	0
1374	427.5	337.5	0
1375	427.5	342.5	0
1376	427.7222222	347.8333333	0
1377	423.2777778	347.9444444	0
1378	418.8333333	348.0555556	0
1379	414.3888889	348.1666667	0
1380	409.9444444	348.2777778	0
1381	405.5	348.3888889	0
1382	401.0555556	348.5	0
1383	396.6111111	348.6111111	0
1384	392.1666667	348.7222222	0
1385	387.5714286	348.9285714	0
1386	383.0714286	349.2857143	0
1387	378.5714286	349.6428571	0
1388	374.0714286	350	0
1389	369.5714286	350.3571429	0
1390	365.0714286	350.7142857	0
1391	360.5714286	351.0714286	0
1392	356.0714286	351.4285714	0
1393	351.5714286	351.7857143	0
1394	347.0714286	352.1428571	0
1395	342.5714286	352.5	0
1396	338.0714286	352.8571429	0
1397	333.5714286	353.2142857	0
1398	329.0714286	353.5714286	0
1399	324.7222222	353.7222222	0
1400	320.1666667	353.7222222	0
1401	315.6111111	353.7222222	0
1402	311.0555556	353.7222222	0
1403	306.5	353.7222222	0
1404	301.9444444	353.7222222	0
1405	297.3888889	353.7222222	0
1406	292.8333333	353.7222222	0
1407	288.2777778	353.7222222	0
1408	283	353.6666667	0
1409	277.6666667	354.3333333	0
1410	272.3333333	355	0
1411	267.3928571	356.0357143	0
1412	262.8214286	356.6785714	0
1413	258.25	357.3214286	0
1414	253.6785714	357.9642857	0
1415	249.1071429	358.6071429	0
1416	244.5357143	359.25	0
1417	239.9642857	359.8928571	0
1418	235.3928571	360.5357143	0
1419	230.8214286	361.1785714	0
1420	226.25	361.8214286	0
1421	221.6785714	362.4642857	0
1422	217.1071429	363.1071429	0
1423	212.5357143	363.75	0
1424	207.9642857	364.3928571	0
1425	202	364	0
1426	196.55	365.95	0
1427	192.05	366.35	0
1428	187.55	366.75	0
1429	183.05	367.15	0
1430	178.55	367.55	0
1431	174.05	367.95	0
1432	169.55	368.35	0
1433	165.05	368.75	0
1434	160.55	369.15	0
1435	156.05	369.55	0
1436	151.55	369.95	0
1437	147.05	370.35	0
1438	142.55	370.75	0
1439	138.05	371.15	0
1440	133.55	371.55	0
1441	129.05	371.95	0
1442	124.55	372.35	0
1443	120.05	372.75	0
1444	115.55	373.15	0
1445	111.05	373.55	0
1446	106.25	374.25	0
1447	101.75	375.25	0
1448	97.25	376.25	0
1449	92.75	377.25	0
1450	88.20833333	378.2083333	0
1451	83.625	379.2083333	0
1452	79.04166667	380.2083333	0
1453	74.45833333	381.2083333	0
1454	69.875	382.2083333	0
1455	65.29166667	383.2083333	0
1456	60.70833333	384.2083333	0
1457	56.125	385.2083333	0
1458	51.54166667	386.2083333	0
1459	46.95833333	387.2083333	0
1460	42.375	388.2083333	0
1461	37.79166667	389.2083333	0
1462	33.16666667	389.8333333	0
1463	28.16666667	390.5	0
1464	23.16666667	391.1666667	0
1465	18.25	391.5	0
1466	13	391.75	0
1467	7.75	392	0
1468	2.375	392.625	0
1469	2.375	387.875	0
1470	2.375	383.125	0
1471	2.375	378.375	0
1472	2.375	373.625	0
1473	2.375	368.875	0
1474	2.375	364.125	0
1475	2.375	359.375	0
1476	2.375	354.625	0
1477	2.375	349.875	0
1478	2.375	345.125	0
1479	2.375	340.375	0
1480	2.375	335.625	0
1481	2.375	330.875	0
1482	2.375	326.125	0
1483	2.375	321.375	0
1484	2.375	316.625	0
1485	2.375	311.875	0
1486	2.375	307.125	0
1487	2.375	302.375	0
