# R2D2 grid neighbours information
1	6.38614	306.786	1174	20	2	1399	1400	
2	6.38614	311.31	1	21	3	1398	1399	
3	6.38614	315.833	2	22	4	1397	1398	
4	6.38614	320.357	3	23	5	1396	1397	
5	6.38614	324.881	4	24	6	1395	1396	
6	6.38614	329.405	5	25	7	1394	1395	
7	6.38614	333.929	6	26	8	1393	1394	
8	6.38614	338.452	7	27	9	1392	1393	
9	6.38614	342.976	8	28	10	1391	1392	
10	6.38614	347.5	9	29	11	1390	1391	
11	6.38614	352.024	10	30	12	1389	1390	
12	6.38614	356.548	11	31	13	1388	1389	
13	6.38614	361.071	12	32	14	1387	1388	
14	6.38614	365.595	13	33	15	1386	1387	
15	6.38614	370.119	14	34	16	1385	1386	
16	6.38614	374.643	15	35	17	1384	1385	
17	6.38614	379.167	16	36	18	1383	1384	
18	6.38614	383.69	17	37	19	1382	1383	
19	6.38614	388.214	18	38	1380	1381	1382	
20	10.6436	306.786	39	21	1	1174	1175	
21	10.6436	311.31	22	2	20	40	
22	10.6436	315.833	23	3	21	41	
23	10.6436	320.357	24	4	22	42	
24	10.6436	324.881	25	5	23	43	
25	10.6436	329.405	26	6	24	44	
26	10.6436	333.929	27	7	25	45	
27	10.6436	338.452	28	8	26	46	
28	10.6436	342.976	29	9	27	47	
29	10.6436	347.5	30	10	28	48	
30	10.6436	352.024	31	11	29	49	
31	10.6436	356.548	32	12	30	50	
32	10.6436	361.071	33	13	31	51	
33	10.6436	365.595	34	14	32	52	
34	10.6436	370.119	35	15	33	53	
35	10.6436	374.643	36	16	34	54	
36	10.6436	379.167	37	17	35	55	
37	10.6436	383.69	38	18	36	56	
38	10.6436	388.214	19	37	57	1379	1380	
39	14.901	306.786	58	40	20	1175	1176	
40	14.901	311.31	41	21	39	59	
41	14.901	315.833	42	22	40	60	
42	14.901	320.357	43	23	41	61	
43	14.901	324.881	44	24	42	62	
44	14.901	329.405	45	25	43	63	
45	14.901	333.929	46	26	44	64	
46	14.901	338.452	47	27	45	65	
47	14.901	342.976	48	28	46	66	
48	14.901	347.5	49	29	47	67	
49	14.901	352.024	50	30	48	68	
50	14.901	356.548	51	31	49	69	
51	14.901	361.071	52	32	50	70	
52	14.901	365.595	53	33	51	71	
53	14.901	370.119	54	34	52	72	
54	14.901	374.643	55	35	53	73	
55	14.901	379.167	56	36	54	74	
56	14.901	383.69	57	37	55	75	
57	14.901	388.214	38	56	76	1378	1379	
58	19.1584	306.786	77	59	39	1176	1177	
59	19.1584	311.31	60	40	58	78	
60	19.1584	315.833	61	41	59	79	
61	19.1584	320.357	62	42	60	80	
62	19.1584	324.881	63	43	61	81	
63	19.1584	329.405	64	44	62	82	
64	19.1584	333.929	65	45	63	83	
65	19.1584	338.452	66	46	64	84	
66	19.1584	342.976	67	47	65	85	
67	19.1584	347.5	68	48	66	86	
68	19.1584	352.024	69	49	67	87	
69	19.1584	356.548	70	50	68	88	
70	19.1584	361.071	71	51	69	89	
71	19.1584	365.595	72	52	70	90	
72	19.1584	370.119	73	53	71	91	
73	19.1584	374.643	74	54	72	92	
74	19.1584	379.167	75	55	73	93	
75	19.1584	383.69	76	56	74	94	
76	19.1584	388.214	57	75	95	1377	1378	
77	23.4158	306.786	96	78	58	1177	1178	
78	23.4158	311.31	79	59	77	97	
79	23.4158	315.833	80	60	78	98	
80	23.4158	320.357	81	61	79	99	
81	23.4158	324.881	82	62	80	100	
82	23.4158	329.405	83	63	81	101	
83	23.4158	333.929	84	64	82	102	
84	23.4158	338.452	85	65	83	103	
85	23.4158	342.976	86	66	84	104	
86	23.4158	347.5	87	67	85	105	
87	23.4158	352.024	88	68	86	106	
88	23.4158	356.548	89	69	87	107	
89	23.4158	361.071	90	70	88	108	
90	23.4158	365.595	91	71	89	109	
91	23.4158	370.119	92	72	90	110	
92	23.4158	374.643	93	73	91	111	
93	23.4158	379.167	94	74	92	112	
94	23.4158	383.69	95	75	93	113	
95	23.4158	388.214	76	94	113	1376	1377	
96	27.6733	306.786	114	97	77	1178	1179	
97	27.6733	311.31	98	78	96	115	
98	27.6733	315.833	99	79	97	116	
99	27.6733	320.357	100	80	98	117	
100	27.6733	324.881	101	81	99	118	
101	27.6733	329.405	102	82	100	119	
102	27.6733	333.929	103	83	101	120	
103	27.6733	338.452	104	84	102	121	
104	27.6733	342.976	105	85	103	122	
105	27.6733	347.5	106	86	104	123	
106	27.6733	352.024	107	87	105	124	
107	27.6733	356.548	108	88	106	125	
108	27.6733	361.071	109	89	107	126	
109	27.6733	365.595	110	90	108	127	
110	27.6733	370.119	111	91	109	128	
111	27.6733	374.643	112	92	110	129	
112	27.6733	379.167	113	93	111	130	
113	27.6733	383.69	95	94	112	131	1376	
114	31.9307	306.786	132	115	96	1179	1180	
115	31.9307	311.31	116	97	114	133	
116	31.9307	315.833	117	98	115	134	
117	31.9307	320.357	118	99	116	135	
118	31.9307	324.881	119	100	117	136	
119	31.9307	329.405	120	101	118	137	
120	31.9307	333.929	121	102	119	138	
121	31.9307	338.452	122	103	120	139	
122	31.9307	342.976	123	104	121	140	
123	31.9307	347.5	124	105	122	141	
124	31.9307	352.024	125	106	123	142	
125	31.9307	356.548	126	107	124	143	
126	31.9307	361.071	127	108	125	144	
127	31.9307	365.595	128	109	126	145	
128	31.9307	370.119	129	110	127	146	
129	31.9307	374.643	130	111	128	147	
130	31.9307	379.167	131	112	129	148	
131	31.9307	383.69	113	130	149	1375	1376	
132	36.1881	306.786	150	133	114	1180	1181	
133	36.1881	311.31	134	115	132	151	
134	36.1881	315.833	135	116	133	152	
135	36.1881	320.357	136	117	134	153	
136	36.1881	324.881	137	118	135	154	
137	36.1881	329.405	138	119	136	155	
138	36.1881	333.929	139	120	137	156	
139	36.1881	338.452	140	121	138	157	
140	36.1881	342.976	141	122	139	158	
141	36.1881	347.5	142	123	140	159	
142	36.1881	352.024	143	124	141	160	
143	36.1881	356.548	144	125	142	161	
144	36.1881	361.071	145	126	143	162	
145	36.1881	365.595	146	127	144	163	
146	36.1881	370.119	147	128	145	164	
147	36.1881	374.643	148	129	146	165	
148	36.1881	379.167	149	130	147	166	
149	36.1881	383.69	131	148	167	1374	1375	
150	40.4455	306.786	168	151	132	1181	1182	
151	40.4455	311.31	152	133	150	169	
152	40.4455	315.833	153	134	151	170	
153	40.4455	320.357	154	135	152	171	
154	40.4455	324.881	155	136	153	172	
155	40.4455	329.405	156	137	154	173	
156	40.4455	333.929	157	138	155	174	
157	40.4455	338.452	158	139	156	175	
158	40.4455	342.976	159	140	157	176	
159	40.4455	347.5	160	141	158	177	
160	40.4455	352.024	161	142	159	178	
161	40.4455	356.548	162	143	160	179	1368	
162	40.4455	361.071	163	144	161	1368	
163	40.4455	365.595	164	145	162	1369	
164	40.4455	370.119	165	146	163	1369	1370	
165	40.4455	374.643	166	147	164	1370	1371	
166	40.4455	379.167	167	148	165	1371	1372	
167	40.4455	383.69	149	166	1372	1373	1374	
168	44.703	306.786	180	169	150	1182	1183	
169	44.703	311.31	170	151	168	181	
170	44.703	315.833	171	152	169	182	
171	44.703	320.357	172	153	170	183	
172	44.703	324.881	173	154	171	184	
173	44.703	329.405	174	155	172	185	
174	44.703	333.929	175	156	173	186	
175	44.703	338.452	176	157	174	187	
176	44.703	342.976	177	158	175	188	
177	44.703	347.5	178	159	176	189	
178	44.703	352.024	179	160	177	190	1367	
179	44.703	356.548	1368	161	178	1367	1401	
180	48.9604	306.786	191	181	168	1183	1184	
181	48.9604	311.31	182	169	180	192	
182	48.9604	315.833	183	170	181	193	
183	48.9604	320.357	184	171	182	194	
184	48.9604	324.881	185	172	183	195	
185	48.9604	329.405	186	173	184	196	
186	48.9604	333.929	187	174	185	197	
187	48.9604	338.452	188	175	186	198	
188	48.9604	342.976	189	176	187	199	
189	48.9604	347.5	190	177	188	200	
190	48.9604	352.024	178	189	201	1366	1367	
191	53.2178	306.786	202	192	180	1184	1185	
192	53.2178	311.31	193	181	191	203	
193	53.2178	315.833	194	182	192	204	
194	53.2178	320.357	195	183	193	205	
195	53.2178	324.881	196	184	194	206	
196	53.2178	329.405	197	185	195	207	
197	53.2178	333.929	198	186	196	208	
198	53.2178	338.452	199	187	197	209	
199	53.2178	342.976	200	188	198	210	
200	53.2178	347.5	201	189	199	211	
201	53.2178	352.024	190	200	212	1365	1366	
202	57.4752	306.786	213	203	191	1185	1186	
203	57.4752	311.31	204	192	202	214	
204	57.4752	315.833	205	193	203	215	
205	57.4752	320.357	206	194	204	216	
206	57.4752	324.881	207	195	205	217	
207	57.4752	329.405	208	196	206	218	
208	57.4752	333.929	209	197	207	219	
209	57.4752	338.452	210	198	208	220	
210	57.4752	342.976	211	199	209	221	
211	57.4752	347.5	212	200	210	222	
212	57.4752	352.024	201	211	223	1364	1365	
213	61.7327	306.786	224	214	202	1186	1187	
214	61.7327	311.31	215	203	213	225	
215	61.7327	315.833	216	204	214	226	
216	61.7327	320.357	217	205	215	227	
217	61.7327	324.881	218	206	216	228	
218	61.7327	329.405	219	207	217	229	
219	61.7327	333.929	220	208	218	230	
220	61.7327	338.452	221	209	219	231	
221	61.7327	342.976	222	210	220	232	
222	61.7327	347.5	223	211	221	233	
223	61.7327	352.024	212	222	234	1363	1364	
224	65.9901	306.786	235	225	213	1187	1188	
225	65.9901	311.31	226	214	224	236	
226	65.9901	315.833	227	215	225	237	
227	65.9901	320.357	228	216	226	238	
228	65.9901	324.881	229	217	227	239	
229	65.9901	329.405	230	218	228	240	
230	65.9901	333.929	231	219	229	241	
231	65.9901	338.452	232	220	230	242	
232	65.9901	342.976	233	221	231	243	
233	65.9901	347.5	234	222	232	244	
234	65.9901	352.024	223	233	245	1362	1363	
235	70.2475	306.786	246	236	224	1188	1189	
236	70.2475	311.31	237	225	235	247	
237	70.2475	315.833	238	226	236	248	
238	70.2475	320.357	239	227	237	249	
239	70.2475	324.881	240	228	238	250	
240	70.2475	329.405	241	229	239	251	
241	70.2475	333.929	242	230	240	252	
242	70.2475	338.452	243	231	241	253	
243	70.2475	342.976	244	232	242	254	
244	70.2475	347.5	245	233	243	255	
245	70.2475	352.024	234	244	256	1362	
246	74.505	306.786	257	247	235	1189	1190	
247	74.505	311.31	248	236	246	258	
248	74.505	315.833	249	237	247	259	
249	74.505	320.357	250	238	248	260	
250	74.505	324.881	251	239	249	261	
251	74.505	329.405	252	240	250	262	
252	74.505	333.929	253	241	251	263	
253	74.505	338.452	254	242	252	264	
254	74.505	342.976	255	243	253	265	
255	74.505	347.5	256	244	254	266	
256	74.505	352.024	245	255	267	1361	1362	
257	78.7624	306.786	268	258	246	1190	1191	
258	78.7624	311.31	259	247	257	269	
259	78.7624	315.833	260	248	258	270	
260	78.7624	320.357	261	249	259	271	
261	78.7624	324.881	262	250	260	272	
262	78.7624	329.405	263	251	261	273	
263	78.7624	333.929	264	252	262	274	
264	78.7624	338.452	265	253	263	275	
265	78.7624	342.976	266	254	264	276	
266	78.7624	347.5	267	255	265	277	
267	78.7624	352.024	256	266	278	1360	1361	
268	83.0198	306.786	279	269	257	1191	1192	
269	83.0198	311.31	270	258	268	280	
270	83.0198	315.833	271	259	269	281	
271	83.0198	320.357	272	260	270	282	
272	83.0198	324.881	273	261	271	283	
273	83.0198	329.405	274	262	272	284	
274	83.0198	333.929	275	263	273	285	
275	83.0198	338.452	276	264	274	286	
276	83.0198	342.976	277	265	275	287	
277	83.0198	347.5	278	266	276	288	
278	83.0198	352.024	267	277	289	1359	1360	
279	87.2772	306.786	290	280	268	1192	1193	
280	87.2772	311.31	281	269	279	291	
281	87.2772	315.833	282	270	280	292	
282	87.2772	320.357	283	271	281	293	
283	87.2772	324.881	284	272	282	294	
284	87.2772	329.405	285	273	283	295	
285	87.2772	333.929	286	274	284	296	
286	87.2772	338.452	287	275	285	297	
287	87.2772	342.976	288	276	286	298	
288	87.2772	347.5	289	277	287	299	
289	87.2772	352.024	278	288	300	1358	1359	
290	91.5347	306.786	301	291	279	1193	1194	
291	91.5347	311.31	292	280	290	302	
292	91.5347	315.833	293	281	291	303	
293	91.5347	320.357	294	282	292	304	
294	91.5347	324.881	295	283	293	305	
295	91.5347	329.405	296	284	294	306	
296	91.5347	333.929	297	285	295	307	
297	91.5347	338.452	298	286	296	308	
298	91.5347	342.976	299	287	297	309	
299	91.5347	347.5	300	288	298	310	
300	91.5347	352.024	289	299	311	1357	1358	
301	95.7921	306.786	312	302	290	1194	1195	
302	95.7921	311.31	303	291	301	313	
303	95.7921	315.833	304	292	302	314	
304	95.7921	320.357	305	293	303	315	
305	95.7921	324.881	306	294	304	316	
306	95.7921	329.405	307	295	305	317	
307	95.7921	333.929	308	296	306	318	
308	95.7921	338.452	309	297	307	319	
309	95.7921	342.976	310	298	308	320	
310	95.7921	347.5	311	299	309	321	
311	95.7921	352.024	300	310	322	1356	1357	
312	100.05	306.786	323	313	301	1195	1196	
313	100.05	311.31	314	302	312	324	
314	100.05	315.833	315	303	313	325	
315	100.05	320.357	316	304	314	326	
316	100.05	324.881	317	305	315	327	
317	100.05	329.405	318	306	316	328	
318	100.05	333.929	319	307	317	329	
319	100.05	338.452	320	308	318	330	
320	100.05	342.976	321	309	319	331	
321	100.05	347.5	322	310	320	332	
322	100.05	352.024	311	321	333	1355	1356	
323	104.307	306.786	334	324	312	1196	1197	
324	104.307	311.31	325	313	323	335	
325	104.307	315.833	326	314	324	336	
326	104.307	320.357	327	315	325	337	
327	104.307	324.881	328	316	326	338	
328	104.307	329.405	329	317	327	339	
329	104.307	333.929	330	318	328	340	
330	104.307	338.452	331	319	329	341	
331	104.307	342.976	332	320	330	342	
332	104.307	347.5	333	321	331	343	
333	104.307	352.024	322	332	344	1354	1355	
334	108.564	306.786	345	335	323	1197	1198	
335	108.564	311.31	336	324	334	346	
336	108.564	315.833	337	325	335	347	
337	108.564	320.357	338	326	336	348	
338	108.564	324.881	339	327	337	349	
339	108.564	329.405	340	328	338	350	
340	108.564	333.929	341	329	339	351	
341	108.564	338.452	342	330	340	352	
342	108.564	342.976	343	331	341	353	
343	108.564	347.5	344	332	342	354	
344	108.564	352.024	333	343	355	1353	1354	
345	112.822	306.786	356	346	334	1198	1199	
346	112.822	311.31	347	335	345	357	
347	112.822	315.833	348	336	346	358	
348	112.822	320.357	349	337	347	359	
349	112.822	324.881	350	338	348	360	
350	112.822	329.405	351	339	349	361	
351	112.822	333.929	352	340	350	362	
352	112.822	338.452	353	341	351	363	
353	112.822	342.976	354	342	352	364	
354	112.822	347.5	355	343	353	365	
355	112.822	352.024	344	354	366	1352	1353	
356	117.079	306.786	367	357	345	1199	1200	
357	117.079	311.31	358	346	356	368	
358	117.079	315.833	359	347	357	369	
359	117.079	320.357	360	348	358	370	
360	117.079	324.881	361	349	359	371	
361	117.079	329.405	362	350	360	372	
362	117.079	333.929	363	351	361	373	
363	117.079	338.452	364	352	362	374	
364	117.079	342.976	365	353	363	375	
365	117.079	347.5	366	354	364	376	
366	117.079	352.024	355	365	377	1351	1352	
367	121.337	306.786	379	368	356	1200	1201	
368	121.337	311.31	369	357	367	380	
369	121.337	315.833	370	358	368	381	
370	121.337	320.357	371	359	369	382	
371	121.337	324.881	372	360	370	383	
372	121.337	329.405	373	361	371	384	
373	121.337	333.929	374	362	372	385	
374	121.337	338.452	375	363	373	386	
375	121.337	342.976	376	364	374	387	
376	121.337	347.5	377	365	375	388	
377	121.337	352.024	366	376	389	378	1351	
378	121.337	356.548	1351	377	390	1350	1491	
379	125.594	306.786	391	380	367	1201	1202	
380	125.594	311.31	381	368	379	392	
381	125.594	315.833	382	369	380	393	
382	125.594	320.357	383	370	381	394	
383	125.594	324.881	384	371	382	395	
384	125.594	329.405	385	372	383	396	
385	125.594	333.929	386	373	384	397	
386	125.594	338.452	387	374	385	398	
387	125.594	342.976	388	375	386	399	
388	125.594	347.5	389	376	387	400	
389	125.594	352.024	390	377	388	401	
390	125.594	356.548	378	389	402	403	1350	
391	129.851	306.786	405	392	379	1202	1203	
392	129.851	311.31	393	380	391	406	
393	129.851	315.833	394	381	392	407	
394	129.851	320.357	395	382	393	408	
395	129.851	324.881	396	383	394	409	
396	129.851	329.405	397	384	395	410	
397	129.851	333.929	398	385	396	411	
398	129.851	338.452	399	386	397	412	
399	129.851	342.976	400	387	398	413	
400	129.851	347.5	401	388	399	414	
401	129.851	352.024	402	389	400	415	
402	129.851	356.548	403	390	401	416	
403	129.851	361.071	390	402	417	404	1350	
404	129.851	365.595	403	418	1346	1347	1349	1350	
405	134.109	306.786	419	406	391	1203	1204	
406	134.109	311.31	407	392	405	420	
407	134.109	315.833	408	393	406	421	
408	134.109	320.357	409	394	407	422	
409	134.109	324.881	410	395	408	423	
410	134.109	329.405	411	396	409	424	
411	134.109	333.929	412	397	410	425	
412	134.109	338.452	413	398	411	426	
413	134.109	342.976	414	399	412	427	
414	134.109	347.5	415	400	413	428	
415	134.109	352.024	416	401	414	429	
416	134.109	356.548	417	402	415	430	
417	134.109	361.071	418	403	416	431	
418	134.109	365.595	404	417	432	1345	1346	
419	138.366	306.786	433	420	405	1204	1205	
420	138.366	311.31	421	406	419	434	
421	138.366	315.833	422	407	420	435	
422	138.366	320.357	423	408	421	436	
423	138.366	324.881	424	409	422	437	
424	138.366	329.405	425	410	423	438	
425	138.366	333.929	426	411	424	439	
426	138.366	338.452	427	412	425	440	
427	138.366	342.976	428	413	426	441	
428	138.366	347.5	429	414	427	442	
429	138.366	352.024	430	415	428	443	
430	138.366	356.548	431	416	429	444	
431	138.366	361.071	432	417	430	445	
432	138.366	365.595	418	431	446	1344	1345	
433	142.624	306.786	447	434	419	1205	1206	
434	142.624	311.31	435	420	433	448	
435	142.624	315.833	436	421	434	449	
436	142.624	320.357	437	422	435	450	
437	142.624	324.881	438	423	436	451	
438	142.624	329.405	439	424	437	452	
439	142.624	333.929	440	425	438	453	
440	142.624	338.452	441	426	439	454	
441	142.624	342.976	442	427	440	455	
442	142.624	347.5	443	428	441	456	
443	142.624	352.024	444	429	442	457	
444	142.624	356.548	445	430	443	458	
445	142.624	361.071	446	431	444	459	
446	142.624	365.595	432	445	460	1343	1344	
447	146.881	306.786	461	448	433	1206	1207	
448	146.881	311.31	449	434	447	462	
449	146.881	315.833	450	435	448	463	
450	146.881	320.357	451	436	449	464	
451	146.881	324.881	452	437	450	465	
452	146.881	329.405	453	438	451	466	
453	146.881	333.929	454	439	452	467	
454	146.881	338.452	455	440	453	468	
455	146.881	342.976	456	441	454	469	
456	146.881	347.5	457	442	455	470	
457	146.881	352.024	458	443	456	471	
458	146.881	356.548	459	444	457	472	
459	146.881	361.071	460	445	458	473	
460	146.881	365.595	446	459	474	1342	1343	
461	151.139	306.786	475	462	447	1207	1208	
462	151.139	311.31	463	448	461	476	
463	151.139	315.833	464	449	462	477	
464	151.139	320.357	465	450	463	478	
465	151.139	324.881	466	451	464	479	
466	151.139	329.405	467	452	465	480	
467	151.139	333.929	468	453	466	481	
468	151.139	338.452	469	454	467	482	
469	151.139	342.976	470	455	468	483	
470	151.139	347.5	471	456	469	484	
471	151.139	352.024	472	457	470	485	
472	151.139	356.548	473	458	471	486	
473	151.139	361.071	474	459	472	487	
474	151.139	365.595	460	473	488	1341	1342	
475	155.396	306.786	489	476	461	1208	1209	
476	155.396	311.31	477	462	475	490	
477	155.396	315.833	478	463	476	491	
478	155.396	320.357	479	464	477	492	
479	155.396	324.881	480	465	478	493	
480	155.396	329.405	481	466	479	494	
481	155.396	333.929	482	467	480	495	
482	155.396	338.452	483	468	481	496	
483	155.396	342.976	484	469	482	497	
484	155.396	347.5	485	470	483	498	
485	155.396	352.024	486	471	484	499	
486	155.396	356.548	487	472	485	500	
487	155.396	361.071	488	473	486	501	
488	155.396	365.595	474	487	502	1340	1341	
489	159.653	306.786	503	490	475	1209	1210	
490	159.653	311.31	491	476	489	504	
491	159.653	315.833	492	477	490	505	
492	159.653	320.357	493	478	491	506	
493	159.653	324.881	494	479	492	507	
494	159.653	329.405	495	480	493	508	
495	159.653	333.929	496	481	494	509	
496	159.653	338.452	497	482	495	510	
497	159.653	342.976	498	483	496	511	
498	159.653	347.5	499	484	497	512	
499	159.653	352.024	500	485	498	513	
500	159.653	356.548	501	486	499	514	
501	159.653	361.071	502	487	500	515	
502	159.653	365.595	488	501	516	1339	1340	
503	163.911	306.786	517	504	489	1210	1211	
504	163.911	311.31	505	490	503	518	
505	163.911	315.833	506	491	504	519	
506	163.911	320.357	507	492	505	520	
507	163.911	324.881	508	493	506	521	
508	163.911	329.405	509	494	507	522	
509	163.911	333.929	510	495	508	523	
510	163.911	338.452	511	496	509	524	
511	163.911	342.976	512	497	510	525	
512	163.911	347.5	513	498	511	526	
513	163.911	352.024	514	499	512	527	
514	163.911	356.548	515	500	513	528	
515	163.911	361.071	516	501	514	529	
516	163.911	365.595	502	515	530	1338	1339	
517	168.168	306.786	531	518	503	1211	1212	
518	168.168	311.31	519	504	517	532	
519	168.168	315.833	520	505	518	533	
520	168.168	320.357	521	506	519	534	
521	168.168	324.881	522	507	520	535	
522	168.168	329.405	523	508	521	536	
523	168.168	333.929	524	509	522	537	
524	168.168	338.452	525	510	523	538	
525	168.168	342.976	526	511	524	539	
526	168.168	347.5	527	512	525	540	
527	168.168	352.024	528	513	526	541	
528	168.168	356.548	529	514	527	542	
529	168.168	361.071	530	515	528	543	
530	168.168	365.595	516	529	544	1337	1338	
531	172.426	306.786	545	532	517	1212	1213	
532	172.426	311.31	533	518	531	546	
533	172.426	315.833	534	519	532	547	
534	172.426	320.357	535	520	533	548	
535	172.426	324.881	536	521	534	549	
536	172.426	329.405	537	522	535	550	
537	172.426	333.929	538	523	536	551	
538	172.426	338.452	539	524	537	552	
539	172.426	342.976	540	525	538	553	
540	172.426	347.5	541	526	539	554	
541	172.426	352.024	542	527	540	555	
542	172.426	356.548	543	528	541	556	
543	172.426	361.071	544	529	542	557	
544	172.426	365.595	530	543	558	1336	1337	
545	176.683	306.786	559	546	531	1213	1214	
546	176.683	311.31	547	532	545	560	
547	176.683	315.833	548	533	546	561	
548	176.683	320.357	549	534	547	562	
549	176.683	324.881	550	535	548	563	
550	176.683	329.405	551	536	549	564	
551	176.683	333.929	552	537	550	565	
552	176.683	338.452	553	538	551	566	
553	176.683	342.976	554	539	552	567	
554	176.683	347.5	555	540	553	568	
555	176.683	352.024	556	541	554	569	
556	176.683	356.548	557	542	555	570	
557	176.683	361.071	558	543	556	571	
558	176.683	365.595	544	557	571	1335	1336	
559	180.941	306.786	572	560	545	1214	1215	
560	180.941	311.31	561	546	559	573	
561	180.941	315.833	562	547	560	574	
562	180.941	320.357	563	548	561	575	
563	180.941	324.881	564	549	562	576	
564	180.941	329.405	565	550	563	577	
565	180.941	333.929	566	551	564	578	
566	180.941	338.452	567	552	565	579	
567	180.941	342.976	568	553	566	580	
568	180.941	347.5	569	554	567	581	
569	180.941	352.024	570	555	568	582	
570	180.941	356.548	571	556	569	583	
571	180.941	361.071	558	557	570	584	1334	1335	
572	185.198	306.786	585	573	559	1215	1216	
573	185.198	311.31	574	560	572	586	
574	185.198	315.833	575	561	573	587	
575	185.198	320.357	576	562	574	588	
576	185.198	324.881	577	563	575	589	
577	185.198	329.405	578	564	576	590	
578	185.198	333.929	579	565	577	591	
579	185.198	338.452	580	566	578	592	
580	185.198	342.976	581	567	579	593	
581	185.198	347.5	582	568	580	594	
582	185.198	352.024	583	569	581	595	
583	185.198	356.548	584	570	582	596	
584	185.198	361.071	571	583	597	1333	1334	
585	189.455	306.786	598	586	572	1216	1217	
586	189.455	311.31	587	573	585	599	
587	189.455	315.833	588	574	586	600	
588	189.455	320.357	589	575	587	601	
589	189.455	324.881	590	576	588	602	
590	189.455	329.405	591	577	589	603	
591	189.455	333.929	592	578	590	604	
592	189.455	338.452	593	579	591	605	
593	189.455	342.976	594	580	592	606	
594	189.455	347.5	595	581	593	607	
595	189.455	352.024	596	582	594	608	
596	189.455	356.548	597	583	595	609	
597	189.455	361.071	584	596	610	1332	1333	
598	193.713	306.786	611	599	585	1217	1218	
599	193.713	311.31	600	586	598	612	
600	193.713	315.833	601	587	599	613	
601	193.713	320.357	602	588	600	614	
602	193.713	324.881	603	589	601	615	
603	193.713	329.405	604	590	602	616	
604	193.713	333.929	605	591	603	617	
605	193.713	338.452	606	592	604	618	
606	193.713	342.976	607	593	605	619	
607	193.713	347.5	608	594	606	620	
608	193.713	352.024	609	595	607	621	
609	193.713	356.548	610	596	608	622	
610	193.713	361.071	597	609	623	1331	1332	
611	197.97	306.786	624	612	598	1218	1219	
612	197.97	311.31	613	599	611	625	
613	197.97	315.833	614	600	612	626	
614	197.97	320.357	615	601	613	627	
615	197.97	324.881	616	602	614	628	
616	197.97	329.405	617	603	615	629	
617	197.97	333.929	618	604	616	630	
618	197.97	338.452	619	605	617	631	
619	197.97	342.976	620	606	618	632	
620	197.97	347.5	621	607	619	633	
621	197.97	352.024	622	608	620	634	
622	197.97	356.548	623	609	621	635	
623	197.97	361.071	610	622	635	1330	1331	
624	202.228	306.786	636	625	611	1219	1220	
625	202.228	311.31	626	612	624	637	
626	202.228	315.833	627	613	625	638	
627	202.228	320.357	628	614	626	639	
628	202.228	324.881	629	615	627	640	
629	202.228	329.405	630	616	628	641	
630	202.228	333.929	631	617	629	642	
631	202.228	338.452	632	618	630	643	
632	202.228	342.976	633	619	631	644	
633	202.228	347.5	634	620	632	645	
634	202.228	352.024	635	621	633	646	
635	202.228	356.548	623	622	634	647	648	1330	
636	206.485	306.786	649	637	624	1220	1221	
637	206.485	311.31	638	625	636	650	
638	206.485	315.833	639	626	637	651	
639	206.485	320.357	640	627	638	652	
640	206.485	324.881	641	628	639	653	
641	206.485	329.405	642	629	640	654	
642	206.485	333.929	643	630	641	655	
643	206.485	338.452	644	631	642	656	
644	206.485	342.976	645	632	643	657	
645	206.485	347.5	646	633	644	658	
646	206.485	352.024	647	634	645	659	
647	206.485	356.548	648	635	646	660	
648	206.485	361.071	635	647	661	1329	1330	
649	210.743	306.786	662	650	636	1221	1222	
650	210.743	311.31	651	637	649	663	
651	210.743	315.833	652	638	650	664	
652	210.743	320.357	653	639	651	665	
653	210.743	324.881	654	640	652	666	
654	210.743	329.405	655	641	653	667	
655	210.743	333.929	656	642	654	668	
656	210.743	338.452	657	643	655	669	
657	210.743	342.976	658	644	656	670	
658	210.743	347.5	659	645	657	671	
659	210.743	352.024	660	646	658	672	
660	210.743	356.548	661	647	659	673	
661	210.743	361.071	648	660	674	1328	1329	
662	215	306.786	675	663	649	1222	1223	
663	215	311.31	664	650	662	676	
664	215	315.833	665	651	663	677	
665	215	320.357	666	652	664	678	
666	215	324.881	667	653	665	679	
667	215	329.405	668	654	666	680	
668	215	333.929	669	655	667	681	
669	215	338.452	670	656	668	682	
670	215	342.976	671	657	669	683	
671	215	347.5	672	658	670	684	
672	215	352.024	673	659	671	685	
673	215	356.548	674	660	672	686	
674	215	361.071	661	673	686	1327	1328	
675	219.257	306.786	687	676	662	1223	1224	
676	219.257	311.31	677	663	675	688	
677	219.257	315.833	678	664	676	689	
678	219.257	320.357	679	665	677	690	
679	219.257	324.881	680	666	678	691	
680	219.257	329.405	681	667	679	692	
681	219.257	333.929	682	668	680	693	
682	219.257	338.452	683	669	681	694	
683	219.257	342.976	684	670	682	695	
684	219.257	347.5	685	671	683	696	
685	219.257	352.024	686	672	684	697	
686	219.257	356.548	674	673	685	698	1326	1327	
687	223.515	306.786	699	688	675	1224	1225	
688	223.515	311.31	689	676	687	700	
689	223.515	315.833	690	677	688	701	
690	223.515	320.357	691	678	689	702	
691	223.515	324.881	692	679	690	703	
692	223.515	329.405	693	680	691	704	
693	223.515	333.929	694	681	692	705	
694	223.515	338.452	695	682	693	706	
695	223.515	342.976	696	683	694	707	
696	223.515	347.5	697	684	695	708	
697	223.515	352.024	698	685	696	709	
698	223.515	356.548	686	697	710	1325	1326	
699	227.772	306.786	711	700	687	1225	1226	
700	227.772	311.31	701	688	699	712	
701	227.772	315.833	702	689	700	713	
702	227.772	320.357	703	690	701	714	
703	227.772	324.881	704	691	702	715	
704	227.772	329.405	705	692	703	716	
705	227.772	333.929	706	693	704	717	
706	227.772	338.452	707	694	705	718	
707	227.772	342.976	708	695	706	719	
708	227.772	347.5	709	696	707	720	
709	227.772	352.024	710	697	708	721	
710	227.772	356.548	698	709	722	1324	1325	
711	232.03	306.786	723	712	699	1226	1227	
712	232.03	311.31	713	700	711	724	
713	232.03	315.833	714	701	712	725	
714	232.03	320.357	715	702	713	726	
715	232.03	324.881	716	703	714	727	
716	232.03	329.405	717	704	715	728	
717	232.03	333.929	718	705	716	729	
718	232.03	338.452	719	706	717	730	
719	232.03	342.976	720	707	718	731	
720	232.03	347.5	721	708	719	732	
721	232.03	352.024	722	709	720	733	
722	232.03	356.548	710	721	734	1323	1324	
723	236.287	306.786	735	724	711	1227	1228	
724	236.287	311.31	725	712	723	736	
725	236.287	315.833	726	713	724	737	
726	236.287	320.357	727	714	725	738	
727	236.287	324.881	728	715	726	739	
728	236.287	329.405	729	716	727	740	
729	236.287	333.929	730	717	728	741	
730	236.287	338.452	731	718	729	742	
731	236.287	342.976	732	719	730	743	
732	236.287	347.5	733	720	731	744	
733	236.287	352.024	734	721	732	745	
734	236.287	356.548	722	733	746	1322	1323	
735	240.545	306.786	747	736	723	1228	1229	
736	240.545	311.31	737	724	735	748	
737	240.545	315.833	738	725	736	749	
738	240.545	320.357	739	726	737	750	
739	240.545	324.881	740	727	738	751	
740	240.545	329.405	741	728	739	752	
741	240.545	333.929	742	729	740	753	
742	240.545	338.452	743	730	741	754	
743	240.545	342.976	744	731	742	755	
744	240.545	347.5	745	732	743	756	
745	240.545	352.024	746	733	744	757	
746	240.545	356.548	734	745	758	1321	1322	
747	244.802	306.786	759	748	735	1229	1230	
748	244.802	311.31	749	736	747	760	
749	244.802	315.833	750	737	748	761	
750	244.802	320.357	751	738	749	762	
751	244.802	324.881	752	739	750	763	
752	244.802	329.405	753	740	751	764	
753	244.802	333.929	754	741	752	765	
754	244.802	338.452	755	742	753	766	
755	244.802	342.976	756	743	754	767	
756	244.802	347.5	757	744	755	768	
757	244.802	352.024	758	745	756	769	
758	244.802	356.548	746	757	769	1320	1321	
759	249.059	306.786	770	760	747	1230	1231	
760	249.059	311.31	761	748	759	771	
761	249.059	315.833	762	749	760	772	
762	249.059	320.357	763	750	761	773	
763	249.059	324.881	764	751	762	774	
764	249.059	329.405	765	752	763	775	
765	249.059	333.929	766	753	764	776	
766	249.059	338.452	767	754	765	777	
767	249.059	342.976	768	755	766	778	
768	249.059	347.5	769	756	767	779	
769	249.059	352.024	758	757	768	780	1319	1320	
770	253.317	306.786	781	771	759	1231	1232	
771	253.317	311.31	772	760	770	782	
772	253.317	315.833	773	761	771	783	
773	253.317	320.357	774	762	772	784	
774	253.317	324.881	775	763	773	785	
775	253.317	329.405	776	764	774	786	
776	253.317	333.929	777	765	775	787	
777	253.317	338.452	778	766	776	788	
778	253.317	342.976	779	767	777	789	
779	253.317	347.5	780	768	778	790	
780	253.317	352.024	769	779	791	1319	
781	257.574	306.786	792	782	770	1232	1233	
782	257.574	311.31	783	771	781	793	
783	257.574	315.833	784	772	782	794	
784	257.574	320.357	785	773	783	795	
785	257.574	324.881	786	774	784	796	
786	257.574	329.405	787	775	785	797	
787	257.574	333.929	788	776	786	798	
788	257.574	338.452	789	777	787	799	
789	257.574	342.976	790	778	788	800	
790	257.574	347.5	791	779	789	801	
791	257.574	352.024	780	790	802	1318	1319	
792	261.832	306.786	803	793	781	1233	1234	
793	261.832	311.31	794	782	792	804	
794	261.832	315.833	795	783	793	805	
795	261.832	320.357	796	784	794	806	
796	261.832	324.881	797	785	795	807	
797	261.832	329.405	798	786	796	808	
798	261.832	333.929	799	787	797	809	
799	261.832	338.452	800	788	798	810	
800	261.832	342.976	801	789	799	811	
801	261.832	347.5	802	790	800	812	
802	261.832	352.024	791	801	813	1317	1318	
803	266.089	306.786	814	804	792	1234	1235	
804	266.089	311.31	805	793	803	815	
805	266.089	315.833	806	794	804	816	
806	266.089	320.357	807	795	805	817	
807	266.089	324.881	808	796	806	818	
808	266.089	329.405	809	797	807	819	
809	266.089	333.929	810	798	808	820	
810	266.089	338.452	811	799	809	821	
811	266.089	342.976	812	800	810	822	
812	266.089	347.5	813	801	811	823	
813	266.089	352.024	802	812	824	1316	1317	
814	270.347	306.786	825	815	803	1235	1236	
815	270.347	311.31	816	804	814	826	
816	270.347	315.833	817	805	815	827	
817	270.347	320.357	818	806	816	828	
818	270.347	324.881	819	807	817	829	
819	270.347	329.405	820	808	818	830	
820	270.347	333.929	821	809	819	831	
821	270.347	338.452	822	810	820	832	
822	270.347	342.976	823	811	821	833	
823	270.347	347.5	824	812	822	834	
824	270.347	352.024	813	823	834	1315	1316	
825	274.604	306.786	835	826	814	1236	1237	
826	274.604	311.31	827	815	825	836	
827	274.604	315.833	828	816	826	837	
828	274.604	320.357	829	817	827	838	
829	274.604	324.881	830	818	828	839	
830	274.604	329.405	831	819	829	840	
831	274.604	333.929	832	820	830	841	
832	274.604	338.452	833	821	831	842	
833	274.604	342.976	834	822	832	843	
834	274.604	347.5	824	823	833	844	1314	1315	
835	278.861	306.786	845	836	825	1237	1238	
836	278.861	311.31	837	826	835	846	
837	278.861	315.833	838	827	836	847	
838	278.861	320.357	839	828	837	848	
839	278.861	324.881	840	829	838	849	
840	278.861	329.405	841	830	839	850	
841	278.861	333.929	842	831	840	851	
842	278.861	338.452	843	832	841	852	
843	278.861	342.976	844	833	842	853	
844	278.861	347.5	834	843	854	1313	1314	
845	283.119	306.786	855	846	835	1238	1239	
846	283.119	311.31	847	836	845	856	
847	283.119	315.833	848	837	846	857	
848	283.119	320.357	849	838	847	858	
849	283.119	324.881	850	839	848	859	
850	283.119	329.405	851	840	849	860	
851	283.119	333.929	852	841	850	861	
852	283.119	338.452	853	842	851	862	
853	283.119	342.976	854	843	852	863	
854	283.119	347.5	844	853	864	1313	
855	287.376	306.786	865	856	845	1239	1240	
856	287.376	311.31	857	846	855	866	
857	287.376	315.833	858	847	856	867	
858	287.376	320.357	859	848	857	868	
859	287.376	324.881	860	849	858	869	
860	287.376	329.405	861	850	859	870	
861	287.376	333.929	862	851	860	871	
862	287.376	338.452	863	852	861	872	
863	287.376	342.976	864	853	862	873	
864	287.376	347.5	854	863	874	1312	1313	
865	291.634	306.786	875	866	855	1240	1241	
866	291.634	311.31	867	856	865	876	
867	291.634	315.833	868	857	866	877	
868	291.634	320.357	869	858	867	878	
869	291.634	324.881	870	859	868	879	
870	291.634	329.405	871	860	869	880	
871	291.634	333.929	872	861	870	881	
872	291.634	338.452	873	862	871	882	
873	291.634	342.976	874	863	872	883	
874	291.634	347.5	864	873	884	1311	1312	
875	295.891	306.786	885	876	865	1241	1242	
876	295.891	311.31	877	866	875	886	
877	295.891	315.833	878	867	876	887	
878	295.891	320.357	879	868	877	888	
879	295.891	324.881	880	869	878	889	
880	295.891	329.405	881	870	879	890	
881	295.891	333.929	882	871	880	891	
882	295.891	338.452	883	872	881	892	
883	295.891	342.976	884	873	882	893	
884	295.891	347.5	874	883	894	1310	1311	
885	300.149	306.786	895	886	875	1242	1243	
886	300.149	311.31	887	876	885	896	
887	300.149	315.833	888	877	886	897	
888	300.149	320.357	889	878	887	898	
889	300.149	324.881	890	879	888	899	
890	300.149	329.405	891	880	889	900	
891	300.149	333.929	892	881	890	901	
892	300.149	338.452	893	882	891	902	
893	300.149	342.976	894	883	892	903	
894	300.149	347.5	884	893	904	1309	1310	
895	304.406	306.786	905	896	885	1243	1244	
896	304.406	311.31	897	886	895	906	
897	304.406	315.833	898	887	896	907	
898	304.406	320.357	899	888	897	908	
899	304.406	324.881	900	889	898	909	
900	304.406	329.405	901	890	899	910	
901	304.406	333.929	902	891	900	911	
902	304.406	338.452	903	892	901	912	
903	304.406	342.976	904	893	902	913	
904	304.406	347.5	894	903	914	1308	1309	
905	308.663	306.786	915	906	895	1244	1245	
906	308.663	311.31	907	896	905	916	
907	308.663	315.833	908	897	906	917	
908	308.663	320.357	909	898	907	918	
909	308.663	324.881	910	899	908	919	
910	308.663	329.405	911	900	909	920	
911	308.663	333.929	912	901	910	921	
912	308.663	338.452	913	902	911	922	
913	308.663	342.976	914	903	912	923	
914	308.663	347.5	904	913	924	1307	1308	
915	312.921	306.786	925	916	905	1245	1246	
916	312.921	311.31	917	906	915	926	
917	312.921	315.833	918	907	916	927	
918	312.921	320.357	919	908	917	928	
919	312.921	324.881	920	909	918	929	
920	312.921	329.405	921	910	919	930	
921	312.921	333.929	922	911	920	931	
922	312.921	338.452	923	912	921	932	
923	312.921	342.976	924	913	922	933	
924	312.921	347.5	914	923	934	1306	1307	
925	317.178	306.786	935	926	915	1246	1247	
926	317.178	311.31	927	916	925	936	
927	317.178	315.833	928	917	926	937	
928	317.178	320.357	929	918	927	938	
929	317.178	324.881	930	919	928	939	
930	317.178	329.405	931	920	929	940	
931	317.178	333.929	932	921	930	941	
932	317.178	338.452	933	922	931	942	
933	317.178	342.976	934	923	932	943	
934	317.178	347.5	924	933	944	1305	1306	
935	321.436	306.786	945	936	925	1247	1248	
936	321.436	311.31	937	926	935	946	
937	321.436	315.833	938	927	936	947	
938	321.436	320.357	939	928	937	948	
939	321.436	324.881	940	929	938	949	
940	321.436	329.405	941	930	939	950	
941	321.436	333.929	942	931	940	951	
942	321.436	338.452	943	932	941	952	
943	321.436	342.976	944	933	942	953	
944	321.436	347.5	934	943	954	1304	1305	
945	325.693	306.786	955	946	935	1248	1249	
946	325.693	311.31	947	936	945	956	
947	325.693	315.833	948	937	946	957	
948	325.693	320.357	949	938	947	958	
949	325.693	324.881	950	939	948	959	
950	325.693	329.405	951	940	949	960	
951	325.693	333.929	952	941	950	961	
952	325.693	338.452	953	942	951	962	
953	325.693	342.976	954	943	952	963	
954	325.693	347.5	944	953	964	1303	1304	
955	329.95	306.786	965	956	945	1249	1250	
956	329.95	311.31	957	946	955	966	
957	329.95	315.833	958	947	956	967	
958	329.95	320.357	959	948	957	968	
959	329.95	324.881	960	949	958	969	
960	329.95	329.405	961	950	959	970	
961	329.95	333.929	962	951	960	971	
962	329.95	338.452	963	952	961	972	
963	329.95	342.976	964	953	962	973	
964	329.95	347.5	954	963	974	1302	1303	
965	334.208	306.786	975	966	955	1250	1251	
966	334.208	311.31	967	956	965	976	
967	334.208	315.833	968	957	966	977	
968	334.208	320.357	969	958	967	978	
969	334.208	324.881	970	959	968	979	
970	334.208	329.405	971	960	969	980	
971	334.208	333.929	972	961	970	981	
972	334.208	338.452	973	962	971	982	
973	334.208	342.976	974	963	972	983	
974	334.208	347.5	964	973	984	1301	1302	
975	338.465	306.786	985	976	965	1251	1252	
976	338.465	311.31	977	966	975	986	
977	338.465	315.833	978	967	976	987	
978	338.465	320.357	979	968	977	988	
979	338.465	324.881	980	969	978	989	
980	338.465	329.405	981	970	979	990	
981	338.465	333.929	982	971	980	991	
982	338.465	338.452	983	972	981	992	
983	338.465	342.976	984	973	982	993	
984	338.465	347.5	974	983	994	1300	1301	
985	342.723	306.786	995	986	975	1252	1253	
986	342.723	311.31	987	976	985	996	
987	342.723	315.833	988	977	986	997	
988	342.723	320.357	989	978	987	998	
989	342.723	324.881	990	979	988	999	
990	342.723	329.405	991	980	989	1000	
991	342.723	333.929	992	981	990	1001	
992	342.723	338.452	993	982	991	1002	
993	342.723	342.976	994	983	992	1003	
994	342.723	347.5	984	993	1004	1299	1300	
995	346.98	306.786	1005	996	985	1253	1254	
996	346.98	311.31	997	986	995	1006	
997	346.98	315.833	998	987	996	1007	
998	346.98	320.357	999	988	997	1008	
999	346.98	324.881	1000	989	998	1009	
1000	346.98	329.405	1001	990	999	1010	
1001	346.98	333.929	1002	991	1000	1011	
1002	346.98	338.452	1003	992	1001	1012	
1003	346.98	342.976	1004	993	1002	1013	
1004	346.98	347.5	994	1003	1014	1299	
1005	351.238	306.786	1015	1006	995	1254	1255	
1006	351.238	311.31	1007	996	1005	1016	
1007	351.238	315.833	1008	997	1006	1017	
1008	351.238	320.357	1009	998	1007	1018	
1009	351.238	324.881	1010	999	1008	1019	
1010	351.238	329.405	1011	1000	1009	1020	
1011	351.238	333.929	1012	1001	1010	1021	
1012	351.238	338.452	1013	1002	1011	1022	
1013	351.238	342.976	1014	1003	1012	1023	
1014	351.238	347.5	1004	1013	1024	1298	1299	
1015	355.495	306.786	1025	1016	1005	1255	1256	
1016	355.495	311.31	1017	1006	1015	1026	
1017	355.495	315.833	1018	1007	1016	1027	
1018	355.495	320.357	1019	1008	1017	1028	
1019	355.495	324.881	1020	1009	1018	1029	
1020	355.495	329.405	1021	1010	1019	1030	
1021	355.495	333.929	1022	1011	1020	1031	
1022	355.495	338.452	1023	1012	1021	1032	
1023	355.495	342.976	1024	1013	1022	1033	
1024	355.495	347.5	1014	1023	1034	1297	1298	
1025	359.752	306.786	1035	1026	1015	1256	1257	
1026	359.752	311.31	1027	1016	1025	1036	
1027	359.752	315.833	1028	1017	1026	1037	
1028	359.752	320.357	1029	1018	1027	1038	
1029	359.752	324.881	1030	1019	1028	1039	
1030	359.752	329.405	1031	1020	1029	1040	
1031	359.752	333.929	1032	1021	1030	1041	
1032	359.752	338.452	1033	1022	1031	1042	
1033	359.752	342.976	1034	1023	1032	1043	
1034	359.752	347.5	1024	1033	1044	1296	1297	
1035	364.01	306.786	1045	1036	1025	1257	1258	
1036	364.01	311.31	1037	1026	1035	1046	
1037	364.01	315.833	1038	1027	1036	1047	
1038	364.01	320.357	1039	1028	1037	1048	
1039	364.01	324.881	1040	1029	1038	1049	
1040	364.01	329.405	1041	1030	1039	1050	
1041	364.01	333.929	1042	1031	1040	1051	
1042	364.01	338.452	1043	1032	1041	1052	
1043	364.01	342.976	1044	1033	1042	1053	
1044	364.01	347.5	1034	1043	1054	1295	1296	
1045	368.267	306.786	1055	1046	1035	1258	1259	
1046	368.267	311.31	1047	1036	1045	1056	
1047	368.267	315.833	1048	1037	1046	1057	
1048	368.267	320.357	1049	1038	1047	1058	
1049	368.267	324.881	1050	1039	1048	1059	
1050	368.267	329.405	1051	1040	1049	1060	
1051	368.267	333.929	1052	1041	1050	1061	
1052	368.267	338.452	1053	1042	1051	1062	
1053	368.267	342.976	1054	1043	1052	1063	
1054	368.267	347.5	1044	1053	1064	1294	1295	
1055	372.525	306.786	1065	1056	1045	1259	1260	
1056	372.525	311.31	1057	1046	1055	1066	
1057	372.525	315.833	1058	1047	1056	1067	
1058	372.525	320.357	1059	1048	1057	1068	
1059	372.525	324.881	1060	1049	1058	1069	
1060	372.525	329.405	1061	1050	1059	1070	
1061	372.525	333.929	1062	1051	1060	1071	
1062	372.525	338.452	1063	1052	1061	1072	
1063	372.525	342.976	1064	1053	1062	1073	
1064	372.525	347.5	1054	1063	1074	1293	1294	
1065	376.782	306.786	1075	1066	1055	1260	1261	
1066	376.782	311.31	1067	1056	1065	1076	
1067	376.782	315.833	1068	1057	1066	1077	
1068	376.782	320.357	1069	1058	1067	1078	
1069	376.782	324.881	1070	1059	1068	1079	
1070	376.782	329.405	1071	1060	1069	1080	
1071	376.782	333.929	1072	1061	1070	1081	
1072	376.782	338.452	1073	1062	1071	1082	
1073	376.782	342.976	1074	1063	1072	1083	
1074	376.782	347.5	1064	1073	1083	1292	1293	
1075	381.04	306.786	1084	1076	1065	1261	1262	
1076	381.04	311.31	1077	1066	1075	1085	
1077	381.04	315.833	1078	1067	1076	1086	
1078	381.04	320.357	1079	1068	1077	1087	
1079	381.04	324.881	1080	1069	1078	1088	
1080	381.04	329.405	1081	1070	1079	1089	
1081	381.04	333.929	1082	1071	1080	1090	
1082	381.04	338.452	1083	1072	1081	1091	
1083	381.04	342.976	1074	1073	1082	1092	1291	1292	
1084	385.297	306.786	1093	1085	1075	1262	1263	
1085	385.297	311.31	1086	1076	1084	1094	
1086	385.297	315.833	1087	1077	1085	1095	
1087	385.297	320.357	1088	1078	1086	1096	
1088	385.297	324.881	1089	1079	1087	1097	
1089	385.297	329.405	1090	1080	1088	1098	
1090	385.297	333.929	1091	1081	1089	1099	
1091	385.297	338.452	1092	1082	1090	1100	
1092	385.297	342.976	1083	1091	1101	1290	1291	
1093	389.554	306.786	1102	1094	1084	1263	1264	
1094	389.554	311.31	1095	1085	1093	1103	
1095	389.554	315.833	1096	1086	1094	1104	
1096	389.554	320.357	1097	1087	1095	1105	
1097	389.554	324.881	1098	1088	1096	1106	
1098	389.554	329.405	1099	1089	1097	1107	
1099	389.554	333.929	1100	1090	1098	1108	
1100	389.554	338.452	1101	1091	1099	1109	
1101	389.554	342.976	1092	1100	1110	1289	1290	
1102	393.812	306.786	1111	1103	1093	1264	1265	
1103	393.812	311.31	1104	1094	1102	1112	
1104	393.812	315.833	1105	1095	1103	1113	
1105	393.812	320.357	1106	1096	1104	1114	
1106	393.812	324.881	1107	1097	1105	1115	
1107	393.812	329.405	1108	1098	1106	1116	
1108	393.812	333.929	1109	1099	1107	1117	
1109	393.812	338.452	1110	1100	1108	1118	
1110	393.812	342.976	1101	1109	1119	1288	1289	
1111	398.069	306.786	1120	1112	1102	1265	1266	
1112	398.069	311.31	1113	1103	1111	1121	
1113	398.069	315.833	1114	1104	1112	1122	
1114	398.069	320.357	1115	1105	1113	1123	
1115	398.069	324.881	1116	1106	1114	1124	
1116	398.069	329.405	1117	1107	1115	1125	
1117	398.069	333.929	1118	1108	1116	1126	
1118	398.069	338.452	1119	1109	1117	1127	
1119	398.069	342.976	1110	1118	1128	1287	1288	
1120	402.327	306.786	1129	1121	1111	1266	1267	
1121	402.327	311.31	1122	1112	1120	1130	
1122	402.327	315.833	1123	1113	1121	1131	
1123	402.327	320.357	1124	1114	1122	1132	
1124	402.327	324.881	1125	1115	1123	1133	
1125	402.327	329.405	1126	1116	1124	1134	
1126	402.327	333.929	1127	1117	1125	1135	
1127	402.327	338.452	1128	1118	1126	1136	
1128	402.327	342.976	1119	1127	1137	1286	1287	
1129	406.584	306.786	1138	1130	1120	1267	1268	
1130	406.584	311.31	1131	1121	1129	1139	
1131	406.584	315.833	1132	1122	1130	1140	
1132	406.584	320.357	1133	1123	1131	1141	
1133	406.584	324.881	1134	1124	1132	1142	
1134	406.584	329.405	1135	1125	1133	1143	
1135	406.584	333.929	1136	1126	1134	1144	
1136	406.584	338.452	1137	1127	1135	1145	
1137	406.584	342.976	1128	1136	1146	1285	1286	
1138	410.842	306.786	1147	1139	1129	1268	1269	
1139	410.842	311.31	1140	1130	1138	1148	
1140	410.842	315.833	1141	1131	1139	1149	
1141	410.842	320.357	1142	1132	1140	1150	
1142	410.842	324.881	1143	1133	1141	1151	
1143	410.842	329.405	1144	1134	1142	1152	
1144	410.842	333.929	1145	1135	1143	1153	
1145	410.842	338.452	1146	1136	1144	1154	
1146	410.842	342.976	1137	1145	1155	1284	1285	
1147	415.099	306.786	1156	1148	1138	1269	1270	
1148	415.099	311.31	1149	1139	1147	1157	
1149	415.099	315.833	1150	1140	1148	1158	
1150	415.099	320.357	1151	1141	1149	1159	
1151	415.099	324.881	1152	1142	1150	1160	
1152	415.099	329.405	1153	1143	1151	1161	
1153	415.099	333.929	1154	1144	1152	1162	
1154	415.099	338.452	1155	1145	1153	1163	
1155	415.099	342.976	1146	1154	1164	1283	1284	
1156	419.356	306.786	1165	1157	1147	1270	1271	
1157	419.356	311.31	1158	1148	1156	1166	
1158	419.356	315.833	1159	1149	1157	1167	
1159	419.356	320.357	1160	1150	1158	1168	
1160	419.356	324.881	1161	1151	1159	1169	
1161	419.356	329.405	1162	1152	1160	1170	
1162	419.356	333.929	1163	1153	1161	1171	
1163	419.356	338.452	1164	1154	1162	1172	
1164	419.356	342.976	1155	1163	1173	1282	1283	
1165	423.614	306.786	1166	1156	1271	1272	1273	
1166	423.614	311.31	1167	1157	1165	1273	1274	
1167	423.614	315.833	1168	1158	1166	1274	1275	
1168	423.614	320.357	1169	1159	1167	1275	1276	
1169	423.614	324.881	1170	1160	1168	1276	1277	
1170	423.614	329.405	1171	1161	1169	1277	1278	
1171	423.614	333.929	1172	1162	1170	1278	1279	
1172	423.614	338.452	1173	1163	1171	1279	1280	
1173	423.614	342.976	1164	1172	1280	1281	1282	
1174	6.45	302.15	1400	1175	20	1	
1175	10.75	302.15	1174	1176	39	20	
1176	15.05	302.15	1175	1177	58	39	
1177	19.35	302.15	1176	1178	77	58	
1178	23.65	302.15	1177	1179	96	77	
1179	27.95	302.15	1178	1180	114	96	
1180	32.25	302.15	1179	1181	132	114	
1181	36.55	302.15	1180	1182	150	132	
1182	40.85	302.15	1181	1183	168	150	
1183	45.15	302.15	1182	1184	180	168	
1184	49.45	302.15	1183	1185	191	180	
1185	53.75	302.15	1184	1186	202	191	
1186	58.05	302.15	1185	1187	213	202	
1187	62.35	302.15	1186	1188	224	213	
1188	66.65	302.15	1187	1189	235	224	
1189	70.95	302.15	1188	1190	246	235	
1190	75.25	302.15	1189	1191	257	246	
1191	79.55	302.15	1190	1192	268	257	
1192	83.85	302.15	1191	1193	279	268	
1193	88.15	302.15	1192	1194	290	279	
1194	92.45	302.15	1193	1195	301	290	
1195	96.75	302.15	1194	1196	312	301	
1196	101.05	302.15	1195	1197	323	312	
1197	105.35	302.15	1196	1198	334	323	
1198	109.65	302.15	1197	1199	345	334	
1199	113.95	302.15	1198	1200	356	345	
1200	118.25	302.15	1199	1201	367	356	
1201	122.55	302.15	1200	1202	379	367	
1202	126.85	302.15	1201	1203	391	379	
1203	131.15	302.15	1202	1204	405	391	
1204	135.45	302.15	1203	1205	419	405	
1205	139.75	302.15	1204	1206	433	419	
1206	144.05	302.15	1205	1207	447	433	
1207	148.35	302.15	1206	1208	461	447	
1208	152.65	302.15	1207	1209	475	461	
1209	156.95	302.15	1208	1210	489	475	
1210	161.25	302.15	1209	1211	503	489	
1211	165.55	302.15	1210	1212	517	503	
1212	169.85	302.15	1211	1213	531	517	
1213	174.15	302.15	1212	1214	545	531	
1214	178.45	302.15	1213	1215	559	545	
1215	182.75	302.15	1214	1216	572	559	
1216	187.05	302.15	1215	1217	585	572	
1217	191.35	302.15	1216	1218	598	585	
1218	195.65	302.15	1217	1219	611	598	
1219	199.95	302.15	1218	1220	624	611	
1220	204.25	302.15	1219	1221	636	624	
1221	208.55	302.15	1220	1222	649	636	
1222	212.85	302.15	1221	1223	662	649	
1223	217.15	302.15	1222	1224	675	662	
1224	221.45	302.15	1223	1225	687	675	
1225	225.75	302.15	1224	1226	699	687	
1226	230.05	302.15	1225	1227	711	699	
1227	234.35	302.15	1226	1228	723	711	
1228	238.65	302.15	1227	1229	735	723	
1229	242.95	302.15	1228	1230	747	735	
1230	247.25	302.15	1229	1231	759	747	
1231	251.55	302.15	1230	1232	770	759	
1232	255.85	302.15	1231	1233	781	770	
1233	260.15	302.15	1232	1234	792	781	
1234	264.45	302.15	1233	1235	803	792	
1235	268.75	302.15	1234	1236	814	803	
1236	273.05	302.15	1235	1237	825	814	
1237	277.35	302.15	1236	1238	835	825	
1238	281.65	302.15	1237	1239	845	835	
1239	285.95	302.15	1238	1240	855	845	
1240	290.25	302.15	1239	1241	865	855	
1241	294.55	302.15	1240	1242	875	865	
1242	298.85	302.15	1241	1243	885	875	
1243	303.15	302.15	1242	1244	895	885	
1244	307.45	302.15	1243	1245	905	895	
1245	311.75	302.15	1244	1246	915	905	
1246	316.05	302.15	1245	1247	925	915	
1247	320.35	302.15	1246	1248	935	925	
1248	324.65	302.15	1247	1249	945	935	
1249	328.95	302.15	1248	1250	955	945	
1250	333.25	302.15	1249	1251	965	955	
1251	337.55	302.15	1250	1252	975	965	
1252	341.85	302.15	1251	1253	985	975	
1253	346.15	302.15	1252	1254	995	985	
1254	350.45	302.15	1253	1255	1005	995	
1255	354.75	302.15	1254	1256	1015	1005	
1256	359.05	302.15	1255	1257	1025	1015	
1257	363.35	302.15	1256	1258	1035	1025	
1258	367.65	302.15	1257	1259	1045	1035	
1259	371.95	302.15	1258	1260	1055	1045	
1260	376.25	302.15	1259	1261	1065	1055	
1261	380.55	302.15	1260	1262	1075	1065	
1262	384.85	302.15	1261	1263	1084	1075	
1263	389.15	302.15	1262	1264	1093	1084	
1264	393.45	302.15	1263	1265	1102	1093	
1265	397.75	302.15	1264	1266	1111	1102	
1266	402.05	302.15	1265	1267	1120	1111	
1267	406.35	302.15	1266	1268	1129	1120	
1268	410.65	302.15	1267	1269	1138	1129	
1269	414.95	302.15	1268	1270	1147	1138	
1270	419.25	302.15	1269	1271	1156	1147	
1271	423.55	302.15	1270	1272	1165	1156	
1272	427.5	302.5	1271	1273	1165	
1273	427.5	307.5	1272	1274	1166	1165	
1274	427.5	312.5	1273	1275	1167	1166	
1275	427.5	317.5	1274	1276	1168	1167	
1276	427.5	322.5	1275	1277	1169	1168	
1277	427.5	327.5	1276	1278	1170	1169	
1278	427.5	332.5	1277	1279	1171	1170	
1279	427.5	337.5	1278	1280	1172	1171	
1280	427.5	342.5	1279	1281	1173	1172	
1281	427.722	347.833	1280	1282	1173	
1282	423.278	347.944	1281	1283	1164	1173	
1283	418.833	348.056	1282	1284	1155	1164	
1284	414.389	348.167	1283	1285	1146	1155	
1285	409.944	348.278	1284	1286	1137	1146	
1286	405.5	348.389	1285	1287	1128	1137	
1287	401.056	348.5	1286	1288	1119	1128	
1288	396.611	348.611	1287	1289	1110	1119	
1289	392.167	348.722	1288	1290	1101	1110	
1290	387.571	348.929	1289	1291	1092	1101	
1291	383.071	349.286	1290	1292	1083	1092	
1292	378.571	349.643	1291	1293	1074	1083	
1293	374.071	350	1292	1294	1064	1074	
1294	369.571	350.357	1293	1295	1054	1064	
1295	365.071	350.714	1294	1296	1044	1054	
1296	360.571	351.071	1295	1297	1034	1044	
1297	356.071	351.429	1296	1298	1024	1034	
1298	351.571	351.786	1297	1299	1014	1024	
1299	347.071	352.143	1298	1300	994	1004	1014	
1300	342.571	352.5	1299	1301	984	994	
1301	338.071	352.857	1300	1302	974	984	
1302	333.571	353.214	1301	1303	964	974	
1303	329.071	353.571	1302	1304	954	964	
1304	324.722	353.722	1303	1305	944	954	
1305	320.167	353.722	1304	1306	934	944	
1306	315.611	353.722	1305	1307	924	934	
1307	311.056	353.722	1306	1308	914	924	
1308	306.5	353.722	1307	1309	904	914	
1309	301.944	353.722	1308	1310	894	904	
1310	297.389	353.722	1309	1311	884	894	
1311	292.833	353.722	1310	1312	874	884	
1312	288.278	353.722	1311	1313	864	874	
1313	283	353.667	1312	1314	844	854	864	
1314	277.667	354.333	1313	1315	834	844	
1315	272.333	355	1314	1316	824	834	
1316	267.393	356.036	1315	1317	813	824	
1317	262.821	356.679	1316	1318	802	813	
1318	258.25	357.321	1317	1319	791	802	
1319	253.679	357.964	1318	1320	769	780	791	
1320	249.107	358.607	1319	1321	758	769	
1321	244.536	359.25	1320	1322	746	758	
1322	239.964	359.893	1321	1323	734	746	
1323	235.393	360.536	1322	1324	722	734	
1324	230.821	361.179	1323	1325	710	722	
1325	226.25	361.821	1324	1326	698	710	
1326	221.679	362.464	1325	1327	686	698	
1327	217.107	363.107	1326	1328	674	686	
1328	212.536	363.75	1327	1329	661	674	
1329	207.964	364.393	1328	1330	648	661	
1330	202	364	1329	1331	623	635	648	
1331	196.639	366.028	1330	1332	610	623	
1332	192.306	366.417	1331	1333	597	610	
1333	187.972	366.806	1332	1334	584	597	
1334	183.639	367.194	1333	1335	571	584	
1335	179.306	367.583	1334	1336	558	571	
1336	174.972	367.972	1335	1337	544	558	
1337	170.639	368.361	1336	1338	530	544	
1338	166.306	368.75	1337	1339	516	530	
1339	161.972	369.139	1338	1340	502	516	
1340	157.639	369.528	1339	1341	488	502	
1341	153.306	369.917	1340	1342	474	488	
1342	148.972	370.306	1341	1343	460	474	
1343	144.639	370.694	1342	1344	446	460	
1344	140.306	371.083	1343	1345	432	446	
1345	135.972	371.472	1344	1346	418	432	
1346	131.639	371.861	1345	1347	404	418	
1347	127.306	372.25	1346	1348	1349	404	
1348	123.833	372.167	1347	1493	1349	
1349	123.833	366.5	1492	1350	404	1347	1348	1493	
1350	123.833	360.833	1491	378	390	403	404	1349	1492	
1351	118.794	355.794	1488	1352	366	377	378	1491	
1352	114.382	355.794	1485	1353	355	366	1351	1488	
1353	109.971	355.794	1482	1354	344	355	1352	1485	
1354	105.559	355.794	1478	1355	333	344	1353	1482	
1355	101.147	355.794	1474	1470	1356	322	333	1354	1478	
1356	96.7353	355.794	1466	1357	311	322	1355	1470	
1357	92.3235	355.794	1462	1358	300	311	1356	1466	
1358	87.9118	355.794	1458	1359	289	300	1357	1462	
1359	83.5	355.794	1454	1449	1360	278	289	1358	1458	
1360	79.0882	355.794	1444	1361	267	278	1359	1449	
1361	74.6765	355.794	1439	1362	256	267	1360	1444	
1362	70.2647	355.794	1434	1363	234	245	256	1361	1439	
1363	65.8529	355.794	1429	1424	1364	223	234	1362	1434	
1364	61.4412	355.794	1419	1365	212	223	1363	1424	
1365	57.0294	355.794	1413	1366	201	212	1364	1419	
1366	52.6176	355.794	1407	1367	190	201	1365	1413	
1367	48.2059	355.794	1401	179	178	190	1366	1407	
1368	43.3333	360.667	162	161	179	1401	1369	
1369	43.3333	366	1370	164	163	1368	1402	
1370	43.3333	371.333	1371	165	164	1369	1403	
1371	43.3333	376.667	1372	166	165	1370	1404	
1372	43.3333	382	1373	167	166	1371	1405	1406	
1373	43	388	1406	1374	167	1372	
1374	38	389	1373	1375	149	167	
1375	33.1667	389.833	1374	1376	131	149	
1376	28.1667	390.5	1375	1377	95	113	131	
1377	23.1667	391.167	1376	1378	76	95	
1378	18.25	391.5	1377	1379	57	76	
1379	13	391.75	1378	1380	38	57	
1380	7.75	392	1379	1381	19	38	
1381	2.375	392.625	1380	1382	19	
1382	2.375	387.875	1381	1383	18	19	
1383	2.375	383.125	1382	1384	17	18	
1384	2.375	378.375	1383	1385	16	17	
1385	2.375	373.625	1384	1386	15	16	
1386	2.375	368.875	1385	1387	14	15	
1387	2.375	364.125	1386	1388	13	14	
1388	2.375	359.375	1387	1389	12	13	
1389	2.375	354.625	1388	1390	11	12	
1390	2.375	349.875	1389	1391	10	11	
1391	2.375	345.125	1390	1392	9	10	
1392	2.375	340.375	1391	1393	8	9	
1393	2.375	335.625	1392	1394	7	8	
1394	2.375	330.875	1393	1395	6	7	
1395	2.375	326.125	1394	1396	5	6	
1396	2.375	321.375	1395	1397	4	5	
1397	2.375	316.625	1396	1398	3	4	
1398	2.375	311.875	1397	1399	2	3	
1399	2.375	307.125	1398	1400	1	2	
1400	2.375	302.375	1399	1174	1	
1401	47.7857	360.667	1368	179	1367	1407	1402	
1402	47.7857	366	1403	1369	1401	1408	
1403	47.7857	371.333	1404	1370	1402	1409	
1404	47.7857	376.667	1405	1371	1403	1410	
1405	47.7857	382	1406	1372	1404	1411	
1406	47.7857	387.333	1412	1373	1372	1405	
1407	51.3571	360.667	1401	1367	1366	1413	1408	
1408	51.3571	366	1409	1402	1407	1414	
1409	51.3571	371.333	1410	1403	1408	1415	
1410	51.3571	376.667	1411	1404	1409	1416	
1411	51.3571	382	1412	1405	1410	1417	
1412	51.3571	387.333	1418	1406	1411	
1413	54.9286	360.667	1407	1366	1365	1419	1414	
1414	54.9286	366	1415	1408	1413	1420	
1415	54.9286	371.333	1416	1409	1414	1421	
1416	54.9286	376.667	1417	1410	1415	1422	
1417	54.9286	382	1418	1411	1416	1423	
1418	54.9286	387.333	1423	1412	1417	
1419	58.5	360.667	1413	1365	1364	1424	1420	
1420	58.5	366	1421	1414	1419	1425	
1421	58.5	371.333	1422	1415	1420	1426	
1422	58.5	376.667	1423	1416	1421	1427	
1423	58.5	382	1428	1418	1417	1422	
1424	62.0714	360.667	1419	1364	1363	1429	1425	
1425	62.0714	366	1426	1420	1424	1430	
1426	62.0714	371.333	1427	1421	1425	1431	
1427	62.0714	376.667	1428	1422	1426	1432	
1428	62.0714	382	1433	1423	1427	
1429	65.6429	360.667	1424	1363	1434	1430	
1430	65.6429	366	1431	1425	1429	1435	
1431	65.6429	371.333	1432	1426	1430	1436	
1432	65.6429	376.667	1433	1427	1431	1437	
1433	65.6429	382	1438	1428	1432	
1434	69.2143	360.667	1429	1363	1362	1439	1435	
1435	69.2143	366	1436	1430	1434	1440	
1436	69.2143	371.333	1437	1431	1435	1441	
1437	69.2143	376.667	1438	1432	1436	1442	
1438	69.2143	382	1443	1433	1437	
1439	72.7857	360.667	1434	1362	1361	1444	1440	
1440	72.7857	366	1441	1435	1439	1445	
1441	72.7857	371.333	1442	1436	1440	1446	
1442	72.7857	376.667	1443	1437	1441	1447	
1443	72.7857	382	1448	1438	1442	
1444	76.3571	360.667	1439	1361	1360	1449	1445	
1445	76.3571	366	1446	1440	1444	1450	
1446	76.3571	371.333	1447	1441	1445	1451	
1447	76.3571	376.667	1448	1442	1446	1452	
1448	76.3571	382	1453	1443	1447	
1449	79.9286	360.667	1444	1360	1359	1454	1450	
1450	79.9286	366	1451	1445	1449	1455	
1451	79.9286	371.333	1452	1446	1450	1456	
1452	79.9286	376.667	1453	1447	1451	1457	
1453	79.9286	382	1457	1448	1452	
1454	83.5	360.667	1449	1359	1458	1455	
1455	83.5	366	1456	1450	1454	1459	
1456	83.5	371.333	1457	1451	1455	1460	
1457	83.5	376.667	1461	1453	1452	1456	
1458	87.0714	360.667	1454	1359	1358	1462	1459	
1459	87.0714	366	1460	1455	1458	1463	
1460	87.0714	371.333	1461	1456	1459	1464	
1461	87.0714	376.667	1465	1457	1460	
1462	90.6429	360.667	1458	1358	1357	1466	1463	
1463	90.6429	366	1464	1459	1462	1467	
1464	90.6429	371.333	1465	1460	1463	1468	
1465	90.6429	376.667	1469	1461	1464	
1466	94.2143	360.667	1462	1357	1356	1470	1467	
1467	94.2143	366	1468	1463	1466	1471	
1468	94.2143	371.333	1469	1464	1467	1472	
1469	94.2143	376.667	1473	1465	1468	
1470	97.7857	360.667	1466	1356	1355	1474	1471	
1471	97.7857	366	1472	1467	1470	1475	
1472	97.7857	371.333	1473	1468	1471	1476	
1473	97.7857	376.667	1477	1469	1472	
1474	101.357	360.667	1470	1355	1478	1475	
1475	101.357	366	1476	1471	1474	1479	
1476	101.357	371.333	1477	1472	1475	1480	
1477	101.357	376.667	1481	1473	1476	
1478	104.929	360.667	1474	1355	1354	1482	1479	
1479	104.929	366	1480	1475	1478	1483	
1480	104.929	371.333	1481	1476	1479	1484	
1481	104.929	376.667	1484	1477	1480	
1482	108.5	360.667	1478	1354	1353	1485	1483	
1483	108.5	366	1484	1479	1482	1486	
1484	108.5	371.333	1487	1481	1480	1483	
1485	112.071	360.667	1482	1353	1352	1488	1486	
1486	112.071	366	1487	1483	1485	1489	
1487	112.071	371.333	1490	1484	1486	
1488	115.643	360.667	1485	1352	1351	1491	1489	
1489	115.643	366	1490	1486	1488	1492	
1490	115.643	371.333	1493	1487	1489	
1491	119.214	360.667	1488	1351	378	1350	1492	
1492	119.214	366	1489	1491	1350	1349	1493	
1493	119.214	371.333	1348	1490	1492	1349	
