# R2D2 triangularized dual grid
0	0	-1	0	1	0.05	1	0.03333333333	1.333333333		0	0	0	
0	0	-1	0.05	1	0.05	2	0.03333333333	1.333333333		0	0	0	
0	0	-1	0.05	2	0	1	0.03333333333	1.333333333		0	0	0	
0	0	-1	0.05	0	0.05	1	0.03333333333	0.6666666667		0	0	0	
0	0	-1	0.05	1	0	1	0.03333333333	0.6666666667		0	0	0	
0	0	-1	0	1	0.05	0	0.03333333333	0.6666666667		0	0	0	
1	0	-1	0.15	1	0.05	1	0.1	0.5		0	0	1	1	
0	0	-1	0.05	1	0.05	0	0.1	0.5		0	0	1	1	
0	1	-1	0.05	0	0.15	0	0.1	0.5		0	0	1	1	
1	1	-1	0.15	0	0.15	1	0.1	0.5		0	0	1	1	
0	0	-1	0.05	2	0.05	1	0.1	1.5		0	1	1	0	
0	1	-1	0.05	1	0.15	1	0.1	1.5		0	1	1	0	
1	1	-1	0.15	1	0.15	2	0.1	1.5		0	1	1	0	
1	0	-1	0.15	2	0.05	2	0.1	1.5		0	1	1	0	
2	1	-1	0.25	1	0.15	1	0.2	0.5		1	1	2	2	
1	1	-1	0.15	1	0.15	0	0.2	0.5		1	1	2	2	
1	2	-1	0.15	0	0.25	0	0.2	0.5		1	1	2	2	
2	2	-1	0.25	0	0.25	1	0.2	0.5		1	1	2	2	
1	1	-1	0.15	2	0.15	1	0.2	1.5		1	2	2	1	
1	2	-1	0.15	1	0.25	1	0.2	1.5		1	2	2	1	
2	2	-1	0.25	1	0.25	2	0.2	1.5		1	2	2	1	
2	1	-1	0.25	2	0.15	2	0.2	1.5		1	2	2	1	
3	2	-1	0.35	1	0.25	1	0.3	0.5		2	2	3	3	
2	2	-1	0.25	1	0.25	0	0.3	0.5		2	2	3	3	
2	3	-1	0.25	0	0.35	0	0.3	0.5		2	2	3	3	
3	3	-1	0.35	0	0.35	1	0.3	0.5		2	2	3	3	
2	2	-1	0.25	2	0.25	1	0.3	1.5		2	3	3	2	
2	3	-1	0.25	1	0.35	1	0.3	1.5		2	3	3	2	
3	3	-1	0.35	1	0.35	2	0.3	1.5		2	3	3	2	
3	2	-1	0.35	2	0.25	2	0.3	1.5		2	3	3	2	
4	3	-1	0.45	1	0.35	1	0.4	0.5		3	3	4	4	
3	3	-1	0.35	1	0.35	0	0.4	0.5		3	3	4	4	
3	4	-1	0.35	0	0.45	0	0.4	0.5		3	3	4	4	
4	4	-1	0.45	0	0.45	1	0.4	0.5		3	3	4	4	
3	3	-1	0.35	2	0.35	1	0.4	1.5		3	4	4	3	
3	4	-1	0.35	1	0.45	1	0.4	1.5		3	4	4	3	
4	4	-1	0.45	1	0.45	2	0.4	1.5		3	4	4	3	
4	3	-1	0.45	2	0.35	2	0.4	1.5		3	4	4	3	
5	4	-1	0.55	1	0.45	1	0.5	0.5		4	4	5	5	
4	4	-1	0.45	1	0.45	0	0.5	0.5		4	4	5	5	
4	5	-1	0.45	0	0.55	0	0.5	0.5		4	4	5	5	
5	5	-1	0.55	0	0.55	1	0.5	0.5		4	4	5	5	
4	4	-1	0.45	2	0.45	1	0.5	1.5		4	5	5	4	
4	5	-1	0.45	1	0.55	1	0.5	1.5		4	5	5	4	
5	5	-1	0.55	1	0.55	2	0.5	1.5		4	5	5	4	
5	4	-1	0.55	2	0.45	2	0.5	1.5		4	5	5	4	
6	5	-1	0.65	1	0.55	1	0.6	0.5		5	5	6	6	
5	5	-1	0.55	1	0.55	0	0.6	0.5		5	5	6	6	
5	6	-1	0.55	0	0.65	0	0.6	0.5		5	5	6	6	
6	6	-1	0.65	0	0.65	1	0.6	0.5		5	5	6	6	
5	5	-1	0.55	2	0.55	1	0.6	1.5		5	6	6	5	
5	6	-1	0.55	1	0.65	1	0.6	1.5		5	6	6	5	
6	6	-1	0.65	1	0.65	2	0.6	1.5		5	6	6	5	
6	5	-1	0.65	2	0.55	2	0.6	1.5		5	6	6	5	
7	6	-1	0.75	1	0.65	1	0.7	0.5		6	6	7	7	
6	6	-1	0.65	1	0.65	0	0.7	0.5		6	6	7	7	
6	7	-1	0.65	0	0.75	0	0.7	0.5		6	6	7	7	
7	7	-1	0.75	0	0.75	1	0.7	0.5		6	6	7	7	
6	6	-1	0.65	2	0.65	1	0.7	1.5		6	7	7	6	
6	7	-1	0.65	1	0.75	1	0.7	1.5		6	7	7	6	
7	7	-1	0.75	1	0.75	2	0.7	1.5		6	7	7	6	
7	6	-1	0.75	2	0.65	2	0.7	1.5		6	7	7	6	
8	7	-1	0.85	1	0.75	1	0.8	0.5		7	7	8	8	
7	7	-1	0.75	1	0.75	0	0.8	0.5		7	7	8	8	
7	8	-1	0.75	0	0.85	0	0.8	0.5		7	7	8	8	
8	8	-1	0.85	0	0.85	1	0.8	0.5		7	7	8	8	
7	7	-1	0.75	2	0.75	1	0.8	1.5		7	8	8	7	
7	8	-1	0.75	1	0.85	1	0.8	1.5		7	8	8	7	
8	8	-1	0.85	1	0.85	2	0.8	1.5		7	8	8	7	
8	7	-1	0.85	2	0.75	2	0.8	1.5		7	8	8	7	
9	8	-1	0.95	1	0.85	1	0.9	0.5		8	8	9	9	
8	8	-1	0.85	1	0.85	0	0.9	0.5		8	8	9	9	
8	9	-1	0.85	0	0.95	0	0.9	0.5		8	8	9	9	
9	9	-1	0.95	0	0.95	1	0.9	0.5		8	8	9	9	
8	8	-1	0.85	2	0.85	1	0.9	1.5		8	9	9	8	
8	9	-1	0.85	1	0.95	1	0.9	1.5		8	9	9	8	
9	9	-1	0.95	1	0.95	2	0.9	1.5		8	9	9	8	
9	8	-1	0.95	2	0.85	2	0.9	1.5		8	9	9	8	
10	9	-1	1.05	1	0.95	1	1	0.5		9	9	10	10	
9	9	-1	0.95	1	0.95	0	1	0.5		9	9	10	10	
9	10	-1	0.95	0	1.05	0	1	0.5		9	9	10	10	
10	10	-1	1.05	0	1.05	1	1	0.5		9	9	10	10	
9	9	-1	0.95	2	0.95	1	1	1.5		9	10	10	9	
9	10	-1	0.95	1	1.05	1	1	1.5		9	10	10	9	
10	10	-1	1.05	1	1.05	2	1	1.5		9	10	10	9	
10	9	-1	1.05	2	0.95	2	1	1.5		9	10	10	9	
11	10	-1	1.15	1	1.05	1	1.1	0.5		10	10	11	11	
10	10	-1	1.05	1	1.05	0	1.1	0.5		10	10	11	11	
10	11	-1	1.05	0	1.15	0	1.1	0.5		10	10	11	11	
11	11	-1	1.15	0	1.15	1	1.1	0.5		10	10	11	11	
10	10	-1	1.05	2	1.05	1	1.1	1.5		10	11	11	10	
10	11	-1	1.05	1	1.15	1	1.1	1.5		10	11	11	10	
11	11	-1	1.15	1	1.15	2	1.1	1.5		10	11	11	10	
11	10	-1	1.15	2	1.05	2	1.1	1.5		10	11	11	10	
12	11	-1	1.25	1	1.15	1	1.2	0.5		11	11	12	12	
11	11	-1	1.15	1	1.15	0	1.2	0.5		11	11	12	12	
11	12	-1	1.15	0	1.25	0	1.2	0.5		11	11	12	12	
12	12	-1	1.25	0	1.25	1	1.2	0.5		11	11	12	12	
11	11	-1	1.15	2	1.15	1	1.2	1.5		11	12	12	11	
11	12	-1	1.15	1	1.25	1	1.2	1.5		11	12	12	11	
12	12	-1	1.25	1	1.25	2	1.2	1.5		11	12	12	11	
12	11	-1	1.25	2	1.15	2	1.2	1.5		11	12	12	11	
13	12	-1	1.35	1	1.25	1	1.3	0.5		12	12	13	13	
12	12	-1	1.25	1	1.25	0	1.3	0.5		12	12	13	13	
12	13	-1	1.25	0	1.35	0	1.3	0.5		12	12	13	13	
13	13	-1	1.35	0	1.35	1	1.3	0.5		12	12	13	13	
12	12	-1	1.25	2	1.25	1	1.3	1.5		12	13	13	12	
12	13	-1	1.25	1	1.35	1	1.3	1.5		12	13	13	12	
13	13	-1	1.35	1	1.35	2	1.3	1.5		12	13	13	12	
13	12	-1	1.35	2	1.25	2	1.3	1.5		12	13	13	12	
14	13	-1	1.45	1	1.35	1	1.4	0.5		13	13	14	14	
13	13	-1	1.35	1	1.35	0	1.4	0.5		13	13	14	14	
13	14	-1	1.35	0	1.45	0	1.4	0.5		13	13	14	14	
14	14	-1	1.45	0	1.45	1	1.4	0.5		13	13	14	14	
13	13	-1	1.35	2	1.35	1	1.4	1.5		13	14	14	13	
13	14	-1	1.35	1	1.45	1	1.4	1.5		13	14	14	13	
14	14	-1	1.45	1	1.45	2	1.4	1.5		13	14	14	13	
14	13	-1	1.45	2	1.35	2	1.4	1.5		13	14	14	13	
15	14	-1	1.55	1	1.45	1	1.5	0.5		14	14	15	15	
14	14	-1	1.45	1	1.45	0	1.5	0.5		14	14	15	15	
14	15	-1	1.45	0	1.55	0	1.5	0.5		14	14	15	15	
15	15	-1	1.55	0	1.55	1	1.5	0.5		14	14	15	15	
14	14	-1	1.45	2	1.45	1	1.5	1.5		14	15	15	14	
14	15	-1	1.45	1	1.55	1	1.5	1.5		14	15	15	14	
15	15	-1	1.55	1	1.55	2	1.5	1.5		14	15	15	14	
15	14	-1	1.55	2	1.45	2	1.5	1.5		14	15	15	14	
16	15	-1	1.65	1	1.55	1	1.6	0.5		15	15	16	16	
15	15	-1	1.55	1	1.55	0	1.6	0.5		15	15	16	16	
15	16	-1	1.55	0	1.65	0	1.6	0.5		15	15	16	16	
16	16	-1	1.65	0	1.65	1	1.6	0.5		15	15	16	16	
15	15	-1	1.55	2	1.55	1	1.6	1.5		15	16	16	15	
15	16	-1	1.55	1	1.65	1	1.6	1.5		15	16	16	15	
16	16	-1	1.65	1	1.65	2	1.6	1.5		15	16	16	15	
16	15	-1	1.65	2	1.55	2	1.6	1.5		15	16	16	15	
17	16	-1	1.75	1	1.65	1	1.7	0.5		16	16	17	17	
16	16	-1	1.65	1	1.65	0	1.7	0.5		16	16	17	17	
16	17	-1	1.65	0	1.75	0	1.7	0.5		16	16	17	17	
17	17	-1	1.75	0	1.75	1	1.7	0.5		16	16	17	17	
16	16	-1	1.65	2	1.65	1	1.7	1.5		16	17	17	16	
16	17	-1	1.65	1	1.75	1	1.7	1.5		16	17	17	16	
17	17	-1	1.75	1	1.75	2	1.7	1.5		16	17	17	16	
17	16	-1	1.75	2	1.65	2	1.7	1.5		16	17	17	16	
18	17	-1	1.85	1	1.75	1	1.8	0.5		17	17	18	18	
17	17	-1	1.75	1	1.75	0	1.8	0.5		17	17	18	18	
17	18	-1	1.75	0	1.85	0	1.8	0.5		17	17	18	18	
18	18	-1	1.85	0	1.85	1	1.8	0.5		17	17	18	18	
17	17	-1	1.75	2	1.75	1	1.8	1.5		17	18	18	17	
17	18	-1	1.75	1	1.85	1	1.8	1.5		17	18	18	17	
18	18	-1	1.85	1	1.85	2	1.8	1.5		17	18	18	17	
18	17	-1	1.85	2	1.75	2	1.8	1.5		17	18	18	17	
19	18	-1	1.95	1	1.85	1	1.9	0.5		18	18	19	19	
18	18	-1	1.85	1	1.85	0	1.9	0.5		18	18	19	19	
18	19	-1	1.85	0	1.95	0	1.9	0.5		18	18	19	19	
19	19	-1	1.95	0	1.95	1	1.9	0.5		18	18	19	19	
18	18	-1	1.85	2	1.85	1	1.9	1.5		18	19	19	18	
18	19	-1	1.85	1	1.95	1	1.9	1.5		18	19	19	18	
19	19	-1	1.95	1	1.95	2	1.9	1.5		18	19	19	18	
19	18	-1	1.95	2	1.85	2	1.9	1.5		18	19	19	18	
20	19	-1	2.05	1	1.95	1	2	0.5		19	19	20	20	
19	19	-1	1.95	1	1.95	0	2	0.5		19	19	20	20	
19	20	-1	1.95	0	2.05	0	2	0.5		19	19	20	20	
20	20	-1	2.05	0	2.05	1	2	0.5		19	19	20	20	
19	19	-1	1.95	2	1.95	1	2	1.5		19	20	20	19	
19	20	-1	1.95	1	2.05	1	2	1.5		19	20	20	19	
20	20	-1	2.05	1	2.05	2	2	1.5		19	20	20	19	
20	19	-1	2.05	2	1.95	2	2	1.5		19	20	20	19	
21	20	-1	2.15	1	2.05	1	2.1	0.5		20	20	21	21	
20	20	-1	2.05	1	2.05	0	2.1	0.5		20	20	21	21	
20	21	-1	2.05	0	2.15	0	2.1	0.5		20	20	21	21	
21	21	-1	2.15	0	2.15	1	2.1	0.5		20	20	21	21	
20	20	-1	2.05	2	2.05	1	2.1	1.5		20	21	21	20	
20	21	-1	2.05	1	2.15	1	2.1	1.5		20	21	21	20	
21	21	-1	2.15	1	2.15	2	2.1	1.5		20	21	21	20	
21	20	-1	2.15	2	2.05	2	2.1	1.5		20	21	21	20	
22	21	-1	2.25	1	2.15	1	2.2	0.5		21	21	22	22	
21	21	-1	2.15	1	2.15	0	2.2	0.5		21	21	22	22	
21	22	-1	2.15	0	2.25	0	2.2	0.5		21	21	22	22	
22	22	-1	2.25	0	2.25	1	2.2	0.5		21	21	22	22	
21	21	-1	2.15	2	2.15	1	2.2	1.5		21	22	22	21	
21	22	-1	2.15	1	2.25	1	2.2	1.5		21	22	22	21	
22	22	-1	2.25	1	2.25	2	2.2	1.5		21	22	22	21	
22	21	-1	2.25	2	2.15	2	2.2	1.5		21	22	22	21	
23	22	-1	2.35	1	2.25	1	2.3	0.5		22	22	23	23	
22	22	-1	2.25	1	2.25	0	2.3	0.5		22	22	23	23	
22	23	-1	2.25	0	2.35	0	2.3	0.5		22	22	23	23	
23	23	-1	2.35	0	2.35	1	2.3	0.5		22	22	23	23	
22	22	-1	2.25	2	2.25	1	2.3	1.5		22	23	23	22	
22	23	-1	2.25	1	2.35	1	2.3	1.5		22	23	23	22	
23	23	-1	2.35	1	2.35	2	2.3	1.5		22	23	23	22	
23	22	-1	2.35	2	2.25	2	2.3	1.5		22	23	23	22	
24	23	-1	2.45	1	2.35	1	2.4	0.5		23	23	24	24	
23	23	-1	2.35	1	2.35	0	2.4	0.5		23	23	24	24	
23	24	-1	2.35	0	2.45	0	2.4	0.5		23	23	24	24	
24	24	-1	2.45	0	2.45	1	2.4	0.5		23	23	24	24	
23	23	-1	2.35	2	2.35	1	2.4	1.5		23	24	24	23	
23	24	-1	2.35	1	2.45	1	2.4	1.5		23	24	24	23	
24	24	-1	2.45	1	2.45	2	2.4	1.5		23	24	24	23	
24	23	-1	2.45	2	2.35	2	2.4	1.5		23	24	24	23	
25	24	-1	2.55	1	2.45	1	2.5	0.5		24	24	25	25	
24	24	-1	2.45	1	2.45	0	2.5	0.5		24	24	25	25	
24	25	-1	2.45	0	2.55	0	2.5	0.5		24	24	25	25	
25	25	-1	2.55	0	2.55	1	2.5	0.5		24	24	25	25	
24	24	-1	2.45	2	2.45	1	2.5	1.5		24	25	25	24	
24	25	-1	2.45	1	2.55	1	2.5	1.5		24	25	25	24	
25	25	-1	2.55	1	2.55	2	2.5	1.5		24	25	25	24	
25	24	-1	2.55	2	2.45	2	2.5	1.5		24	25	25	24	
26	25	-1	2.65	1	2.55	1	2.6	0.5		25	25	26	26	
25	25	-1	2.55	1	2.55	0	2.6	0.5		25	25	26	26	
25	26	-1	2.55	0	2.65	0	2.6	0.5		25	25	26	26	
26	26	-1	2.65	0	2.65	1	2.6	0.5		25	25	26	26	
25	25	-1	2.55	2	2.55	1	2.6	1.5		25	26	26	25	
25	26	-1	2.55	1	2.65	1	2.6	1.5		25	26	26	25	
26	26	-1	2.65	1	2.65	2	2.6	1.5		25	26	26	25	
26	25	-1	2.65	2	2.55	2	2.6	1.5		25	26	26	25	
27	26	-1	2.75	1	2.65	1	2.7	0.5		26	26	27	27	
26	26	-1	2.65	1	2.65	0	2.7	0.5		26	26	27	27	
26	27	-1	2.65	0	2.75	0	2.7	0.5		26	26	27	27	
27	27	-1	2.75	0	2.75	1	2.7	0.5		26	26	27	27	
26	26	-1	2.65	2	2.65	1	2.7	1.5		26	27	27	26	
26	27	-1	2.65	1	2.75	1	2.7	1.5		26	27	27	26	
27	27	-1	2.75	1	2.75	2	2.7	1.5		26	27	27	26	
27	26	-1	2.75	2	2.65	2	2.7	1.5		26	27	27	26	
28	27	-1	2.85	1	2.75	1	2.8	0.5		27	27	28	28	
27	27	-1	2.75	1	2.75	0	2.8	0.5		27	27	28	28	
27	28	-1	2.75	0	2.85	0	2.8	0.5		27	27	28	28	
28	28	-1	2.85	0	2.85	1	2.8	0.5		27	27	28	28	
27	27	-1	2.75	2	2.75	1	2.8	1.5		27	28	28	27	
27	28	-1	2.75	1	2.85	1	2.8	1.5		27	28	28	27	
28	28	-1	2.85	1	2.85	2	2.8	1.5		27	28	28	27	
28	27	-1	2.85	2	2.75	2	2.8	1.5		27	28	28	27	
29	28	-1	2.95	1	2.85	1	2.9	0.5		28	28	29	29	
28	28	-1	2.85	1	2.85	0	2.9	0.5		28	28	29	29	
28	29	-1	2.85	0	2.95	0	2.9	0.5		28	28	29	29	
29	29	-1	2.95	0	2.95	1	2.9	0.5		28	28	29	29	
28	28	-1	2.85	2	2.85	1	2.9	1.5		28	29	29	28	
28	29	-1	2.85	1	2.95	1	2.9	1.5		28	29	29	28	
29	29	-1	2.95	1	2.95	2	2.9	1.5		28	29	29	28	
29	28	-1	2.95	2	2.85	2	2.9	1.5		28	29	29	28	
30	29	-1	3.05	1	2.95	1	3	0.5		29	29	30	30	
29	29	-1	2.95	1	2.95	0	3	0.5		29	29	30	30	
29	30	-1	2.95	0	3.05	0	3	0.5		29	29	30	30	
30	30	-1	3.05	0	3.05	1	3	0.5		29	29	30	30	
29	29	-1	2.95	2	2.95	1	3	1.5		29	30	30	29	
29	30	-1	2.95	1	3.05	1	3	1.5		29	30	30	29	
30	30	-1	3.05	1	3.05	2	3	1.5		29	30	30	29	
30	29	-1	3.05	2	2.95	2	3	1.5		29	30	30	29	
31	30	-1	3.15	1	3.05	1	3.1	0.5		30	30	31	31	
30	30	-1	3.05	1	3.05	0	3.1	0.5		30	30	31	31	
30	31	-1	3.05	0	3.15	0	3.1	0.5		30	30	31	31	
31	31	-1	3.15	0	3.15	1	3.1	0.5		30	30	31	31	
30	30	-1	3.05	2	3.05	1	3.1	1.5		30	31	31	30	
30	31	-1	3.05	1	3.15	1	3.1	1.5		30	31	31	30	
31	31	-1	3.15	1	3.15	2	3.1	1.5		30	31	31	30	
31	30	-1	3.15	2	3.05	2	3.1	1.5		30	31	31	30	
32	31	-1	3.25	1	3.15	1	3.2	0.5		31	31	32	32	
31	31	-1	3.15	1	3.15	0	3.2	0.5		31	31	32	32	
31	32	-1	3.15	0	3.25	0	3.2	0.5		31	31	32	32	
32	32	-1	3.25	0	3.25	1	3.2	0.5		31	31	32	32	
31	31	-1	3.15	2	3.15	1	3.2	1.5		31	32	32	31	
31	32	-1	3.15	1	3.25	1	3.2	1.5		31	32	32	31	
32	32	-1	3.25	1	3.25	2	3.2	1.5		31	32	32	31	
32	31	-1	3.25	2	3.15	2	3.2	1.5		31	32	32	31	
33	32	-1	3.35	1	3.25	1	3.3	0.5		32	32	33	33	
32	32	-1	3.25	1	3.25	0	3.3	0.5		32	32	33	33	
32	33	-1	3.25	0	3.35	0	3.3	0.5		32	32	33	33	
33	33	-1	3.35	0	3.35	1	3.3	0.5		32	32	33	33	
32	32	-1	3.25	2	3.25	1	3.3	1.5		32	33	33	32	
32	33	-1	3.25	1	3.35	1	3.3	1.5		32	33	33	32	
33	33	-1	3.35	1	3.35	2	3.3	1.5		32	33	33	32	
33	32	-1	3.35	2	3.25	2	3.3	1.5		32	33	33	32	
34	33	-1	3.45	1	3.35	1	3.4	0.5		33	33	34	34	
33	33	-1	3.35	1	3.35	0	3.4	0.5		33	33	34	34	
33	34	-1	3.35	0	3.45	0	3.4	0.5		33	33	34	34	
34	34	-1	3.45	0	3.45	1	3.4	0.5		33	33	34	34	
33	33	-1	3.35	2	3.35	1	3.4	1.5		33	34	34	33	
33	34	-1	3.35	1	3.45	1	3.4	1.5		33	34	34	33	
34	34	-1	3.45	1	3.45	2	3.4	1.5		33	34	34	33	
34	33	-1	3.45	2	3.35	2	3.4	1.5		33	34	34	33	
35	34	-1	3.55	1	3.45	1	3.5	0.5		34	34	35	35	
34	34	-1	3.45	1	3.45	0	3.5	0.5		34	34	35	35	
34	35	-1	3.45	0	3.55	0	3.5	0.5		34	34	35	35	
35	35	-1	3.55	0	3.55	1	3.5	0.5		34	34	35	35	
34	34	-1	3.45	2	3.45	1	3.5	1.5		34	35	35	34	
34	35	-1	3.45	1	3.55	1	3.5	1.5		34	35	35	34	
35	35	-1	3.55	1	3.55	2	3.5	1.5		34	35	35	34	
35	34	-1	3.55	2	3.45	2	3.5	1.5		34	35	35	34	
36	35	-1	3.65	1	3.55	1	3.6	0.5		35	35	36	36	
35	35	-1	3.55	1	3.55	0	3.6	0.5		35	35	36	36	
35	36	-1	3.55	0	3.65	0	3.6	0.5		35	35	36	36	
36	36	-1	3.65	0	3.65	1	3.6	0.5		35	35	36	36	
35	35	-1	3.55	2	3.55	1	3.6	1.5		35	36	36	35	
35	36	-1	3.55	1	3.65	1	3.6	1.5		35	36	36	35	
36	36	-1	3.65	1	3.65	2	3.6	1.5		35	36	36	35	
36	35	-1	3.65	2	3.55	2	3.6	1.5		35	36	36	35	
37	36	-1	3.75	1	3.65	1	3.7	0.5		36	36	37	37	
36	36	-1	3.65	1	3.65	0	3.7	0.5		36	36	37	37	
36	37	-1	3.65	0	3.75	0	3.7	0.5		36	36	37	37	
37	37	-1	3.75	0	3.75	1	3.7	0.5		36	36	37	37	
36	36	-1	3.65	2	3.65	1	3.7	1.5		36	37	37	36	
36	37	-1	3.65	1	3.75	1	3.7	1.5		36	37	37	36	
37	37	-1	3.75	1	3.75	2	3.7	1.5		36	37	37	36	
37	36	-1	3.75	2	3.65	2	3.7	1.5		36	37	37	36	
38	37	-1	3.85	1	3.75	1	3.8	0.5		37	37	38	38	
37	37	-1	3.75	1	3.75	0	3.8	0.5		37	37	38	38	
37	38	-1	3.75	0	3.85	0	3.8	0.5		37	37	38	38	
38	38	-1	3.85	0	3.85	1	3.8	0.5		37	37	38	38	
37	37	-1	3.75	2	3.75	1	3.8	1.5		37	38	38	37	
37	38	-1	3.75	1	3.85	1	3.8	1.5		37	38	38	37	
38	38	-1	3.85	1	3.85	2	3.8	1.5		37	38	38	37	
38	37	-1	3.85	2	3.75	2	3.8	1.5		37	38	38	37	
39	38	-1	3.95	1	3.85	1	3.9	0.5		38	38	39	39	
38	38	-1	3.85	1	3.85	0	3.9	0.5		38	38	39	39	
38	39	-1	3.85	0	3.95	0	3.9	0.5		38	38	39	39	
39	39	-1	3.95	0	3.95	1	3.9	0.5		38	38	39	39	
38	38	-1	3.85	2	3.85	1	3.9	1.5		38	39	39	38	
38	39	-1	3.85	1	3.95	1	3.9	1.5		38	39	39	38	
39	39	-1	3.95	1	3.95	2	3.9	1.5		38	39	39	38	
39	38	-1	3.95	2	3.85	2	3.9	1.5		38	39	39	38	
40	39	-1	4.05	1	3.95	1	4	0.5		39	39	40	40	
39	39	-1	3.95	1	3.95	0	4	0.5		39	39	40	40	
39	40	-1	3.95	0	4.05	0	4	0.5		39	39	40	40	
40	40	-1	4.05	0	4.05	1	4	0.5		39	39	40	40	
39	39	-1	3.95	2	3.95	1	4	1.5		39	40	40	39	
39	40	-1	3.95	1	4.05	1	4	1.5		39	40	40	39	
40	40	-1	4.05	1	4.05	2	4	1.5		39	40	40	39	
40	39	-1	4.05	2	3.95	2	4	1.5		39	40	40	39	
41	40	-1	4.15	1	4.05	1	4.1	0.5		40	40	41	41	
40	40	-1	4.05	1	4.05	0	4.1	0.5		40	40	41	41	
40	41	-1	4.05	0	4.15	0	4.1	0.5		40	40	41	41	
41	41	-1	4.15	0	4.15	1	4.1	0.5		40	40	41	41	
40	40	-1	4.05	2	4.05	1	4.1	1.5		40	41	41	40	
40	41	-1	4.05	1	4.15	1	4.1	1.5		40	41	41	40	
41	41	-1	4.15	1	4.15	2	4.1	1.5		40	41	41	40	
41	40	-1	4.15	2	4.05	2	4.1	1.5		40	41	41	40	
42	41	-1	4.25	1	4.15	1	4.2	0.5		41	41	42	42	
41	41	-1	4.15	1	4.15	0	4.2	0.5		41	41	42	42	
41	42	-1	4.15	0	4.25	0	4.2	0.5		41	41	42	42	
42	42	-1	4.25	0	4.25	1	4.2	0.5		41	41	42	42	
41	41	-1	4.15	2	4.15	1	4.2	1.5		41	42	42	41	
41	42	-1	4.15	1	4.25	1	4.2	1.5		41	42	42	41	
42	42	-1	4.25	1	4.25	2	4.2	1.5		41	42	42	41	
42	41	-1	4.25	2	4.15	2	4.2	1.5		41	42	42	41	
43	42	-1	4.35	1	4.25	1	4.3	0.5		42	42	43	43	
42	42	-1	4.25	1	4.25	0	4.3	0.5		42	42	43	43	
42	43	-1	4.25	0	4.35	0	4.3	0.5		42	42	43	43	
43	43	-1	4.35	0	4.35	1	4.3	0.5		42	42	43	43	
42	42	-1	4.25	2	4.25	1	4.3	1.5		42	43	43	42	
42	43	-1	4.25	1	4.35	1	4.3	1.5		42	43	43	42	
43	43	-1	4.35	1	4.35	2	4.3	1.5		42	43	43	42	
43	42	-1	4.35	2	4.25	2	4.3	1.5		42	43	43	42	
44	43	-1	4.45	1	4.35	1	4.4	0.5		43	43	44	44	
43	43	-1	4.35	1	4.35	0	4.4	0.5		43	43	44	44	
43	44	-1	4.35	0	4.45	0	4.4	0.5		43	43	44	44	
44	44	-1	4.45	0	4.45	1	4.4	0.5		43	43	44	44	
43	43	-1	4.35	2	4.35	1	4.4	1.5		43	44	44	43	
43	44	-1	4.35	1	4.45	1	4.4	1.5		43	44	44	43	
44	44	-1	4.45	1	4.45	2	4.4	1.5		43	44	44	43	
44	43	-1	4.45	2	4.35	2	4.4	1.5		43	44	44	43	
45	44	-1	4.55	1	4.45	1	4.5	0.5		44	44	45	45	
44	44	-1	4.45	1	4.45	0	4.5	0.5		44	44	45	45	
44	45	-1	4.45	0	4.55	0	4.5	0.5		44	44	45	45	
45	45	-1	4.55	0	4.55	1	4.5	0.5		44	44	45	45	
44	44	-1	4.45	2	4.45	1	4.5	1.5		44	45	45	44	
44	45	-1	4.45	1	4.55	1	4.5	1.5		44	45	45	44	
45	45	-1	4.55	1	4.55	2	4.5	1.5		44	45	45	44	
45	44	-1	4.55	2	4.45	2	4.5	1.5		44	45	45	44	
46	45	-1	4.65	1	4.55	1	4.6	0.5		45	45	46	46	
45	45	-1	4.55	1	4.55	0	4.6	0.5		45	45	46	46	
45	46	-1	4.55	0	4.65	0	4.6	0.5		45	45	46	46	
46	46	-1	4.65	0	4.65	1	4.6	0.5		45	45	46	46	
45	45	-1	4.55	2	4.55	1	4.6	1.5		45	46	46	45	
45	46	-1	4.55	1	4.65	1	4.6	1.5		45	46	46	45	
46	46	-1	4.65	1	4.65	2	4.6	1.5		45	46	46	45	
46	45	-1	4.65	2	4.55	2	4.6	1.5		45	46	46	45	
47	46	-1	4.75	1	4.65	1	4.7	0.5		46	46	47	47	
46	46	-1	4.65	1	4.65	0	4.7	0.5		46	46	47	47	
46	47	-1	4.65	0	4.75	0	4.7	0.5		46	46	47	47	
47	47	-1	4.75	0	4.75	1	4.7	0.5		46	46	47	47	
46	46	-1	4.65	2	4.65	1	4.7	1.5		46	47	47	46	
46	47	-1	4.65	1	4.75	1	4.7	1.5		46	47	47	46	
47	47	-1	4.75	1	4.75	2	4.7	1.5		46	47	47	46	
47	46	-1	4.75	2	4.65	2	4.7	1.5		46	47	47	46	
48	47	-1	4.85	1	4.75	1	4.8	0.5		47	47	48	48	
47	47	-1	4.75	1	4.75	0	4.8	0.5		47	47	48	48	
47	48	-1	4.75	0	4.85	0	4.8	0.5		47	47	48	48	
48	48	-1	4.85	0	4.85	1	4.8	0.5		47	47	48	48	
47	47	-1	4.75	2	4.75	1	4.8	1.5		47	48	48	47	
47	48	-1	4.75	1	4.85	1	4.8	1.5		47	48	48	47	
48	48	-1	4.85	1	4.85	2	4.8	1.5		47	48	48	47	
48	47	-1	4.85	2	4.75	2	4.8	1.5		47	48	48	47	
49	48	-1	4.95	1	4.85	1	4.9	0.5		48	48	49	49	
48	48	-1	4.85	1	4.85	0	4.9	0.5		48	48	49	49	
48	49	-1	4.85	0	4.95	0	4.9	0.5		48	48	49	49	
49	49	-1	4.95	0	4.95	1	4.9	0.5		48	48	49	49	
48	48	-1	4.85	2	4.85	1	4.9	1.5		48	49	49	48	
48	49	-1	4.85	1	4.95	1	4.9	1.5		48	49	49	48	
49	49	-1	4.95	1	4.95	2	4.9	1.5		48	49	49	48	
49	48	-1	4.95	2	4.85	2	4.9	1.5		48	49	49	48	
50	49	-1	5.05	1	4.95	1	5	0.5		49	49	50	50	
49	49	-1	4.95	1	4.95	0	5	0.5		49	49	50	50	
49	50	-1	4.95	0	5.05	0	5	0.5		49	49	50	50	
50	50	-1	5.05	0	5.05	1	5	0.5		49	49	50	50	
49	49	-1	4.95	2	4.95	1	5	1.5		49	50	50	49	
49	50	-1	4.95	1	5.05	1	5	1.5		49	50	50	49	
50	50	-1	5.05	1	5.05	2	5	1.5		49	50	50	49	
50	49	-1	5.05	2	4.95	2	5	1.5		49	50	50	49	
51	50	-1	5.15	1	5.05	1	5.1	0.5		50	50	51	51	
50	50	-1	5.05	1	5.05	0	5.1	0.5		50	50	51	51	
50	51	-1	5.05	0	5.15	0	5.1	0.5		50	50	51	51	
51	51	-1	5.15	0	5.15	1	5.1	0.5		50	50	51	51	
50	50	-1	5.05	2	5.05	1	5.1	1.5		50	51	51	50	
50	51	-1	5.05	1	5.15	1	5.1	1.5		50	51	51	50	
51	51	-1	5.15	1	5.15	2	5.1	1.5		50	51	51	50	
51	50	-1	5.15	2	5.05	2	5.1	1.5		50	51	51	50	
52	51	-1	5.25	1	5.15	1	5.2	0.5		51	51	52	52	
51	51	-1	5.15	1	5.15	0	5.2	0.5		51	51	52	52	
51	52	-1	5.15	0	5.25	0	5.2	0.5		51	51	52	52	
52	52	-1	5.25	0	5.25	1	5.2	0.5		51	51	52	52	
51	51	-1	5.15	2	5.15	1	5.2	1.5		51	52	52	51	
51	52	-1	5.15	1	5.25	1	5.2	1.5		51	52	52	51	
52	52	-1	5.25	1	5.25	2	5.2	1.5		51	52	52	51	
52	51	-1	5.25	2	5.15	2	5.2	1.5		51	52	52	51	
53	52	-1	5.35	1	5.25	1	5.3	0.5		52	52	53	53	
52	52	-1	5.25	1	5.25	0	5.3	0.5		52	52	53	53	
52	53	-1	5.25	0	5.35	0	5.3	0.5		52	52	53	53	
53	53	-1	5.35	0	5.35	1	5.3	0.5		52	52	53	53	
52	52	-1	5.25	2	5.25	1	5.3	1.5		52	53	53	52	
52	53	-1	5.25	1	5.35	1	5.3	1.5		52	53	53	52	
53	53	-1	5.35	1	5.35	2	5.3	1.5		52	53	53	52	
53	52	-1	5.35	2	5.25	2	5.3	1.5		52	53	53	52	
54	53	-1	5.45	1	5.35	1	5.4	0.5		53	53	54	54	
53	53	-1	5.35	1	5.35	0	5.4	0.5		53	53	54	54	
53	54	-1	5.35	0	5.45	0	5.4	0.5		53	53	54	54	
54	54	-1	5.45	0	5.45	1	5.4	0.5		53	53	54	54	
53	53	-1	5.35	2	5.35	1	5.4	1.5		53	54	54	53	
53	54	-1	5.35	1	5.45	1	5.4	1.5		53	54	54	53	
54	54	-1	5.45	1	5.45	2	5.4	1.5		53	54	54	53	
54	53	-1	5.45	2	5.35	2	5.4	1.5		53	54	54	53	
55	54	-1	5.55	1	5.45	1	5.5	0.5		54	54	55	55	
54	54	-1	5.45	1	5.45	0	5.5	0.5		54	54	55	55	
54	55	-1	5.45	0	5.55	0	5.5	0.5		54	54	55	55	
55	55	-1	5.55	0	5.55	1	5.5	0.5		54	54	55	55	
54	54	-1	5.45	2	5.45	1	5.5	1.5		54	55	55	54	
54	55	-1	5.45	1	5.55	1	5.5	1.5		54	55	55	54	
55	55	-1	5.55	1	5.55	2	5.5	1.5		54	55	55	54	
55	54	-1	5.55	2	5.45	2	5.5	1.5		54	55	55	54	
56	55	-1	5.65	1	5.55	1	5.6	0.5		55	55	56	56	
55	55	-1	5.55	1	5.55	0	5.6	0.5		55	55	56	56	
55	56	-1	5.55	0	5.65	0	5.6	0.5		55	55	56	56	
56	56	-1	5.65	0	5.65	1	5.6	0.5		55	55	56	56	
55	55	-1	5.55	2	5.55	1	5.6	1.5		55	56	56	55	
55	56	-1	5.55	1	5.65	1	5.6	1.5		55	56	56	55	
56	56	-1	5.65	1	5.65	2	5.6	1.5		55	56	56	55	
56	55	-1	5.65	2	5.55	2	5.6	1.5		55	56	56	55	
57	56	-1	5.75	1	5.65	1	5.7	0.5		56	56	57	57	
56	56	-1	5.65	1	5.65	0	5.7	0.5		56	56	57	57	
56	57	-1	5.65	0	5.75	0	5.7	0.5		56	56	57	57	
57	57	-1	5.75	0	5.75	1	5.7	0.5		56	56	57	57	
56	56	-1	5.65	2	5.65	1	5.7	1.5		56	57	57	56	
56	57	-1	5.65	1	5.75	1	5.7	1.5		56	57	57	56	
57	57	-1	5.75	1	5.75	2	5.7	1.5		56	57	57	56	
57	56	-1	5.75	2	5.65	2	5.7	1.5		56	57	57	56	
58	57	-1	5.85	1	5.75	1	5.8	0.5		57	57	58	58	
57	57	-1	5.75	1	5.75	0	5.8	0.5		57	57	58	58	
57	58	-1	5.75	0	5.85	0	5.8	0.5		57	57	58	58	
58	58	-1	5.85	0	5.85	1	5.8	0.5		57	57	58	58	
57	57	-1	5.75	2	5.75	1	5.8	1.5		57	58	58	57	
57	58	-1	5.75	1	5.85	1	5.8	1.5		57	58	58	57	
58	58	-1	5.85	1	5.85	2	5.8	1.5		57	58	58	57	
58	57	-1	5.85	2	5.75	2	5.8	1.5		57	58	58	57	
59	58	-1	5.95	1	5.85	1	5.9	0.5		58	58	59	59	
58	58	-1	5.85	1	5.85	0	5.9	0.5		58	58	59	59	
58	59	-1	5.85	0	5.95	0	5.9	0.5		58	58	59	59	
59	59	-1	5.95	0	5.95	1	5.9	0.5		58	58	59	59	
58	58	-1	5.85	2	5.85	1	5.9	1.5		58	59	59	58	
58	59	-1	5.85	1	5.95	1	5.9	1.5		58	59	59	58	
59	59	-1	5.95	1	5.95	2	5.9	1.5		58	59	59	58	
59	58	-1	5.95	2	5.85	2	5.9	1.5		58	59	59	58	
60	59	-1	6.05	1	5.95	1	6	0.5		59	59	60	60	
59	59	-1	5.95	1	5.95	0	6	0.5		59	59	60	60	
59	60	-1	5.95	0	6.05	0	6	0.5		59	59	60	60	
60	60	-1	6.05	0	6.05	1	6	0.5		59	59	60	60	
59	59	-1	5.95	2	5.95	1	6	1.5		59	60	60	59	
59	60	-1	5.95	1	6.05	1	6	1.5		59	60	60	59	
60	60	-1	6.05	1	6.05	2	6	1.5		59	60	60	59	
60	59	-1	6.05	2	5.95	2	6	1.5		59	60	60	59	
61	60	-1	6.15	1	6.05	1	6.1	0.5		60	60	61	61	
60	60	-1	6.05	1	6.05	0	6.1	0.5		60	60	61	61	
60	61	-1	6.05	0	6.15	0	6.1	0.5		60	60	61	61	
61	61	-1	6.15	0	6.15	1	6.1	0.5		60	60	61	61	
60	60	-1	6.05	2	6.05	1	6.1	1.5		60	61	61	60	
60	61	-1	6.05	1	6.15	1	6.1	1.5		60	61	61	60	
61	61	-1	6.15	1	6.15	2	6.1	1.5		60	61	61	60	
61	60	-1	6.15	2	6.05	2	6.1	1.5		60	61	61	60	
62	61	-1	6.25	1	6.15	1	6.2	0.5		61	61	62	62	
61	61	-1	6.15	1	6.15	0	6.2	0.5		61	61	62	62	
61	62	-1	6.15	0	6.25	0	6.2	0.5		61	61	62	62	
62	62	-1	6.25	0	6.25	1	6.2	0.5		61	61	62	62	
61	61	-1	6.15	2	6.15	1	6.2	1.5		61	62	62	61	
61	62	-1	6.15	1	6.25	1	6.2	1.5		61	62	62	61	
62	62	-1	6.25	1	6.25	2	6.2	1.5		61	62	62	61	
62	61	-1	6.25	2	6.15	2	6.2	1.5		61	62	62	61	
63	62	-1	6.35	1	6.25	1	6.3	0.5		62	62	63	63	
62	62	-1	6.25	1	6.25	0	6.3	0.5		62	62	63	63	
62	63	-1	6.25	0	6.35	0	6.3	0.5		62	62	63	63	
63	63	-1	6.35	0	6.35	1	6.3	0.5		62	62	63	63	
62	62	-1	6.25	2	6.25	1	6.3	1.5		62	63	63	62	
62	63	-1	6.25	1	6.35	1	6.3	1.5		62	63	63	62	
63	63	-1	6.35	1	6.35	2	6.3	1.5		62	63	63	62	
63	62	-1	6.35	2	6.25	2	6.3	1.5		62	63	63	62	
64	63	-1	6.45	1	6.35	1	6.4	0.5		63	63	64	64	
63	63	-1	6.35	1	6.35	0	6.4	0.5		63	63	64	64	
63	64	-1	6.35	0	6.45	0	6.4	0.5		63	63	64	64	
64	64	-1	6.45	0	6.45	1	6.4	0.5		63	63	64	64	
63	63	-1	6.35	2	6.35	1	6.4	1.5		63	64	64	63	
63	64	-1	6.35	1	6.45	1	6.4	1.5		63	64	64	63	
64	64	-1	6.45	1	6.45	2	6.4	1.5		63	64	64	63	
64	63	-1	6.45	2	6.35	2	6.4	1.5		63	64	64	63	
65	64	-1	6.55	1	6.45	1	6.5	0.5		64	64	65	65	
64	64	-1	6.45	1	6.45	0	6.5	0.5		64	64	65	65	
64	65	-1	6.45	0	6.55	0	6.5	0.5		64	64	65	65	
65	65	-1	6.55	0	6.55	1	6.5	0.5		64	64	65	65	
64	64	-1	6.45	2	6.45	1	6.5	1.5		64	65	65	64	
64	65	-1	6.45	1	6.55	1	6.5	1.5		64	65	65	64	
65	65	-1	6.55	1	6.55	2	6.5	1.5		64	65	65	64	
65	64	-1	6.55	2	6.45	2	6.5	1.5		64	65	65	64	
66	65	-1	6.65	1	6.55	1	6.6	0.5		65	65	66	66	
65	65	-1	6.55	1	6.55	0	6.6	0.5		65	65	66	66	
65	66	-1	6.55	0	6.65	0	6.6	0.5		65	65	66	66	
66	66	-1	6.65	0	6.65	1	6.6	0.5		65	65	66	66	
65	65	-1	6.55	2	6.55	1	6.6	1.5		65	66	66	65	
65	66	-1	6.55	1	6.65	1	6.6	1.5		65	66	66	65	
66	66	-1	6.65	1	6.65	2	6.6	1.5		65	66	66	65	
66	65	-1	6.65	2	6.55	2	6.6	1.5		65	66	66	65	
67	66	-1	6.75	1	6.65	1	6.7	0.5		66	66	67	67	
66	66	-1	6.65	1	6.65	0	6.7	0.5		66	66	67	67	
66	67	-1	6.65	0	6.75	0	6.7	0.5		66	66	67	67	
67	67	-1	6.75	0	6.75	1	6.7	0.5		66	66	67	67	
66	66	-1	6.65	2	6.65	1	6.7	1.5		66	67	67	66	
66	67	-1	6.65	1	6.75	1	6.7	1.5		66	67	67	66	
67	67	-1	6.75	1	6.75	2	6.7	1.5		66	67	67	66	
67	66	-1	6.75	2	6.65	2	6.7	1.5		66	67	67	66	
68	67	-1	6.85	1	6.75	1	6.8	0.5		67	67	68	68	
67	67	-1	6.75	1	6.75	0	6.8	0.5		67	67	68	68	
67	68	-1	6.75	0	6.85	0	6.8	0.5		67	67	68	68	
68	68	-1	6.85	0	6.85	1	6.8	0.5		67	67	68	68	
67	67	-1	6.75	2	6.75	1	6.8	1.5		67	68	68	67	
67	68	-1	6.75	1	6.85	1	6.8	1.5		67	68	68	67	
68	68	-1	6.85	1	6.85	2	6.8	1.5		67	68	68	67	
68	67	-1	6.85	2	6.75	2	6.8	1.5		67	68	68	67	
69	68	-1	6.95	1	6.85	1	6.9	0.5		68	68	69	69	
68	68	-1	6.85	1	6.85	0	6.9	0.5		68	68	69	69	
68	69	-1	6.85	0	6.95	0	6.9	0.5		68	68	69	69	
69	69	-1	6.95	0	6.95	1	6.9	0.5		68	68	69	69	
68	68	-1	6.85	2	6.85	1	6.9	1.5		68	69	69	68	
68	69	-1	6.85	1	6.95	1	6.9	1.5		68	69	69	68	
69	69	-1	6.95	1	6.95	2	6.9	1.5		68	69	69	68	
69	68	-1	6.95	2	6.85	2	6.9	1.5		68	69	69	68	
70	69	-1	7.05	1	6.95	1	7	0.5		69	69	70	70	
69	69	-1	6.95	1	6.95	0	7	0.5		69	69	70	70	
69	70	-1	6.95	0	7.05	0	7	0.5		69	69	70	70	
70	70	-1	7.05	0	7.05	1	7	0.5		69	69	70	70	
69	69	-1	6.95	2	6.95	1	7	1.5		69	70	70	69	
69	70	-1	6.95	1	7.05	1	7	1.5		69	70	70	69	
70	70	-1	7.05	1	7.05	2	7	1.5		69	70	70	69	
70	69	-1	7.05	2	6.95	2	7	1.5		69	70	70	69	
71	70	-1	7.15	1	7.05	1	7.1	0.5		70	70	71	71	
70	70	-1	7.05	1	7.05	0	7.1	0.5		70	70	71	71	
70	71	-1	7.05	0	7.15	0	7.1	0.5		70	70	71	71	
71	71	-1	7.15	0	7.15	1	7.1	0.5		70	70	71	71	
70	70	-1	7.05	2	7.05	1	7.1	1.5		70	71	71	70	
70	71	-1	7.05	1	7.15	1	7.1	1.5		70	71	71	70	
71	71	-1	7.15	1	7.15	2	7.1	1.5		70	71	71	70	
71	70	-1	7.15	2	7.05	2	7.1	1.5		70	71	71	70	
72	71	-1	7.25	1	7.15	1	7.2	0.5		71	71	72	72	
71	71	-1	7.15	1	7.15	0	7.2	0.5		71	71	72	72	
71	72	-1	7.15	0	7.25	0	7.2	0.5		71	71	72	72	
72	72	-1	7.25	0	7.25	1	7.2	0.5		71	71	72	72	
71	71	-1	7.15	2	7.15	1	7.2	1.5		71	72	72	71	
71	72	-1	7.15	1	7.25	1	7.2	1.5		71	72	72	71	
72	72	-1	7.25	1	7.25	2	7.2	1.5		71	72	72	71	
72	71	-1	7.25	2	7.15	2	7.2	1.5		71	72	72	71	
73	72	-1	7.35	1	7.25	1	7.3	0.5		72	72	73	73	
72	72	-1	7.25	1	7.25	0	7.3	0.5		72	72	73	73	
72	73	-1	7.25	0	7.35	0	7.3	0.5		72	72	73	73	
73	73	-1	7.35	0	7.35	1	7.3	0.5		72	72	73	73	
72	72	-1	7.25	2	7.25	1	7.3	1.5		72	73	73	72	
72	73	-1	7.25	1	7.35	1	7.3	1.5		72	73	73	72	
73	73	-1	7.35	1	7.35	2	7.3	1.5		72	73	73	72	
73	72	-1	7.35	2	7.25	2	7.3	1.5		72	73	73	72	
74	73	-1	7.45	1	7.35	1	7.4	0.5		73	73	74	74	
73	73	-1	7.35	1	7.35	0	7.4	0.5		73	73	74	74	
73	74	-1	7.35	0	7.45	0	7.4	0.5		73	73	74	74	
74	74	-1	7.45	0	7.45	1	7.4	0.5		73	73	74	74	
73	73	-1	7.35	2	7.35	1	7.4	1.5		73	74	74	73	
73	74	-1	7.35	1	7.45	1	7.4	1.5		73	74	74	73	
74	74	-1	7.45	1	7.45	2	7.4	1.5		73	74	74	73	
74	73	-1	7.45	2	7.35	2	7.4	1.5		73	74	74	73	
75	74	-1	7.55	1	7.45	1	7.5	0.5		74	74	75	75	
74	74	-1	7.45	1	7.45	0	7.5	0.5		74	74	75	75	
74	75	-1	7.45	0	7.55	0	7.5	0.5		74	74	75	75	
75	75	-1	7.55	0	7.55	1	7.5	0.5		74	74	75	75	
74	74	-1	7.45	2	7.45	1	7.5	1.5		74	75	75	74	
74	75	-1	7.45	1	7.55	1	7.5	1.5		74	75	75	74	
75	75	-1	7.55	1	7.55	2	7.5	1.5		74	75	75	74	
75	74	-1	7.55	2	7.45	2	7.5	1.5		74	75	75	74	
76	75	-1	7.65	1	7.55	1	7.6	0.5		75	75	76	76	
75	75	-1	7.55	1	7.55	0	7.6	0.5		75	75	76	76	
75	76	-1	7.55	0	7.65	0	7.6	0.5		75	75	76	76	
76	76	-1	7.65	0	7.65	1	7.6	0.5		75	75	76	76	
75	75	-1	7.55	2	7.55	1	7.6	1.5		75	76	76	75	
75	76	-1	7.55	1	7.65	1	7.6	1.5		75	76	76	75	
76	76	-1	7.65	1	7.65	2	7.6	1.5		75	76	76	75	
76	75	-1	7.65	2	7.55	2	7.6	1.5		75	76	76	75	
77	76	-1	7.75	1	7.65	1	7.7	0.5		76	76	77	77	
76	76	-1	7.65	1	7.65	0	7.7	0.5		76	76	77	77	
76	77	-1	7.65	0	7.75	0	7.7	0.5		76	76	77	77	
77	77	-1	7.75	0	7.75	1	7.7	0.5		76	76	77	77	
76	76	-1	7.65	2	7.65	1	7.7	1.5		76	77	77	76	
76	77	-1	7.65	1	7.75	1	7.7	1.5		76	77	77	76	
77	77	-1	7.75	1	7.75	2	7.7	1.5		76	77	77	76	
77	76	-1	7.75	2	7.65	2	7.7	1.5		76	77	77	76	
78	77	-1	7.85	1	7.75	1	7.8	0.5		77	77	78	78	
77	77	-1	7.75	1	7.75	0	7.8	0.5		77	77	78	78	
77	78	-1	7.75	0	7.85	0	7.8	0.5		77	77	78	78	
78	78	-1	7.85	0	7.85	1	7.8	0.5		77	77	78	78	
77	77	-1	7.75	2	7.75	1	7.8	1.5		77	78	78	77	
77	78	-1	7.75	1	7.85	1	7.8	1.5		77	78	78	77	
78	78	-1	7.85	1	7.85	2	7.8	1.5		77	78	78	77	
78	77	-1	7.85	2	7.75	2	7.8	1.5		77	78	78	77	
79	78	-1	7.95	1	7.85	1	7.9	0.5		78	78	79	79	
78	78	-1	7.85	1	7.85	0	7.9	0.5		78	78	79	79	
78	79	-1	7.85	0	7.95	0	7.9	0.5		78	78	79	79	
79	79	-1	7.95	0	7.95	1	7.9	0.5		78	78	79	79	
78	78	-1	7.85	2	7.85	1	7.9	1.5		78	79	79	78	
78	79	-1	7.85	1	7.95	1	7.9	1.5		78	79	79	78	
79	79	-1	7.95	1	7.95	2	7.9	1.5		78	79	79	78	
79	78	-1	7.95	2	7.85	2	7.9	1.5		78	79	79	78	
80	79	-1	8.05	1	7.95	1	8	0.5		79	79	80	80	
79	79	-1	7.95	1	7.95	0	8	0.5		79	79	80	80	
79	80	-1	7.95	0	8.05	0	8	0.5		79	79	80	80	
80	80	-1	8.05	0	8.05	1	8	0.5		79	79	80	80	
79	79	-1	7.95	2	7.95	1	8	1.5		79	80	80	79	
79	80	-1	7.95	1	8.05	1	8	1.5		79	80	80	79	
80	80	-1	8.05	1	8.05	2	8	1.5		79	80	80	79	
80	79	-1	8.05	2	7.95	2	8	1.5		79	80	80	79	
81	80	-1	8.15	1	8.05	1	8.1	0.5		80	80	81	81	
80	80	-1	8.05	1	8.05	0	8.1	0.5		80	80	81	81	
80	81	-1	8.05	0	8.15	0	8.1	0.5		80	80	81	81	
81	81	-1	8.15	0	8.15	1	8.1	0.5		80	80	81	81	
80	80	-1	8.05	2	8.05	1	8.1	1.5		80	81	81	80	
80	81	-1	8.05	1	8.15	1	8.1	1.5		80	81	81	80	
81	81	-1	8.15	1	8.15	2	8.1	1.5		80	81	81	80	
81	80	-1	8.15	2	8.05	2	8.1	1.5		80	81	81	80	
82	81	-1	8.25	1	8.15	1	8.2	0.5		81	81	82	82	
81	81	-1	8.15	1	8.15	0	8.2	0.5		81	81	82	82	
81	82	-1	8.15	0	8.25	0	8.2	0.5		81	81	82	82	
82	82	-1	8.25	0	8.25	1	8.2	0.5		81	81	82	82	
81	81	-1	8.15	2	8.15	1	8.2	1.5		81	82	82	81	
81	82	-1	8.15	1	8.25	1	8.2	1.5		81	82	82	81	
82	82	-1	8.25	1	8.25	2	8.2	1.5		81	82	82	81	
82	81	-1	8.25	2	8.15	2	8.2	1.5		81	82	82	81	
83	82	-1	8.35	1	8.25	1	8.3	0.5		82	82	83	83	
82	82	-1	8.25	1	8.25	0	8.3	0.5		82	82	83	83	
82	83	-1	8.25	0	8.35	0	8.3	0.5		82	82	83	83	
83	83	-1	8.35	0	8.35	1	8.3	0.5		82	82	83	83	
82	82	-1	8.25	2	8.25	1	8.3	1.5		82	83	83	82	
82	83	-1	8.25	1	8.35	1	8.3	1.5		82	83	83	82	
83	83	-1	8.35	1	8.35	2	8.3	1.5		82	83	83	82	
83	82	-1	8.35	2	8.25	2	8.3	1.5		82	83	83	82	
84	83	-1	8.45	1	8.35	1	8.4	0.5		83	83	84	84	
83	83	-1	8.35	1	8.35	0	8.4	0.5		83	83	84	84	
83	84	-1	8.35	0	8.45	0	8.4	0.5		83	83	84	84	
84	84	-1	8.45	0	8.45	1	8.4	0.5		83	83	84	84	
83	83	-1	8.35	2	8.35	1	8.4	1.5		83	84	84	83	
83	84	-1	8.35	1	8.45	1	8.4	1.5		83	84	84	83	
84	84	-1	8.45	1	8.45	2	8.4	1.5		83	84	84	83	
84	83	-1	8.45	2	8.35	2	8.4	1.5		83	84	84	83	
85	84	-1	8.55	1	8.45	1	8.5	0.5		84	84	85	85	
84	84	-1	8.45	1	8.45	0	8.5	0.5		84	84	85	85	
84	85	-1	8.45	0	8.55	0	8.5	0.5		84	84	85	85	
85	85	-1	8.55	0	8.55	1	8.5	0.5		84	84	85	85	
84	84	-1	8.45	2	8.45	1	8.5	1.5		84	85	85	84	
84	85	-1	8.45	1	8.55	1	8.5	1.5		84	85	85	84	
85	85	-1	8.55	1	8.55	2	8.5	1.5		84	85	85	84	
85	84	-1	8.55	2	8.45	2	8.5	1.5		84	85	85	84	
86	85	-1	8.65	1	8.55	1	8.6	0.5		85	85	86	86	
85	85	-1	8.55	1	8.55	0	8.6	0.5		85	85	86	86	
85	86	-1	8.55	0	8.65	0	8.6	0.5		85	85	86	86	
86	86	-1	8.65	0	8.65	1	8.6	0.5		85	85	86	86	
85	85	-1	8.55	2	8.55	1	8.6	1.5		85	86	86	85	
85	86	-1	8.55	1	8.65	1	8.6	1.5		85	86	86	85	
86	86	-1	8.65	1	8.65	2	8.6	1.5		85	86	86	85	
86	85	-1	8.65	2	8.55	2	8.6	1.5		85	86	86	85	
87	86	-1	8.75	1	8.65	1	8.7	0.5		86	86	87	87	
86	86	-1	8.65	1	8.65	0	8.7	0.5		86	86	87	87	
86	87	-1	8.65	0	8.75	0	8.7	0.5		86	86	87	87	
87	87	-1	8.75	0	8.75	1	8.7	0.5		86	86	87	87	
86	86	-1	8.65	2	8.65	1	8.7	1.5		86	87	87	86	
86	87	-1	8.65	1	8.75	1	8.7	1.5		86	87	87	86	
87	87	-1	8.75	1	8.75	2	8.7	1.5		86	87	87	86	
87	86	-1	8.75	2	8.65	2	8.7	1.5		86	87	87	86	
88	87	-1	8.85	1	8.75	1	8.8	0.5		87	87	88	88	
87	87	-1	8.75	1	8.75	0	8.8	0.5		87	87	88	88	
87	88	-1	8.75	0	8.85	0	8.8	0.5		87	87	88	88	
88	88	-1	8.85	0	8.85	1	8.8	0.5		87	87	88	88	
87	87	-1	8.75	2	8.75	1	8.8	1.5		87	88	88	87	
87	88	-1	8.75	1	8.85	1	8.8	1.5		87	88	88	87	
88	88	-1	8.85	1	8.85	2	8.8	1.5		87	88	88	87	
88	87	-1	8.85	2	8.75	2	8.8	1.5		87	88	88	87	
89	88	-1	8.95	1	8.85	1	8.9	0.5		88	88	89	89	
88	88	-1	8.85	1	8.85	0	8.9	0.5		88	88	89	89	
88	89	-1	8.85	0	8.95	0	8.9	0.5		88	88	89	89	
89	89	-1	8.95	0	8.95	1	8.9	0.5		88	88	89	89	
88	88	-1	8.85	2	8.85	1	8.9	1.5		88	89	89	88	
88	89	-1	8.85	1	8.95	1	8.9	1.5		88	89	89	88	
89	89	-1	8.95	1	8.95	2	8.9	1.5		88	89	89	88	
89	88	-1	8.95	2	8.85	2	8.9	1.5		88	89	89	88	
90	89	-1	9.05	1	8.95	1	9	0.5		89	89	90	90	
89	89	-1	8.95	1	8.95	0	9	0.5		89	89	90	90	
89	90	-1	8.95	0	9.05	0	9	0.5		89	89	90	90	
90	90	-1	9.05	0	9.05	1	9	0.5		89	89	90	90	
89	89	-1	8.95	2	8.95	1	9	1.5		89	90	90	89	
89	90	-1	8.95	1	9.05	1	9	1.5		89	90	90	89	
90	90	-1	9.05	1	9.05	2	9	1.5		89	90	90	89	
90	89	-1	9.05	2	8.95	2	9	1.5		89	90	90	89	
91	90	-1	9.15	1	9.05	1	9.1	0.5		90	90	91	91	
90	90	-1	9.05	1	9.05	0	9.1	0.5		90	90	91	91	
90	91	-1	9.05	0	9.15	0	9.1	0.5		90	90	91	91	
91	91	-1	9.15	0	9.15	1	9.1	0.5		90	90	91	91	
90	90	-1	9.05	2	9.05	1	9.1	1.5		90	91	91	90	
90	91	-1	9.05	1	9.15	1	9.1	1.5		90	91	91	90	
91	91	-1	9.15	1	9.15	2	9.1	1.5		90	91	91	90	
91	90	-1	9.15	2	9.05	2	9.1	1.5		90	91	91	90	
92	91	-1	9.25	1	9.15	1	9.2	0.5		91	91	92	92	
91	91	-1	9.15	1	9.15	0	9.2	0.5		91	91	92	92	
91	92	-1	9.15	0	9.25	0	9.2	0.5		91	91	92	92	
92	92	-1	9.25	0	9.25	1	9.2	0.5		91	91	92	92	
91	91	-1	9.15	2	9.15	1	9.2	1.5		91	92	92	91	
91	92	-1	9.15	1	9.25	1	9.2	1.5		91	92	92	91	
92	92	-1	9.25	1	9.25	2	9.2	1.5		91	92	92	91	
92	91	-1	9.25	2	9.15	2	9.2	1.5		91	92	92	91	
93	92	-1	9.35	1	9.25	1	9.3	0.5		92	92	93	93	
92	92	-1	9.25	1	9.25	0	9.3	0.5		92	92	93	93	
92	93	-1	9.25	0	9.35	0	9.3	0.5		92	92	93	93	
93	93	-1	9.35	0	9.35	1	9.3	0.5		92	92	93	93	
92	92	-1	9.25	2	9.25	1	9.3	1.5		92	93	93	92	
92	93	-1	9.25	1	9.35	1	9.3	1.5		92	93	93	92	
93	93	-1	9.35	1	9.35	2	9.3	1.5		92	93	93	92	
93	92	-1	9.35	2	9.25	2	9.3	1.5		92	93	93	92	
94	93	-1	9.45	1	9.35	1	9.4	0.5		93	93	94	94	
93	93	-1	9.35	1	9.35	0	9.4	0.5		93	93	94	94	
93	94	-1	9.35	0	9.45	0	9.4	0.5		93	93	94	94	
94	94	-1	9.45	0	9.45	1	9.4	0.5		93	93	94	94	
93	93	-1	9.35	2	9.35	1	9.4	1.5		93	94	94	93	
93	94	-1	9.35	1	9.45	1	9.4	1.5		93	94	94	93	
94	94	-1	9.45	1	9.45	2	9.4	1.5		93	94	94	93	
94	93	-1	9.45	2	9.35	2	9.4	1.5		93	94	94	93	
95	94	-1	9.55	1	9.45	1	9.5	0.5		94	94	95	95	
94	94	-1	9.45	1	9.45	0	9.5	0.5		94	94	95	95	
94	95	-1	9.45	0	9.55	0	9.5	0.5		94	94	95	95	
95	95	-1	9.55	0	9.55	1	9.5	0.5		94	94	95	95	
94	94	-1	9.45	2	9.45	1	9.5	1.5		94	95	95	94	
94	95	-1	9.45	1	9.55	1	9.5	1.5		94	95	95	94	
95	95	-1	9.55	1	9.55	2	9.5	1.5		94	95	95	94	
95	94	-1	9.55	2	9.45	2	9.5	1.5		94	95	95	94	
96	95	-1	9.65	1	9.55	1	9.6	0.5		95	95	96	96	
95	95	-1	9.55	1	9.55	0	9.6	0.5		95	95	96	96	
95	96	-1	9.55	0	9.65	0	9.6	0.5		95	95	96	96	
96	96	-1	9.65	0	9.65	1	9.6	0.5		95	95	96	96	
95	95	-1	9.55	2	9.55	1	9.6	1.5		95	96	96	95	
95	96	-1	9.55	1	9.65	1	9.6	1.5		95	96	96	95	
96	96	-1	9.65	1	9.65	2	9.6	1.5		95	96	96	95	
96	95	-1	9.65	2	9.55	2	9.6	1.5		95	96	96	95	
97	96	-1	9.75	1	9.65	1	9.7	0.5		96	96	97	97	
96	96	-1	9.65	1	9.65	0	9.7	0.5		96	96	97	97	
96	97	-1	9.65	0	9.75	0	9.7	0.5		96	96	97	97	
97	97	-1	9.75	0	9.75	1	9.7	0.5		96	96	97	97	
96	96	-1	9.65	2	9.65	1	9.7	1.5		96	97	97	96	
96	97	-1	9.65	1	9.75	1	9.7	1.5		96	97	97	96	
97	97	-1	9.75	1	9.75	2	9.7	1.5		96	97	97	96	
97	96	-1	9.75	2	9.65	2	9.7	1.5		96	97	97	96	
98	97	-1	9.85	1	9.75	1	9.8	0.5		97	97	98	98	
97	97	-1	9.75	1	9.75	0	9.8	0.5		97	97	98	98	
97	98	-1	9.75	0	9.85	0	9.8	0.5		97	97	98	98	
98	98	-1	9.85	0	9.85	1	9.8	0.5		97	97	98	98	
97	97	-1	9.75	2	9.75	1	9.8	1.5		97	98	98	97	
97	98	-1	9.75	1	9.85	1	9.8	1.5		97	98	98	97	
98	98	-1	9.85	1	9.85	2	9.8	1.5		97	98	98	97	
98	97	-1	9.85	2	9.75	2	9.8	1.5		97	98	98	97	
99	98	-1	9.95	1	9.85	1	9.9	0.5		98	98	99	99	
98	98	-1	9.85	1	9.85	0	9.9	0.5		98	98	99	99	
98	99	-1	9.85	0	9.95	0	9.9	0.5		98	98	99	99	
99	99	-1	9.95	0	9.95	1	9.9	0.5		98	98	99	99	
98	98	-1	9.85	2	9.85	1	9.9	1.5		98	99	99	98	
98	99	-1	9.85	1	9.95	1	9.9	1.5		98	99	99	98	
99	99	-1	9.95	1	9.95	2	9.9	1.5		98	99	99	98	
99	98	-1	9.95	2	9.85	2	9.9	1.5		98	99	99	98	
99	99	-1	10	1	9.95	1	9.966666667	0.6666666667		99	99	99	
99	99	-1	9.95	1	9.95	0	9.966666667	0.6666666667		99	99	99	
99	99	-1	9.95	0	10	1	9.966666667	0.6666666667		99	99	99	
99	99	-1	9.95	2	9.95	1	9.966666667	1.333333333		99	99	99	
99	99	-1	9.95	1	10	1	9.966666667	1.333333333		99	99	99	
99	99	-1	10	1	9.95	2	9.966666667	1.333333333		99	99	99	
