### segments
0	300	0
0	309.45	0	1	2001	

430	300	0
430	308.073	0	16	2002	

36	392	0
34.1053	392.158	0	3	2003	

36	392	0
37.7162	391.657	0	4	2003	

91	379	0
89.1103	379.462	0	5	2003	

91	379	0
92.8	378.7	0	6	2003	

109	376	0
107.2	376.3	0	6	2003	

109	376	0
111.059	375.828	0	7	2003	

206	367	0
204.044	367.184	0	8	2003	

206	367	0
207.951	366.732	0	9	2003	

286	356	0
284.049	356.268	0	9	2003	

286	356	0
287.952	356	0	10	2003	

327	356	0
325.048	356	0	10	2003	

327	356	0
328.969	355.844	0	11	2003	

390	351	0
388.031	351.156	0	11	2003	

390	351	0
392	350.95	0	12	2003	

46	390	0
42.5878	390.682	0	4	2003	

46	390	0
50.4443	388.914	0	5	2003	

121	375	0
116.905	375.341	0	7	2003	

121	375	0
125.727	374.555	0	8	2003	

0	395	0
0	393.45	0	2	2001	

0	395	0
1.89474	394.842	0	3	2003	

430	350	0
428	350.05	0	12	2003	

430	350	0
430	348.45	0	13	2002	

430	346	0
430	348.45	0	13	2002	

430	346	0
430	341	0	14	2002	

0	391	0
0	386.016	0	1	2001	

0	391	0
0	393.45	0	2	2001	

430	341	0
430	346	0	14	2002	

430	341	0
430	337	0	15	2002	

430	337	0
430	341	0	15	2002	

430	337	0
430	332.469	0	16	2002	

0	309.45	0
0	300	0	1	2001	

0	309.45	0
0	318.409	0	1	2001	

0	318.409	0
0	309.45	0	1	2001	

0	318.409	0
0	326.903	0	1	2001	

0	326.903	0
0	318.409	0	1	2001	

0	326.903	0
0	334.956	0	1	2001	

0	334.956	0
0	326.903	0	1	2001	

0	334.956	0
0	342.591	0	1	2001	

0	342.591	0
0	334.956	0	1	2001	

0	342.591	0
0	349.83	0	1	2001	

0	349.83	0
0	342.591	0	1	2001	

0	349.83	0
0	356.692	0	1	2001	

0	356.692	0
0	349.83	0	1	2001	

0	356.692	0
0	363.198	0	1	2001	

0	363.198	0
0	356.692	0	1	2001	

0	363.198	0
0	369.367	0	1	2001	

0	369.367	0
0	363.198	0	1	2001	

0	369.367	0
0	375.215	0	1	2001	

0	375.215	0
0	369.367	0	1	2001	

0	375.215	0
0	380.76	0	1	2001	

0	380.76	0
0	375.215	0	1	2001	

0	380.76	0
0	386.016	0	1	2001	

0	386.016	0
0	380.76	0	1	2001	

0	386.016	0
0	391	0	1	2001	

0	393.45	0
0	391	0	2	2001	

0	393.45	0
0	395	0	2	2001	

1.89474	394.842	0
0	395	0	3	2003	

1.89474	394.842	0
3.78947	394.684	0	3	2003	

3.78947	394.684	0
1.89474	394.842	0	3	2003	

3.78947	394.684	0
5.68421	394.526	0	3	2003	

5.68421	394.526	0
3.78947	394.684	0	3	2003	

5.68421	394.526	0
7.57895	394.368	0	3	2003	

7.57895	394.368	0
5.68421	394.526	0	3	2003	

7.57895	394.368	0
9.47368	394.211	0	3	2003	

9.47368	394.211	0
7.57895	394.368	0	3	2003	

9.47368	394.211	0
11.3684	394.053	0	3	2003	

11.3684	394.053	0
9.47368	394.211	0	3	2003	

11.3684	394.053	0
13.2632	393.895	0	3	2003	

13.2632	393.895	0
11.3684	394.053	0	3	2003	

13.2632	393.895	0
15.1579	393.737	0	3	2003	

15.1579	393.737	0
13.2632	393.895	0	3	2003	

15.1579	393.737	0
17.0526	393.579	0	3	2003	

17.0526	393.579	0
15.1579	393.737	0	3	2003	

17.0526	393.579	0
18.9474	393.421	0	3	2003	

18.9474	393.421	0
17.0526	393.579	0	3	2003	

18.9474	393.421	0
20.8421	393.263	0	3	2003	

20.8421	393.263	0
18.9474	393.421	0	3	2003	

20.8421	393.263	0
22.7368	393.105	0	3	2003	

22.7368	393.105	0
20.8421	393.263	0	3	2003	

22.7368	393.105	0
24.6316	392.947	0	3	2003	

24.6316	392.947	0
22.7368	393.105	0	3	2003	

24.6316	392.947	0
26.5263	392.789	0	3	2003	

26.5263	392.789	0
24.6316	392.947	0	3	2003	

26.5263	392.789	0
28.4211	392.632	0	3	2003	

28.4211	392.632	0
26.5263	392.789	0	3	2003	

28.4211	392.632	0
30.3158	392.474	0	3	2003	

30.3158	392.474	0
28.4211	392.632	0	3	2003	

30.3158	392.474	0
32.2105	392.316	0	3	2003	

32.2105	392.316	0
30.3158	392.474	0	3	2003	

32.2105	392.316	0
34.1053	392.158	0	3	2003	

34.1053	392.158	0
32.2105	392.316	0	3	2003	

34.1053	392.158	0
36	392	0	3	2003	

37.7162	391.657	0
36	392	0	4	2003	

37.7162	391.657	0
39.8743	391.225	0	4	2003	

39.8743	391.225	0
37.7162	391.657	0	4	2003	

39.8743	391.225	0
42.5878	390.682	0	4	2003	

42.5878	390.682	0
39.8743	391.225	0	4	2003	

42.5878	390.682	0
46	390	0	4	2003	

50.4443	388.914	0
46	390	0	5	2003	

50.4443	388.914	0
54.6253	387.892	0	5	2003	

54.6253	387.892	0
50.4443	388.914	0	5	2003	

54.6253	387.892	0
58.5585	386.93	0	5	2003	

58.5585	386.93	0
54.6253	387.892	0	5	2003	

58.5585	386.93	0
62.2586	386.026	0	5	2003	

62.2586	386.026	0
58.5585	386.93	0	5	2003	

62.2586	386.026	0
65.7395	385.175	0	5	2003	

65.7395	385.175	0
62.2586	386.026	0	5	2003	

65.7395	385.175	0
69.0141	384.374	0	5	2003	

69.0141	384.374	0
65.7395	385.175	0	5	2003	

69.0141	384.374	0
72.0947	383.621	0	5	2003	

72.0947	383.621	0
69.0141	384.374	0	5	2003	

72.0947	383.621	0
74.9927	382.913	0	5	2003	

74.9927	382.913	0
72.0947	383.621	0	5	2003	

74.9927	382.913	0
77.719	382.246	0	5	2003	

77.719	382.246	0
74.9927	382.913	0	5	2003	

77.719	382.246	0
80.2837	381.62	0	5	2003	

80.2837	381.62	0
77.719	382.246	0	5	2003	

80.2837	381.62	0
82.6965	381.03	0	5	2003	

82.6965	381.03	0
80.2837	381.62	0	5	2003	

82.6965	381.03	0
84.9663	380.475	0	5	2003	

84.9663	380.475	0
82.6965	381.03	0	5	2003	

84.9663	380.475	0
87.1015	379.953	0	5	2003	

87.1015	379.953	0
84.9663	380.475	0	5	2003	

87.1015	379.953	0
89.1103	379.462	0	5	2003	

89.1103	379.462	0
87.1015	379.953	0	5	2003	

89.1103	379.462	0
91	379	0	5	2003	

92.8	378.7	0
91	379	0	6	2003	

92.8	378.7	0
94.6	378.4	0	6	2003	

94.6	378.4	0
92.8	378.7	0	6	2003	

94.6	378.4	0
96.4	378.1	0	6	2003	

96.4	378.1	0
94.6	378.4	0	6	2003	

96.4	378.1	0
98.2	377.8	0	6	2003	

98.2	377.8	0
96.4	378.1	0	6	2003	

98.2	377.8	0
100	377.5	0	6	2003	

100	377.5	0
98.2	377.8	0	6	2003	

100	377.5	0
101.8	377.2	0	6	2003	

101.8	377.2	0
100	377.5	0	6	2003	

101.8	377.2	0
103.6	376.9	0	6	2003	

103.6	376.9	0
101.8	377.2	0	6	2003	

103.6	376.9	0
105.4	376.6	0	6	2003	

105.4	376.6	0
103.6	376.9	0	6	2003	

105.4	376.6	0
107.2	376.3	0	6	2003	

107.2	376.3	0
105.4	376.6	0	6	2003	

107.2	376.3	0
109	376	0	6	2003	

111.059	375.828	0
109	376	0	7	2003	

111.059	375.828	0
113.649	375.613	0	7	2003	

113.649	375.613	0
111.059	375.828	0	7	2003	

113.649	375.613	0
116.905	375.341	0	7	2003	

116.905	375.341	0
113.649	375.613	0	7	2003	

116.905	375.341	0
121	375	0	7	2003	

125.727	374.555	0
121	375	0	8	2003	

125.727	374.555	0
130.296	374.125	0	8	2003	

130.296	374.125	0
125.727	374.555	0	8	2003	

130.296	374.125	0
134.713	373.709	0	8	2003	

134.713	373.709	0
130.296	374.125	0	8	2003	

134.713	373.709	0
138.983	373.308	0	8	2003	

138.983	373.308	0
134.713	373.709	0	8	2003	

138.983	373.308	0
143.11	372.919	0	8	2003	

143.11	372.919	0
138.983	373.308	0	8	2003	

143.11	372.919	0
147.099	372.544	0	8	2003	

147.099	372.544	0
143.11	372.919	0	8	2003	

147.099	372.544	0
150.955	372.181	0	8	2003	

150.955	372.181	0
147.099	372.544	0	8	2003	

150.955	372.181	0
154.683	371.83	0	8	2003	

154.683	371.83	0
150.955	372.181	0	8	2003	

154.683	371.83	0
158.286	371.491	0	8	2003	

158.286	371.491	0
154.683	371.83	0	8	2003	

158.286	371.491	0
161.769	371.163	0	8	2003	

161.769	371.163	0
158.286	371.491	0	8	2003	

161.769	371.163	0
165.135	370.846	0	8	2003	

165.135	370.846	0
161.769	371.163	0	8	2003	

165.135	370.846	0
168.39	370.54	0	8	2003	

168.39	370.54	0
165.135	370.846	0	8	2003	

168.39	370.54	0
171.535	370.244	0	8	2003	

171.535	370.244	0
168.39	370.54	0	8	2003	

171.535	370.244	0
174.576	369.958	0	8	2003	

174.576	369.958	0
171.535	370.244	0	8	2003	

174.576	369.958	0
177.516	369.681	0	8	2003	

177.516	369.681	0
174.576	369.958	0	8	2003	

177.516	369.681	0
180.357	369.413	0	8	2003	

180.357	369.413	0
177.516	369.681	0	8	2003	

180.357	369.413	0
183.103	369.155	0	8	2003	

183.103	369.155	0
180.357	369.413	0	8	2003	

183.103	369.155	0
185.758	368.905	0	8	2003	

185.758	368.905	0
183.103	369.155	0	8	2003	

185.758	368.905	0
188.324	368.664	0	8	2003	

188.324	368.664	0
185.758	368.905	0	8	2003	

188.324	368.664	0
190.805	368.43	0	8	2003	

190.805	368.43	0
188.324	368.664	0	8	2003	

190.805	368.43	0
193.203	368.204	0	8	2003	

193.203	368.204	0
190.805	368.43	0	8	2003	

193.203	368.204	0
195.521	367.986	0	8	2003	

195.521	367.986	0
193.203	368.204	0	8	2003	

195.521	367.986	0
197.761	367.775	0	8	2003	

197.761	367.775	0
195.521	367.986	0	8	2003	

197.761	367.775	0
199.927	367.572	0	8	2003	

199.927	367.572	0
197.761	367.775	0	8	2003	

199.927	367.572	0
202.02	367.375	0	8	2003	

202.02	367.375	0
199.927	367.572	0	8	2003	

202.02	367.375	0
204.044	367.184	0	8	2003	

204.044	367.184	0
202.02	367.375	0	8	2003	

204.044	367.184	0
206	367	0	8	2003	

207.951	366.732	0
206	367	0	9	2003	

207.951	366.732	0
209.902	366.463	0	9	2003	

209.902	366.463	0
207.951	366.732	0	9	2003	

209.902	366.463	0
211.854	366.195	0	9	2003	

211.854	366.195	0
209.902	366.463	0	9	2003	

211.854	366.195	0
213.805	365.927	0	9	2003	

213.805	365.927	0
211.854	366.195	0	9	2003	

213.805	365.927	0
215.756	365.659	0	9	2003	

215.756	365.659	0
213.805	365.927	0	9	2003	

215.756	365.659	0
217.707	365.39	0	9	2003	

217.707	365.39	0
215.756	365.659	0	9	2003	

217.707	365.39	0
219.659	365.122	0	9	2003	

219.659	365.122	0
217.707	365.39	0	9	2003	

219.659	365.122	0
221.61	364.854	0	9	2003	

221.61	364.854	0
219.659	365.122	0	9	2003	

221.61	364.854	0
223.561	364.585	0	9	2003	

223.561	364.585	0
221.61	364.854	0	9	2003	

223.561	364.585	0
225.512	364.317	0	9	2003	

225.512	364.317	0
223.561	364.585	0	9	2003	

225.512	364.317	0
227.463	364.049	0	9	2003	

227.463	364.049	0
225.512	364.317	0	9	2003	

227.463	364.049	0
229.415	363.78	0	9	2003	

229.415	363.78	0
227.463	364.049	0	9	2003	

229.415	363.78	0
231.366	363.512	0	9	2003	

231.366	363.512	0
229.415	363.78	0	9	2003	

231.366	363.512	0
233.317	363.244	0	9	2003	

233.317	363.244	0
231.366	363.512	0	9	2003	

233.317	363.244	0
235.268	362.976	0	9	2003	

235.268	362.976	0
233.317	363.244	0	9	2003	

235.268	362.976	0
237.22	362.707	0	9	2003	

237.22	362.707	0
235.268	362.976	0	9	2003	

237.22	362.707	0
239.171	362.439	0	9	2003	

239.171	362.439	0
237.22	362.707	0	9	2003	

239.171	362.439	0
241.122	362.171	0	9	2003	

241.122	362.171	0
239.171	362.439	0	9	2003	

241.122	362.171	0
243.073	361.902	0	9	2003	

243.073	361.902	0
241.122	362.171	0	9	2003	

243.073	361.902	0
245.024	361.634	0	9	2003	

245.024	361.634	0
243.073	361.902	0	9	2003	

245.024	361.634	0
246.976	361.366	0	9	2003	

246.976	361.366	0
245.024	361.634	0	9	2003	

246.976	361.366	0
248.927	361.098	0	9	2003	

248.927	361.098	0
246.976	361.366	0	9	2003	

248.927	361.098	0
250.878	360.829	0	9	2003	

250.878	360.829	0
248.927	361.098	0	9	2003	

250.878	360.829	0
252.829	360.561	0	9	2003	

252.829	360.561	0
250.878	360.829	0	9	2003	

252.829	360.561	0
254.78	360.293	0	9	2003	

254.78	360.293	0
252.829	360.561	0	9	2003	

254.78	360.293	0
256.732	360.024	0	9	2003	

256.732	360.024	0
254.78	360.293	0	9	2003	

256.732	360.024	0
258.683	359.756	0	9	2003	

258.683	359.756	0
256.732	360.024	0	9	2003	

258.683	359.756	0
260.634	359.488	0	9	2003	

260.634	359.488	0
258.683	359.756	0	9	2003	

260.634	359.488	0
262.585	359.22	0	9	2003	

262.585	359.22	0
260.634	359.488	0	9	2003	

262.585	359.22	0
264.537	358.951	0	9	2003	

264.537	358.951	0
262.585	359.22	0	9	2003	

264.537	358.951	0
266.488	358.683	0	9	2003	

266.488	358.683	0
264.537	358.951	0	9	2003	

266.488	358.683	0
268.439	358.415	0	9	2003	

268.439	358.415	0
266.488	358.683	0	9	2003	

268.439	358.415	0
270.39	358.146	0	9	2003	

270.39	358.146	0
268.439	358.415	0	9	2003	

270.39	358.146	0
272.341	357.878	0	9	2003	

272.341	357.878	0
270.39	358.146	0	9	2003	

272.341	357.878	0
274.293	357.61	0	9	2003	

274.293	357.61	0
272.341	357.878	0	9	2003	

274.293	357.61	0
276.244	357.341	0	9	2003	

276.244	357.341	0
274.293	357.61	0	9	2003	

276.244	357.341	0
278.195	357.073	0	9	2003	

278.195	357.073	0
276.244	357.341	0	9	2003	

278.195	357.073	0
280.146	356.805	0	9	2003	

280.146	356.805	0
278.195	357.073	0	9	2003	

280.146	356.805	0
282.098	356.537	0	9	2003	

282.098	356.537	0
280.146	356.805	0	9	2003	

282.098	356.537	0
284.049	356.268	0	9	2003	

284.049	356.268	0
282.098	356.537	0	9	2003	

284.049	356.268	0
286	356	0	9	2003	

287.952	356	0
286	356	0	10	2003	

287.952	356	0
289.905	356	0	10	2003	

289.905	356	0
287.952	356	0	10	2003	

289.905	356	0
291.857	356	0	10	2003	

291.857	356	0
289.905	356	0	10	2003	

291.857	356	0
293.81	356	0	10	2003	

293.81	356	0
291.857	356	0	10	2003	

293.81	356	0
295.762	356	0	10	2003	

295.762	356	0
293.81	356	0	10	2003	

295.762	356	0
297.714	356	0	10	2003	

297.714	356	0
295.762	356	0	10	2003	

297.714	356	0
299.667	356	0	10	2003	

299.667	356	0
297.714	356	0	10	2003	

299.667	356	0
301.619	356	0	10	2003	

301.619	356	0
299.667	356	0	10	2003	

301.619	356	0
303.571	356	0	10	2003	

303.571	356	0
301.619	356	0	10	2003	

303.571	356	0
305.524	356	0	10	2003	

305.524	356	0
303.571	356	0	10	2003	

305.524	356	0
307.476	356	0	10	2003	

307.476	356	0
305.524	356	0	10	2003	

307.476	356	0
309.429	356	0	10	2003	

309.429	356	0
307.476	356	0	10	2003	

309.429	356	0
311.381	356	0	10	2003	

311.381	356	0
309.429	356	0	10	2003	

311.381	356	0
313.333	356	0	10	2003	

313.333	356	0
311.381	356	0	10	2003	

313.333	356	0
315.286	356	0	10	2003	

315.286	356	0
313.333	356	0	10	2003	

315.286	356	0
317.238	356	0	10	2003	

317.238	356	0
315.286	356	0	10	2003	

317.238	356	0
319.19	356	0	10	2003	

319.19	356	0
317.238	356	0	10	2003	

319.19	356	0
321.143	356	0	10	2003	

321.143	356	0
319.19	356	0	10	2003	

321.143	356	0
323.095	356	0	10	2003	

323.095	356	0
321.143	356	0	10	2003	

323.095	356	0
325.048	356	0	10	2003	

325.048	356	0
323.095	356	0	10	2003	

325.048	356	0
327	356	0	10	2003	

328.969	355.844	0
327	356	0	11	2003	

328.969	355.844	0
330.938	355.688	0	11	2003	

330.938	355.688	0
328.969	355.844	0	11	2003	

330.938	355.688	0
332.906	355.531	0	11	2003	

332.906	355.531	0
330.938	355.688	0	11	2003	

332.906	355.531	0
334.875	355.375	0	11	2003	

334.875	355.375	0
332.906	355.531	0	11	2003	

334.875	355.375	0
336.844	355.219	0	11	2003	

336.844	355.219	0
334.875	355.375	0	11	2003	

336.844	355.219	0
338.812	355.062	0	11	2003	

338.812	355.062	0
336.844	355.219	0	11	2003	

338.812	355.062	0
340.781	354.906	0	11	2003	

340.781	354.906	0
338.812	355.062	0	11	2003	

340.781	354.906	0
342.75	354.75	0	11	2003	

342.75	354.75	0
340.781	354.906	0	11	2003	

342.75	354.75	0
344.719	354.594	0	11	2003	

344.719	354.594	0
342.75	354.75	0	11	2003	

344.719	354.594	0
346.687	354.438	0	11	2003	

346.687	354.438	0
344.719	354.594	0	11	2003	

346.687	354.438	0
348.656	354.281	0	11	2003	

348.656	354.281	0
346.687	354.438	0	11	2003	

348.656	354.281	0
350.625	354.125	0	11	2003	

350.625	354.125	0
348.656	354.281	0	11	2003	

350.625	354.125	0
352.594	353.969	0	11	2003	

352.594	353.969	0
350.625	354.125	0	11	2003	

352.594	353.969	0
354.562	353.812	0	11	2003	

354.562	353.812	0
352.594	353.969	0	11	2003	

354.562	353.812	0
356.531	353.656	0	11	2003	

356.531	353.656	0
354.562	353.812	0	11	2003	

356.531	353.656	0
358.5	353.5	0	11	2003	

358.5	353.5	0
356.531	353.656	0	11	2003	

358.5	353.5	0
360.469	353.344	0	11	2003	

360.469	353.344	0
358.5	353.5	0	11	2003	

360.469	353.344	0
362.437	353.188	0	11	2003	

362.437	353.188	0
360.469	353.344	0	11	2003	

362.437	353.188	0
364.406	353.031	0	11	2003	

364.406	353.031	0
362.437	353.188	0	11	2003	

364.406	353.031	0
366.375	352.875	0	11	2003	

366.375	352.875	0
364.406	353.031	0	11	2003	

366.375	352.875	0
368.344	352.719	0	11	2003	

368.344	352.719	0
366.375	352.875	0	11	2003	

368.344	352.719	0
370.312	352.562	0	11	2003	

370.312	352.562	0
368.344	352.719	0	11	2003	

370.312	352.562	0
372.281	352.406	0	11	2003	

372.281	352.406	0
370.312	352.562	0	11	2003	

372.281	352.406	0
374.25	352.25	0	11	2003	

374.25	352.25	0
372.281	352.406	0	11	2003	

374.25	352.25	0
376.219	352.094	0	11	2003	

376.219	352.094	0
374.25	352.25	0	11	2003	

376.219	352.094	0
378.187	351.938	0	11	2003	

378.187	351.938	0
376.219	352.094	0	11	2003	

378.187	351.938	0
380.156	351.781	0	11	2003	

380.156	351.781	0
378.187	351.938	0	11	2003	

380.156	351.781	0
382.125	351.625	0	11	2003	

382.125	351.625	0
380.156	351.781	0	11	2003	

382.125	351.625	0
384.094	351.469	0	11	2003	

384.094	351.469	0
382.125	351.625	0	11	2003	

384.094	351.469	0
386.062	351.312	0	11	2003	

386.062	351.312	0
384.094	351.469	0	11	2003	

386.062	351.312	0
388.031	351.156	0	11	2003	

388.031	351.156	0
386.062	351.312	0	11	2003	

388.031	351.156	0
390	351	0	11	2003	

392	350.95	0
390	351	0	12	2003	

392	350.95	0
394	350.9	0	12	2003	

394	350.9	0
392	350.95	0	12	2003	

394	350.9	0
396	350.85	0	12	2003	

396	350.85	0
394	350.9	0	12	2003	

396	350.85	0
398	350.8	0	12	2003	

398	350.8	0
396	350.85	0	12	2003	

398	350.8	0
400	350.75	0	12	2003	

400	350.75	0
398	350.8	0	12	2003	

400	350.75	0
402	350.7	0	12	2003	

402	350.7	0
400	350.75	0	12	2003	

402	350.7	0
404	350.65	0	12	2003	

404	350.65	0
402	350.7	0	12	2003	

404	350.65	0
406	350.6	0	12	2003	

406	350.6	0
404	350.65	0	12	2003	

406	350.6	0
408	350.55	0	12	2003	

408	350.55	0
406	350.6	0	12	2003	

408	350.55	0
410	350.5	0	12	2003	

410	350.5	0
408	350.55	0	12	2003	

410	350.5	0
412	350.45	0	12	2003	

412	350.45	0
410	350.5	0	12	2003	

412	350.45	0
414	350.4	0	12	2003	

414	350.4	0
412	350.45	0	12	2003	

414	350.4	0
416	350.35	0	12	2003	

416	350.35	0
414	350.4	0	12	2003	

416	350.35	0
418	350.3	0	12	2003	

418	350.3	0
416	350.35	0	12	2003	

418	350.3	0
420	350.25	0	12	2003	

420	350.25	0
418	350.3	0	12	2003	

420	350.25	0
422	350.2	0	12	2003	

422	350.2	0
420	350.25	0	12	2003	

422	350.2	0
424	350.15	0	12	2003	

424	350.15	0
422	350.2	0	12	2003	

424	350.15	0
426	350.1	0	12	2003	

426	350.1	0
424	350.15	0	12	2003	

426	350.1	0
428	350.05	0	12	2003	

428	350.05	0
426	350.1	0	12	2003	

428	350.05	0
430	350	0	12	2003	

430	348.45	0
430	350	0	13	2002	

430	348.45	0
430	346	0	13	2002	

430	332.469	0
430	337	0	16	2002	

430	332.469	0
430	327.383	0	16	2002	

430	327.383	0
430	332.469	0	16	2002	

430	327.383	0
430	321.674	0	16	2002	

430	321.674	0
430	327.383	0	16	2002	

430	321.674	0
430	315.266	0	16	2002	

430	315.266	0
430	321.674	0	16	2002	

430	315.266	0
430	308.073	0	16	2002	

430	308.073	0
430	315.266	0	16	2002	

430	308.073	0
430	300	0	16	2002	

