# R2D2 grid neighbours information
1	4.21569	310.245	1300	41	2	1458	1459	1460	
2	4.21569	312.108	1	42	3	1457	1458	
3	4.21569	313.971	2	43	4	1456	1457	
4	4.21569	315.833	3	44	5	1455	1456	
5	4.21569	317.696	4	45	6	1454	1455	
6	4.21569	319.559	5	46	7	1453	1454	
7	4.21569	321.422	6	47	8	1452	1453	
8	4.21569	323.284	7	48	9	1451	1452	
9	4.21569	325.147	8	49	10	1450	1451	
10	4.21569	327.01	9	50	11	1449	1450	
11	4.21569	328.873	10	51	12	1448	1449	
12	4.21569	330.735	11	52	13	1447	1448	
13	4.21569	332.598	12	53	14	1446	1447	
14	4.21569	334.461	13	54	15	1445	1446	
15	4.21569	336.324	14	55	16	1444	1445	
16	4.21569	338.186	15	56	17	1443	1444	
17	4.21569	340.049	16	57	18	1442	1443	
18	4.21569	341.912	17	58	19	1441	1442	
19	4.21569	343.775	18	59	20	1440	1441	
20	4.21569	345.637	19	60	21	1439	1440	
21	4.21569	347.5	20	61	22	1438	1439	
22	4.21569	349.363	21	62	23	1437	1438	
23	4.21569	351.225	22	63	24	1436	1437	
24	4.21569	353.088	23	64	25	1435	1436	
25	4.21569	354.951	24	65	26	1434	1435	
26	4.21569	356.814	25	66	27	1433	1434	
27	4.21569	358.676	26	67	28	1432	1433	
28	4.21569	360.539	27	68	29	1431	1432	
29	4.21569	362.402	28	69	30	1430	1431	
30	4.21569	364.265	29	70	31	1429	1430	
31	4.21569	366.127	30	71	32	1428	1429	
32	4.21569	367.99	31	72	33	1427	1428	
33	4.21569	369.853	32	73	34	1426	1427	
34	4.21569	371.716	33	74	35	1425	1426	
35	4.21569	373.578	34	75	36	1424	1425	
36	4.21569	375.441	35	76	37	1423	1424	
37	4.21569	377.304	36	77	38	1422	1423	
38	4.21569	379.167	37	78	39	1421	1422	
39	4.21569	381.029	38	79	40	1420	1421	
40	4.21569	382.892	39	80	1413	1418	1419	1420	
41	12.6471	310.245	81	42	1	1300	1301	
42	12.6471	312.108	43	2	41	82	
43	12.6471	313.971	44	3	42	83	
44	12.6471	315.833	45	4	43	84	
45	12.6471	317.696	46	5	44	85	
46	12.6471	319.559	47	6	45	86	
47	12.6471	321.422	48	7	46	87	
48	12.6471	323.284	49	8	47	88	
49	12.6471	325.147	50	9	48	89	
50	12.6471	327.01	51	10	49	90	
51	12.6471	328.873	52	11	50	91	
52	12.6471	330.735	53	12	51	92	
53	12.6471	332.598	54	13	52	93	
54	12.6471	334.461	55	14	53	94	
55	12.6471	336.324	56	15	54	95	
56	12.6471	338.186	57	16	55	96	
57	12.6471	340.049	58	17	56	97	
58	12.6471	341.912	59	18	57	98	
59	12.6471	343.775	60	19	58	99	
60	12.6471	345.637	61	20	59	100	
61	12.6471	347.5	62	21	60	101	
62	12.6471	349.363	63	22	61	102	
63	12.6471	351.225	64	23	62	103	
64	12.6471	353.088	65	24	63	104	
65	12.6471	354.951	66	25	64	105	
66	12.6471	356.814	67	26	65	106	
67	12.6471	358.676	68	27	66	107	
68	12.6471	360.539	69	28	67	108	
69	12.6471	362.402	70	29	68	109	
70	12.6471	364.265	71	30	69	110	
71	12.6471	366.127	72	31	70	111	
72	12.6471	367.99	73	32	71	112	
73	12.6471	369.853	74	33	72	113	
74	12.6471	371.716	75	34	73	114	
75	12.6471	373.578	76	35	74	115	
76	12.6471	375.441	77	36	75	116	
77	12.6471	377.304	78	37	76	117	
78	12.6471	379.167	79	38	77	117	
79	12.6471	381.029	80	39	78	117	
80	12.6471	382.892	40	79	117	1412	1413	
81	21.0784	310.245	118	82	41	1301	1302	
82	21.0784	312.108	83	42	81	119	
83	21.0784	313.971	84	43	82	120	
84	21.0784	315.833	85	44	83	121	
85	21.0784	317.696	86	45	84	122	
86	21.0784	319.559	87	46	85	123	
87	21.0784	321.422	88	47	86	124	
88	21.0784	323.284	89	48	87	125	
89	21.0784	325.147	90	49	88	126	
90	21.0784	327.01	91	50	89	127	
91	21.0784	328.873	92	51	90	128	
92	21.0784	330.735	93	52	91	129	
93	21.0784	332.598	94	53	92	130	
94	21.0784	334.461	95	54	93	131	
95	21.0784	336.324	96	55	94	132	
96	21.0784	338.186	97	56	95	133	
97	21.0784	340.049	98	57	96	134	
98	21.0784	341.912	99	58	97	135	
99	21.0784	343.775	100	59	98	136	
100	21.0784	345.637	101	60	99	137	
101	21.0784	347.5	102	61	100	138	
102	21.0784	349.363	103	62	101	139	
103	21.0784	351.225	104	63	102	140	
104	21.0784	353.088	105	64	103	141	
105	21.0784	354.951	106	65	104	142	
106	21.0784	356.814	107	66	105	143	
107	21.0784	358.676	108	67	106	144	
108	21.0784	360.539	109	68	107	145	
109	21.0784	362.402	110	69	108	146	
110	21.0784	364.265	111	70	109	147	
111	21.0784	366.127	112	71	110	148	
112	21.0784	367.99	113	72	111	149	
113	21.0784	369.853	114	73	112	150	
114	21.0784	371.716	115	74	113	151	
115	21.0784	373.578	116	75	114	152	
116	21.0784	375.441	117	76	115	153	
117	21.0784	377.304	80	79	78	77	116	154	1411	1412	
118	29.5098	310.245	155	119	81	1302	1303	
119	29.5098	312.108	120	82	118	156	
120	29.5098	313.971	121	83	119	157	
121	29.5098	315.833	122	84	120	158	
122	29.5098	317.696	123	85	121	159	
123	29.5098	319.559	124	86	122	160	
124	29.5098	321.422	125	87	123	161	
125	29.5098	323.284	126	88	124	162	
126	29.5098	325.147	127	89	125	163	
127	29.5098	327.01	128	90	126	164	
128	29.5098	328.873	129	91	127	165	
129	29.5098	330.735	130	92	128	166	
130	29.5098	332.598	131	93	129	167	
131	29.5098	334.461	132	94	130	168	
132	29.5098	336.324	133	95	131	169	
133	29.5098	338.186	134	96	132	170	
134	29.5098	340.049	135	97	133	171	
135	29.5098	341.912	136	98	134	172	
136	29.5098	343.775	137	99	135	173	
137	29.5098	345.637	138	100	136	174	
138	29.5098	347.5	139	101	137	175	
139	29.5098	349.363	140	102	138	176	
140	29.5098	351.225	141	103	139	177	
141	29.5098	353.088	142	104	140	178	
142	29.5098	354.951	143	105	141	179	
143	29.5098	356.814	144	106	142	180	
144	29.5098	358.676	145	107	143	181	
145	29.5098	360.539	146	108	144	182	
146	29.5098	362.402	147	109	145	183	
147	29.5098	364.265	148	110	146	184	
148	29.5098	366.127	149	111	147	185	
149	29.5098	367.99	150	112	148	186	
150	29.5098	369.853	151	113	149	187	
151	29.5098	371.716	152	114	150	188	
152	29.5098	373.578	153	115	151	189	
153	29.5098	375.441	154	116	152	190	
154	29.5098	377.304	117	153	191	192	193	1411	
155	37.9412	310.245	194	156	118	1303	1304	
156	37.9412	312.108	157	119	155	195	
157	37.9412	313.971	158	120	156	196	
158	37.9412	315.833	159	121	157	197	
159	37.9412	317.696	160	122	158	198	
160	37.9412	319.559	161	123	159	199	
161	37.9412	321.422	162	124	160	200	
162	37.9412	323.284	163	125	161	201	
163	37.9412	325.147	164	126	162	202	
164	37.9412	327.01	165	127	163	203	
165	37.9412	328.873	166	128	164	204	
166	37.9412	330.735	167	129	165	205	
167	37.9412	332.598	168	130	166	206	
168	37.9412	334.461	169	131	167	207	
169	37.9412	336.324	170	132	168	208	
170	37.9412	338.186	171	133	169	209	
171	37.9412	340.049	172	134	170	210	
172	37.9412	341.912	173	135	171	211	
173	37.9412	343.775	174	136	172	212	
174	37.9412	345.637	175	137	173	213	
175	37.9412	347.5	176	138	174	214	
176	37.9412	349.363	177	139	175	215	
177	37.9412	351.225	178	140	176	216	
178	37.9412	353.088	179	141	177	217	
179	37.9412	354.951	180	142	178	218	
180	37.9412	356.814	181	143	179	219	
181	37.9412	358.676	182	144	180	220	
182	37.9412	360.539	183	145	181	221	
183	37.9412	362.402	184	146	182	222	
184	37.9412	364.265	185	147	183	223	
185	37.9412	366.127	186	148	184	224	
186	37.9412	367.99	187	149	185	225	
187	37.9412	369.853	188	150	186	226	
188	37.9412	371.716	189	151	187	227	
189	37.9412	373.578	190	152	188	228	
190	37.9412	375.441	191	153	189	229	
191	37.9412	377.304	192	154	190	230	
192	37.9412	379.167	193	154	191	231	
193	37.9412	381.029	154	192	231	1410	1411	
194	46.3725	310.245	232	195	155	1304	1305	
195	46.3725	312.108	196	156	194	233	
196	46.3725	313.971	197	157	195	234	
197	46.3725	315.833	198	158	196	235	
198	46.3725	317.696	199	159	197	236	
199	46.3725	319.559	200	160	198	237	
200	46.3725	321.422	201	161	199	238	
201	46.3725	323.284	202	162	200	239	
202	46.3725	325.147	203	163	201	240	
203	46.3725	327.01	204	164	202	241	
204	46.3725	328.873	205	165	203	242	
205	46.3725	330.735	206	166	204	243	
206	46.3725	332.598	207	167	205	244	
207	46.3725	334.461	208	168	206	245	
208	46.3725	336.324	209	169	207	246	
209	46.3725	338.186	210	170	208	247	
210	46.3725	340.049	211	171	209	248	
211	46.3725	341.912	212	172	210	249	
212	46.3725	343.775	213	173	211	250	
213	46.3725	345.637	214	174	212	251	
214	46.3725	347.5	215	175	213	252	
215	46.3725	349.363	216	176	214	253	
216	46.3725	351.225	217	177	215	254	
217	46.3725	353.088	218	178	216	255	
218	46.3725	354.951	219	179	217	256	
219	46.3725	356.814	220	180	218	257	
220	46.3725	358.676	221	181	219	258	
221	46.3725	360.539	222	182	220	259	
222	46.3725	362.402	223	183	221	260	
223	46.3725	364.265	224	184	222	261	
224	46.3725	366.127	225	185	223	262	
225	46.3725	367.99	226	186	224	263	
226	46.3725	369.853	227	187	225	264	
227	46.3725	371.716	228	188	226	265	
228	46.3725	373.578	229	189	227	266	
229	46.3725	375.441	230	190	228	267	
230	46.3725	377.304	231	191	229	268	
231	46.3725	379.167	193	192	230	268	1409	1410	
232	54.8039	310.245	269	233	194	1305	1306	
233	54.8039	312.108	234	195	232	270	
234	54.8039	313.971	235	196	233	271	
235	54.8039	315.833	236	197	234	272	
236	54.8039	317.696	237	198	235	273	
237	54.8039	319.559	238	199	236	274	
238	54.8039	321.422	239	200	237	275	
239	54.8039	323.284	240	201	238	276	
240	54.8039	325.147	241	202	239	277	
241	54.8039	327.01	242	203	240	278	
242	54.8039	328.873	243	204	241	279	
243	54.8039	330.735	244	205	242	280	
244	54.8039	332.598	245	206	243	281	
245	54.8039	334.461	246	207	244	282	
246	54.8039	336.324	247	208	245	283	
247	54.8039	338.186	248	209	246	284	
248	54.8039	340.049	249	210	247	285	
249	54.8039	341.912	250	211	248	286	
250	54.8039	343.775	251	212	249	287	
251	54.8039	345.637	252	213	250	288	
252	54.8039	347.5	253	214	251	289	
253	54.8039	349.363	254	215	252	290	
254	54.8039	351.225	255	216	253	291	
255	54.8039	353.088	256	217	254	292	
256	54.8039	354.951	257	218	255	293	
257	54.8039	356.814	258	219	256	294	
258	54.8039	358.676	259	220	257	295	
259	54.8039	360.539	260	221	258	296	
260	54.8039	362.402	261	222	259	297	
261	54.8039	364.265	262	223	260	298	
262	54.8039	366.127	263	224	261	299	
263	54.8039	367.99	264	225	262	300	
264	54.8039	369.853	265	226	263	301	
265	54.8039	371.716	266	227	264	302	
266	54.8039	373.578	267	228	265	303	
267	54.8039	375.441	268	229	266	304	
268	54.8039	377.304	231	230	267	304	1408	1409	
269	63.2353	310.245	305	270	232	1306	1307	
270	63.2353	312.108	271	233	269	306	
271	63.2353	313.971	272	234	270	307	
272	63.2353	315.833	273	235	271	308	
273	63.2353	317.696	274	236	272	309	
274	63.2353	319.559	275	237	273	310	
275	63.2353	321.422	276	238	274	311	
276	63.2353	323.284	277	239	275	312	
277	63.2353	325.147	278	240	276	313	
278	63.2353	327.01	279	241	277	314	
279	63.2353	328.873	280	242	278	315	
280	63.2353	330.735	281	243	279	316	
281	63.2353	332.598	282	244	280	317	
282	63.2353	334.461	283	245	281	318	
283	63.2353	336.324	284	246	282	319	
284	63.2353	338.186	285	247	283	320	
285	63.2353	340.049	286	248	284	321	
286	63.2353	341.912	287	249	285	322	
287	63.2353	343.775	288	250	286	323	
288	63.2353	345.637	289	251	287	324	
289	63.2353	347.5	290	252	288	325	
290	63.2353	349.363	291	253	289	326	
291	63.2353	351.225	292	254	290	327	
292	63.2353	353.088	293	255	291	328	
293	63.2353	354.951	294	256	292	329	
294	63.2353	356.814	295	257	293	330	
295	63.2353	358.676	296	258	294	331	
296	63.2353	360.539	297	259	295	332	
297	63.2353	362.402	298	260	296	333	
298	63.2353	364.265	299	261	297	334	
299	63.2353	366.127	300	262	298	335	
300	63.2353	367.99	301	263	299	336	
301	63.2353	369.853	302	264	300	337	
302	63.2353	371.716	303	265	301	338	
303	63.2353	373.578	304	266	302	339	
304	63.2353	375.441	268	267	303	339	1407	1408	
305	71.6667	310.245	340	306	269	1307	1308	
306	71.6667	312.108	307	270	305	341	
307	71.6667	313.971	308	271	306	342	
308	71.6667	315.833	309	272	307	343	
309	71.6667	317.696	310	273	308	344	
310	71.6667	319.559	311	274	309	345	
311	71.6667	321.422	312	275	310	346	
312	71.6667	323.284	313	276	311	347	
313	71.6667	325.147	314	277	312	348	
314	71.6667	327.01	315	278	313	349	
315	71.6667	328.873	316	279	314	350	
316	71.6667	330.735	317	280	315	351	
317	71.6667	332.598	318	281	316	352	
318	71.6667	334.461	319	282	317	353	
319	71.6667	336.324	320	283	318	354	
320	71.6667	338.186	321	284	319	355	
321	71.6667	340.049	322	285	320	356	
322	71.6667	341.912	323	286	321	357	
323	71.6667	343.775	324	287	322	358	
324	71.6667	345.637	325	288	323	359	
325	71.6667	347.5	326	289	324	360	
326	71.6667	349.363	327	290	325	361	
327	71.6667	351.225	328	291	326	362	
328	71.6667	353.088	329	292	327	363	
329	71.6667	354.951	330	293	328	364	
330	71.6667	356.814	331	294	329	365	
331	71.6667	358.676	332	295	330	366	
332	71.6667	360.539	333	296	331	367	
333	71.6667	362.402	334	297	332	368	
334	71.6667	364.265	335	298	333	369	
335	71.6667	366.127	336	299	334	370	
336	71.6667	367.99	337	300	335	371	
337	71.6667	369.853	338	301	336	372	
338	71.6667	371.716	339	302	337	373	
339	71.6667	373.578	304	303	338	373	1406	1407	
340	80.098	310.245	374	341	305	1308	1309	
341	80.098	312.108	342	306	340	375	
342	80.098	313.971	343	307	341	376	
343	80.098	315.833	344	308	342	377	
344	80.098	317.696	345	309	343	378	
345	80.098	319.559	346	310	344	379	
346	80.098	321.422	347	311	345	380	
347	80.098	323.284	348	312	346	381	
348	80.098	325.147	349	313	347	382	
349	80.098	327.01	350	314	348	383	
350	80.098	328.873	351	315	349	384	
351	80.098	330.735	352	316	350	385	
352	80.098	332.598	353	317	351	386	
353	80.098	334.461	354	318	352	387	
354	80.098	336.324	355	319	353	388	
355	80.098	338.186	356	320	354	389	
356	80.098	340.049	357	321	355	390	
357	80.098	341.912	358	322	356	391	
358	80.098	343.775	359	323	357	392	
359	80.098	345.637	360	324	358	393	
360	80.098	347.5	361	325	359	394	
361	80.098	349.363	362	326	360	395	
362	80.098	351.225	363	327	361	396	
363	80.098	353.088	364	328	362	397	
364	80.098	354.951	365	329	363	398	
365	80.098	356.814	366	330	364	399	
366	80.098	358.676	367	331	365	400	
367	80.098	360.539	368	332	366	401	
368	80.098	362.402	369	333	367	402	
369	80.098	364.265	370	334	368	403	
370	80.098	366.127	371	335	369	404	
371	80.098	367.99	372	336	370	405	
372	80.098	369.853	373	337	371	406	
373	80.098	371.716	339	338	372	406	1405	1406	
374	88.5294	310.245	407	375	340	1309	1310	
375	88.5294	312.108	376	341	374	408	
376	88.5294	313.971	377	342	375	409	
377	88.5294	315.833	378	343	376	410	
378	88.5294	317.696	379	344	377	411	
379	88.5294	319.559	380	345	378	412	
380	88.5294	321.422	381	346	379	413	
381	88.5294	323.284	382	347	380	414	
382	88.5294	325.147	383	348	381	415	
383	88.5294	327.01	384	349	382	416	
384	88.5294	328.873	385	350	383	417	
385	88.5294	330.735	386	351	384	418	
386	88.5294	332.598	387	352	385	419	
387	88.5294	334.461	388	353	386	420	
388	88.5294	336.324	389	354	387	421	
389	88.5294	338.186	390	355	388	422	
390	88.5294	340.049	391	356	389	423	
391	88.5294	341.912	392	357	390	424	
392	88.5294	343.775	393	358	391	425	
393	88.5294	345.637	394	359	392	426	
394	88.5294	347.5	395	360	393	427	
395	88.5294	349.363	396	361	394	428	
396	88.5294	351.225	397	362	395	429	
397	88.5294	353.088	398	363	396	430	
398	88.5294	354.951	399	364	397	431	
399	88.5294	356.814	400	365	398	432	
400	88.5294	358.676	401	366	399	433	
401	88.5294	360.539	402	367	400	434	
402	88.5294	362.402	403	368	401	435	
403	88.5294	364.265	404	369	402	436	
404	88.5294	366.127	405	370	403	437	
405	88.5294	367.99	406	371	404	438	
406	88.5294	369.853	373	372	405	438	1404	1405	
407	96.9608	310.245	439	408	374	1310	1311	
408	96.9608	312.108	409	375	407	440	
409	96.9608	313.971	410	376	408	441	
410	96.9608	315.833	411	377	409	442	
411	96.9608	317.696	412	378	410	443	
412	96.9608	319.559	413	379	411	444	
413	96.9608	321.422	414	380	412	445	
414	96.9608	323.284	415	381	413	446	
415	96.9608	325.147	416	382	414	447	
416	96.9608	327.01	417	383	415	448	
417	96.9608	328.873	418	384	416	449	
418	96.9608	330.735	419	385	417	450	
419	96.9608	332.598	420	386	418	451	
420	96.9608	334.461	421	387	419	452	
421	96.9608	336.324	422	388	420	453	
422	96.9608	338.186	423	389	421	454	
423	96.9608	340.049	424	390	422	455	
424	96.9608	341.912	425	391	423	456	
425	96.9608	343.775	426	392	424	457	
426	96.9608	345.637	427	393	425	458	
427	96.9608	347.5	428	394	426	459	
428	96.9608	349.363	429	395	427	460	
429	96.9608	351.225	430	396	428	461	
430	96.9608	353.088	431	397	429	462	
431	96.9608	354.951	432	398	430	463	
432	96.9608	356.814	433	399	431	464	
433	96.9608	358.676	434	400	432	465	
434	96.9608	360.539	435	401	433	466	
435	96.9608	362.402	436	402	434	467	
436	96.9608	364.265	437	403	435	468	
437	96.9608	366.127	438	404	436	469	
438	96.9608	367.99	406	405	437	469	1403	1404	
439	105.392	310.245	470	440	407	1311	1312	
440	105.392	312.108	441	408	439	471	
441	105.392	313.971	442	409	440	472	
442	105.392	315.833	443	410	441	473	
443	105.392	317.696	444	411	442	474	
444	105.392	319.559	445	412	443	475	
445	105.392	321.422	446	413	444	476	
446	105.392	323.284	447	414	445	477	
447	105.392	325.147	448	415	446	478	
448	105.392	327.01	449	416	447	479	
449	105.392	328.873	450	417	448	480	
450	105.392	330.735	451	418	449	481	
451	105.392	332.598	452	419	450	482	
452	105.392	334.461	453	420	451	483	
453	105.392	336.324	454	421	452	484	
454	105.392	338.186	455	422	453	485	
455	105.392	340.049	456	423	454	486	
456	105.392	341.912	457	424	455	487	
457	105.392	343.775	458	425	456	488	
458	105.392	345.637	459	426	457	489	
459	105.392	347.5	460	427	458	490	
460	105.392	349.363	461	428	459	491	
461	105.392	351.225	462	429	460	492	
462	105.392	353.088	463	430	461	493	
463	105.392	354.951	464	431	462	494	
464	105.392	356.814	465	432	463	495	
465	105.392	358.676	466	433	464	496	
466	105.392	360.539	467	434	465	497	
467	105.392	362.402	468	435	466	498	
468	105.392	364.265	469	436	467	499	
469	105.392	366.127	438	437	468	500	1402	1403	
470	113.824	310.245	501	471	439	1312	1313	
471	113.824	312.108	472	440	470	502	
472	113.824	313.971	473	441	471	503	
473	113.824	315.833	474	442	472	504	
474	113.824	317.696	475	443	473	505	
475	113.824	319.559	476	444	474	506	
476	113.824	321.422	477	445	475	507	
477	113.824	323.284	478	446	476	508	
478	113.824	325.147	479	447	477	509	
479	113.824	327.01	480	448	478	510	
480	113.824	328.873	481	449	479	511	
481	113.824	330.735	482	450	480	512	
482	113.824	332.598	483	451	481	513	
483	113.824	334.461	484	452	482	514	
484	113.824	336.324	485	453	483	515	
485	113.824	338.186	486	454	484	516	
486	113.824	340.049	487	455	485	517	
487	113.824	341.912	488	456	486	518	
488	113.824	343.775	489	457	487	519	
489	113.824	345.637	490	458	488	520	
490	113.824	347.5	491	459	489	521	
491	113.824	349.363	492	460	490	522	
492	113.824	351.225	493	461	491	523	
493	113.824	353.088	494	462	492	524	
494	113.824	354.951	495	463	493	525	
495	113.824	356.814	496	464	494	526	
496	113.824	358.676	497	465	495	527	
497	113.824	360.539	498	466	496	528	
498	113.824	362.402	499	467	497	529	
499	113.824	364.265	500	468	498	530	
500	113.824	366.127	469	499	530	1401	1402	
501	122.255	310.245	531	502	470	1313	1314	
502	122.255	312.108	503	471	501	532	
503	122.255	313.971	504	472	502	533	
504	122.255	315.833	505	473	503	534	
505	122.255	317.696	506	474	504	535	
506	122.255	319.559	507	475	505	536	
507	122.255	321.422	508	476	506	537	
508	122.255	323.284	509	477	507	538	
509	122.255	325.147	510	478	508	539	
510	122.255	327.01	511	479	509	540	
511	122.255	328.873	512	480	510	541	
512	122.255	330.735	513	481	511	542	
513	122.255	332.598	514	482	512	543	
514	122.255	334.461	515	483	513	544	
515	122.255	336.324	516	484	514	545	
516	122.255	338.186	517	485	515	546	
517	122.255	340.049	518	486	516	547	
518	122.255	341.912	519	487	517	548	
519	122.255	343.775	520	488	518	549	
520	122.255	345.637	521	489	519	550	
521	122.255	347.5	522	490	520	551	
522	122.255	349.363	523	491	521	552	
523	122.255	351.225	524	492	522	553	
524	122.255	353.088	525	493	523	554	
525	122.255	354.951	526	494	524	555	
526	122.255	356.814	527	495	525	556	
527	122.255	358.676	528	496	526	557	
528	122.255	360.539	529	497	527	558	
529	122.255	362.402	530	498	528	559	
530	122.255	364.265	500	499	529	560	1400	1401	
531	130.686	310.245	561	532	501	1314	1315	
532	130.686	312.108	533	502	531	562	
533	130.686	313.971	534	503	532	563	
534	130.686	315.833	535	504	533	564	
535	130.686	317.696	536	505	534	565	
536	130.686	319.559	537	506	535	566	
537	130.686	321.422	538	507	536	567	
538	130.686	323.284	539	508	537	568	
539	130.686	325.147	540	509	538	569	
540	130.686	327.01	541	510	539	570	
541	130.686	328.873	542	511	540	571	
542	130.686	330.735	543	512	541	572	
543	130.686	332.598	544	513	542	573	
544	130.686	334.461	545	514	543	574	
545	130.686	336.324	546	515	544	575	
546	130.686	338.186	547	516	545	576	
547	130.686	340.049	548	517	546	577	
548	130.686	341.912	549	518	547	578	
549	130.686	343.775	550	519	548	579	
550	130.686	345.637	551	520	549	580	
551	130.686	347.5	552	521	550	581	
552	130.686	349.363	553	522	551	582	
553	130.686	351.225	554	523	552	583	
554	130.686	353.088	555	524	553	584	
555	130.686	354.951	556	525	554	585	
556	130.686	356.814	557	526	555	586	
557	130.686	358.676	558	527	556	587	
558	130.686	360.539	559	528	557	588	
559	130.686	362.402	560	529	558	589	
560	130.686	364.265	530	559	589	1399	1400	
561	139.118	310.245	590	562	531	1315	1316	
562	139.118	312.108	563	532	561	591	
563	139.118	313.971	564	533	562	592	
564	139.118	315.833	565	534	563	593	
565	139.118	317.696	566	535	564	594	
566	139.118	319.559	567	536	565	595	
567	139.118	321.422	568	537	566	596	
568	139.118	323.284	569	538	567	597	
569	139.118	325.147	570	539	568	598	
570	139.118	327.01	571	540	569	599	
571	139.118	328.873	572	541	570	600	
572	139.118	330.735	573	542	571	601	
573	139.118	332.598	574	543	572	602	
574	139.118	334.461	575	544	573	603	
575	139.118	336.324	576	545	574	604	
576	139.118	338.186	577	546	575	605	
577	139.118	340.049	578	547	576	606	
578	139.118	341.912	579	548	577	607	
579	139.118	343.775	580	549	578	608	
580	139.118	345.637	581	550	579	609	
581	139.118	347.5	582	551	580	610	
582	139.118	349.363	583	552	581	611	
583	139.118	351.225	584	553	582	612	
584	139.118	353.088	585	554	583	613	
585	139.118	354.951	586	555	584	614	
586	139.118	356.814	587	556	585	615	
587	139.118	358.676	588	557	586	616	
588	139.118	360.539	589	558	587	617	
589	139.118	362.402	560	559	588	618	1399	
590	147.549	310.245	619	591	561	1316	1317	
591	147.549	312.108	592	562	590	620	
592	147.549	313.971	593	563	591	621	
593	147.549	315.833	594	564	592	622	
594	147.549	317.696	595	565	593	623	
595	147.549	319.559	596	566	594	624	
596	147.549	321.422	597	567	595	625	
597	147.549	323.284	598	568	596	626	
598	147.549	325.147	599	569	597	627	
599	147.549	327.01	600	570	598	628	
600	147.549	328.873	601	571	599	629	
601	147.549	330.735	602	572	600	630	
602	147.549	332.598	603	573	601	631	
603	147.549	334.461	604	574	602	632	
604	147.549	336.324	605	575	603	633	
605	147.549	338.186	606	576	604	634	
606	147.549	340.049	607	577	605	635	
607	147.549	341.912	608	578	606	636	
608	147.549	343.775	609	579	607	637	
609	147.549	345.637	610	580	608	638	
610	147.549	347.5	611	581	609	639	
611	147.549	349.363	612	582	610	640	
612	147.549	351.225	613	583	611	641	
613	147.549	353.088	614	584	612	642	
614	147.549	354.951	615	585	613	643	
615	147.549	356.814	616	586	614	644	
616	147.549	358.676	617	587	615	645	
617	147.549	360.539	618	588	616	646	
618	147.549	362.402	589	617	647	1398	1399	
619	155.98	310.245	648	620	590	1317	1318	
620	155.98	312.108	621	591	619	649	
621	155.98	313.971	622	592	620	650	
622	155.98	315.833	623	593	621	651	
623	155.98	317.696	624	594	622	652	
624	155.98	319.559	625	595	623	653	
625	155.98	321.422	626	596	624	654	
626	155.98	323.284	627	597	625	655	
627	155.98	325.147	628	598	626	656	
628	155.98	327.01	629	599	627	657	
629	155.98	328.873	630	600	628	658	
630	155.98	330.735	631	601	629	659	
631	155.98	332.598	632	602	630	660	
632	155.98	334.461	633	603	631	661	
633	155.98	336.324	634	604	632	662	
634	155.98	338.186	635	605	633	663	
635	155.98	340.049	636	606	634	664	
636	155.98	341.912	637	607	635	665	
637	155.98	343.775	638	608	636	666	
638	155.98	345.637	639	609	637	667	
639	155.98	347.5	640	610	638	668	
640	155.98	349.363	641	611	639	669	
641	155.98	351.225	642	612	640	670	
642	155.98	353.088	643	613	641	671	
643	155.98	354.951	644	614	642	672	
644	155.98	356.814	645	615	643	673	
645	155.98	358.676	646	616	644	674	
646	155.98	360.539	647	617	645	675	
647	155.98	362.402	618	646	675	1397	1398	
648	164.412	310.245	676	649	619	1318	1319	
649	164.412	312.108	650	620	648	677	
650	164.412	313.971	651	621	649	678	
651	164.412	315.833	652	622	650	679	
652	164.412	317.696	653	623	651	680	
653	164.412	319.559	654	624	652	681	
654	164.412	321.422	655	625	653	682	
655	164.412	323.284	656	626	654	683	
656	164.412	325.147	657	627	655	684	
657	164.412	327.01	658	628	656	685	
658	164.412	328.873	659	629	657	686	
659	164.412	330.735	660	630	658	687	
660	164.412	332.598	661	631	659	688	
661	164.412	334.461	662	632	660	689	
662	164.412	336.324	663	633	661	690	
663	164.412	338.186	664	634	662	691	
664	164.412	340.049	665	635	663	692	
665	164.412	341.912	666	636	664	693	
666	164.412	343.775	667	637	665	694	
667	164.412	345.637	668	638	666	695	
668	164.412	347.5	669	639	667	696	
669	164.412	349.363	670	640	668	697	
670	164.412	351.225	671	641	669	698	
671	164.412	353.088	672	642	670	699	
672	164.412	354.951	673	643	671	700	
673	164.412	356.814	674	644	672	701	
674	164.412	358.676	675	645	673	702	
675	164.412	360.539	647	646	674	703	1396	1397	
676	172.843	310.245	704	677	648	1319	1320	
677	172.843	312.108	678	649	676	705	
678	172.843	313.971	679	650	677	706	
679	172.843	315.833	680	651	678	707	
680	172.843	317.696	681	652	679	708	
681	172.843	319.559	682	653	680	709	
682	172.843	321.422	683	654	681	710	
683	172.843	323.284	684	655	682	711	
684	172.843	325.147	685	656	683	712	
685	172.843	327.01	686	657	684	713	
686	172.843	328.873	687	658	685	714	
687	172.843	330.735	688	659	686	715	
688	172.843	332.598	689	660	687	716	
689	172.843	334.461	690	661	688	717	
690	172.843	336.324	691	662	689	718	
691	172.843	338.186	692	663	690	719	
692	172.843	340.049	693	664	691	720	
693	172.843	341.912	694	665	692	721	
694	172.843	343.775	695	666	693	722	
695	172.843	345.637	696	667	694	723	
696	172.843	347.5	697	668	695	724	
697	172.843	349.363	698	669	696	725	
698	172.843	351.225	699	670	697	726	
699	172.843	353.088	700	671	698	727	
700	172.843	354.951	701	672	699	728	
701	172.843	356.814	702	673	700	729	
702	172.843	358.676	703	674	701	730	
703	172.843	360.539	675	702	730	1395	1396	
704	181.275	310.245	731	705	676	1320	1321	
705	181.275	312.108	706	677	704	732	
706	181.275	313.971	707	678	705	733	
707	181.275	315.833	708	679	706	734	
708	181.275	317.696	709	680	707	735	
709	181.275	319.559	710	681	708	736	
710	181.275	321.422	711	682	709	737	
711	181.275	323.284	712	683	710	738	
712	181.275	325.147	713	684	711	739	
713	181.275	327.01	714	685	712	740	
714	181.275	328.873	715	686	713	741	
715	181.275	330.735	716	687	714	742	
716	181.275	332.598	717	688	715	743	
717	181.275	334.461	718	689	716	744	
718	181.275	336.324	719	690	717	745	
719	181.275	338.186	720	691	718	746	
720	181.275	340.049	721	692	719	747	
721	181.275	341.912	722	693	720	748	
722	181.275	343.775	723	694	721	749	
723	181.275	345.637	724	695	722	750	
724	181.275	347.5	725	696	723	751	
725	181.275	349.363	726	697	724	752	
726	181.275	351.225	727	698	725	753	
727	181.275	353.088	728	699	726	754	
728	181.275	354.951	729	700	727	755	
729	181.275	356.814	730	701	728	756	
730	181.275	358.676	703	702	729	757	1394	1395	
731	189.706	310.245	758	732	704	1321	1322	
732	189.706	312.108	733	705	731	758	
733	189.706	313.971	734	706	732	758	
734	189.706	315.833	735	707	733	758	
735	189.706	317.696	736	708	734	758	
736	189.706	319.559	737	709	735	758	764	
737	189.706	321.422	738	710	736	765	
738	189.706	323.284	739	711	737	766	
739	189.706	325.147	740	712	738	767	
740	189.706	327.01	741	713	739	768	
741	189.706	328.873	742	714	740	769	
742	189.706	330.735	743	715	741	770	
743	189.706	332.598	744	716	742	771	
744	189.706	334.461	745	717	743	772	
745	189.706	336.324	746	718	744	773	
746	189.706	338.186	747	719	745	774	
747	189.706	340.049	748	720	746	775	
748	189.706	341.912	749	721	747	776	
749	189.706	343.775	750	722	748	777	
750	189.706	345.637	751	723	749	778	
751	189.706	347.5	752	724	750	779	
752	189.706	349.363	753	725	751	780	
753	189.706	351.225	754	726	752	781	
754	189.706	353.088	755	727	753	782	
755	189.706	354.951	756	728	754	783	
756	189.706	356.814	757	729	755	784	1393	
757	189.706	358.676	730	756	1393	1394	
758	198.137	310.245	759	760	761	762	763	764	736	735	734	733	732	731	1322	
759	206.569	310.245	785	760	758	1322	1323	
760	206.569	312.108	761	758	759	786	
761	206.569	313.971	762	758	760	787	
762	206.569	315.833	763	758	761	788	
763	206.569	317.696	764	758	762	789	
764	206.569	319.559	765	736	758	763	790	
765	206.569	321.422	766	737	764	791	
766	206.569	323.284	767	738	765	792	
767	206.569	325.147	768	739	766	793	
768	206.569	327.01	769	740	767	794	
769	206.569	328.873	770	741	768	795	
770	206.569	330.735	771	742	769	796	
771	206.569	332.598	772	743	770	797	
772	206.569	334.461	773	744	771	798	
773	206.569	336.324	774	745	772	799	
774	206.569	338.186	775	746	773	800	
775	206.569	340.049	776	747	774	801	
776	206.569	341.912	777	748	775	802	
777	206.569	343.775	778	749	776	803	
778	206.569	345.637	779	750	777	804	
779	206.569	347.5	780	751	778	805	
780	206.569	349.363	781	752	779	806	
781	206.569	351.225	782	753	780	807	
782	206.569	353.088	783	754	781	808	
783	206.569	354.951	784	755	782	809	
784	206.569	356.814	756	783	809	1392	1393	
785	215	310.245	810	786	759	1323	1324	
786	215	312.108	787	760	785	811	
787	215	313.971	788	761	786	812	
788	215	315.833	789	762	787	813	
789	215	317.696	790	763	788	814	
790	215	319.559	791	764	789	815	
791	215	321.422	792	765	790	816	
792	215	323.284	793	766	791	817	
793	215	325.147	794	767	792	818	
794	215	327.01	795	768	793	819	
795	215	328.873	796	769	794	820	
796	215	330.735	797	770	795	821	
797	215	332.598	798	771	796	822	
798	215	334.461	799	772	797	823	
799	215	336.324	800	773	798	824	
800	215	338.186	801	774	799	825	
801	215	340.049	802	775	800	826	
802	215	341.912	803	776	801	827	
803	215	343.775	804	777	802	828	
804	215	345.637	805	778	803	829	
805	215	347.5	806	779	804	830	
806	215	349.363	807	780	805	831	
807	215	351.225	808	781	806	832	
808	215	353.088	809	782	807	833	
809	215	354.951	784	783	808	834	1391	1392	
810	223.431	310.245	835	811	785	1324	1325	
811	223.431	312.108	812	786	810	836	
812	223.431	313.971	813	787	811	837	
813	223.431	315.833	814	788	812	838	
814	223.431	317.696	815	789	813	839	
815	223.431	319.559	816	790	814	840	
816	223.431	321.422	817	791	815	841	
817	223.431	323.284	818	792	816	842	
818	223.431	325.147	819	793	817	843	
819	223.431	327.01	820	794	818	844	
820	223.431	328.873	821	795	819	845	
821	223.431	330.735	822	796	820	846	
822	223.431	332.598	823	797	821	847	
823	223.431	334.461	824	798	822	848	
824	223.431	336.324	825	799	823	849	
825	223.431	338.186	826	800	824	850	
826	223.431	340.049	827	801	825	851	
827	223.431	341.912	828	802	826	852	
828	223.431	343.775	829	803	827	853	
829	223.431	345.637	830	804	828	854	
830	223.431	347.5	831	805	829	855	
831	223.431	349.363	832	806	830	856	
832	223.431	351.225	833	807	831	857	
833	223.431	353.088	834	808	832	858	
834	223.431	354.951	809	833	858	1390	1391	
835	231.863	310.245	859	836	810	1325	1326	
836	231.863	312.108	837	811	835	860	
837	231.863	313.971	838	812	836	861	
838	231.863	315.833	839	813	837	862	
839	231.863	317.696	840	814	838	863	
840	231.863	319.559	841	815	839	864	
841	231.863	321.422	842	816	840	865	
842	231.863	323.284	843	817	841	866	
843	231.863	325.147	844	818	842	867	
844	231.863	327.01	845	819	843	868	
845	231.863	328.873	846	820	844	869	
846	231.863	330.735	847	821	845	870	
847	231.863	332.598	848	822	846	871	
848	231.863	334.461	849	823	847	872	
849	231.863	336.324	850	824	848	873	
850	231.863	338.186	851	825	849	874	
851	231.863	340.049	852	826	850	875	
852	231.863	341.912	853	827	851	876	
853	231.863	343.775	854	828	852	877	
854	231.863	345.637	855	829	853	878	
855	231.863	347.5	856	830	854	879	
856	231.863	349.363	857	831	855	880	
857	231.863	351.225	858	832	856	881	
858	231.863	353.088	834	833	857	881	1389	1390	
859	240.294	310.245	882	860	835	1326	1327	
860	240.294	312.108	861	836	859	883	
861	240.294	313.971	862	837	860	884	
862	240.294	315.833	863	838	861	885	
863	240.294	317.696	864	839	862	886	
864	240.294	319.559	865	840	863	887	
865	240.294	321.422	866	841	864	888	
866	240.294	323.284	867	842	865	889	
867	240.294	325.147	868	843	866	890	
868	240.294	327.01	869	844	867	891	
869	240.294	328.873	870	845	868	892	
870	240.294	330.735	871	846	869	893	
871	240.294	332.598	872	847	870	894	
872	240.294	334.461	873	848	871	895	
873	240.294	336.324	874	849	872	896	
874	240.294	338.186	875	850	873	897	
875	240.294	340.049	876	851	874	898	
876	240.294	341.912	877	852	875	899	
877	240.294	343.775	878	853	876	900	
878	240.294	345.637	879	854	877	901	
879	240.294	347.5	880	855	878	902	
880	240.294	349.363	881	856	879	903	
881	240.294	351.225	858	857	880	904	1388	1389	
882	248.725	310.245	905	883	859	1327	1328	
883	248.725	312.108	884	860	882	906	
884	248.725	313.971	885	861	883	907	
885	248.725	315.833	886	862	884	908	
886	248.725	317.696	887	863	885	909	
887	248.725	319.559	888	864	886	910	
888	248.725	321.422	889	865	887	911	
889	248.725	323.284	890	866	888	912	
890	248.725	325.147	891	867	889	913	
891	248.725	327.01	892	868	890	914	
892	248.725	328.873	893	869	891	915	
893	248.725	330.735	894	870	892	916	
894	248.725	332.598	895	871	893	917	
895	248.725	334.461	896	872	894	918	
896	248.725	336.324	897	873	895	919	
897	248.725	338.186	898	874	896	920	
898	248.725	340.049	899	875	897	921	
899	248.725	341.912	900	876	898	922	
900	248.725	343.775	901	877	899	923	
901	248.725	345.637	902	878	900	924	
902	248.725	347.5	903	879	901	925	
903	248.725	349.363	904	880	902	926	
904	248.725	351.225	881	903	926	1387	1388	
905	257.157	310.245	927	906	882	1328	1329	
906	257.157	312.108	907	883	905	928	
907	257.157	313.971	908	884	906	929	
908	257.157	315.833	909	885	907	930	
909	257.157	317.696	910	886	908	931	
910	257.157	319.559	911	887	909	932	
911	257.157	321.422	912	888	910	933	
912	257.157	323.284	913	889	911	934	
913	257.157	325.147	914	890	912	935	
914	257.157	327.01	915	891	913	936	
915	257.157	328.873	916	892	914	937	
916	257.157	330.735	917	893	915	938	
917	257.157	332.598	918	894	916	939	
918	257.157	334.461	919	895	917	940	
919	257.157	336.324	920	896	918	941	
920	257.157	338.186	921	897	919	942	
921	257.157	340.049	922	898	920	943	
922	257.157	341.912	923	899	921	944	
923	257.157	343.775	924	900	922	945	
924	257.157	345.637	925	901	923	946	
925	257.157	347.5	926	902	924	947	
926	257.157	349.363	904	903	925	947	1386	1387	
927	265.588	310.245	948	928	905	1329	1330	
928	265.588	312.108	929	906	927	949	
929	265.588	313.971	930	907	928	950	
930	265.588	315.833	931	908	929	951	
931	265.588	317.696	932	909	930	952	
932	265.588	319.559	933	910	931	953	
933	265.588	321.422	934	911	932	954	
934	265.588	323.284	935	912	933	955	
935	265.588	325.147	936	913	934	956	
936	265.588	327.01	937	914	935	957	
937	265.588	328.873	938	915	936	958	
938	265.588	330.735	939	916	937	959	
939	265.588	332.598	940	917	938	960	
940	265.588	334.461	941	918	939	961	
941	265.588	336.324	942	919	940	962	
942	265.588	338.186	943	920	941	963	
943	265.588	340.049	944	921	942	964	
944	265.588	341.912	945	922	943	964	
945	265.588	343.775	946	923	944	964	
946	265.588	345.637	947	924	945	964	1385	
947	265.588	347.5	926	925	946	1385	1386	
948	274.02	310.245	965	949	927	1330	1331	
949	274.02	312.108	950	928	948	966	
950	274.02	313.971	951	929	949	967	
951	274.02	315.833	952	930	950	968	
952	274.02	317.696	953	931	951	969	
953	274.02	319.559	954	932	952	970	
954	274.02	321.422	955	933	953	971	
955	274.02	323.284	956	934	954	972	
956	274.02	325.147	957	935	955	973	
957	274.02	327.01	958	936	956	974	
958	274.02	328.873	959	937	957	975	
959	274.02	330.735	960	938	958	976	
960	274.02	332.598	961	939	959	977	
961	274.02	334.461	962	940	960	978	
962	274.02	336.324	963	941	961	979	
963	274.02	338.186	964	942	962	980	
964	274.02	340.049	946	945	944	943	963	981	1385	
965	282.451	310.245	982	966	948	1331	1332	
966	282.451	312.108	967	949	965	983	
967	282.451	313.971	968	950	966	984	
968	282.451	315.833	969	951	967	985	
969	282.451	317.696	970	952	968	986	
970	282.451	319.559	971	953	969	987	
971	282.451	321.422	972	954	970	988	
972	282.451	323.284	973	955	971	989	
973	282.451	325.147	974	956	972	990	
974	282.451	327.01	975	957	973	991	
975	282.451	328.873	976	958	974	992	
976	282.451	330.735	977	959	975	993	
977	282.451	332.598	978	960	976	994	
978	282.451	334.461	979	961	977	995	
979	282.451	336.324	980	962	978	996	
980	282.451	338.186	981	963	979	997	
981	282.451	340.049	964	980	998	999	1000	1001	1385	
982	290.882	310.245	1002	983	965	1332	1333	
983	290.882	312.108	984	966	982	1003	
984	290.882	313.971	985	967	983	1004	
985	290.882	315.833	986	968	984	1005	
986	290.882	317.696	987	969	985	1006	
987	290.882	319.559	988	970	986	1007	
988	290.882	321.422	989	971	987	1008	
989	290.882	323.284	990	972	988	1009	
990	290.882	325.147	991	973	989	1010	
991	290.882	327.01	992	974	990	1011	
992	290.882	328.873	993	975	991	1012	
993	290.882	330.735	994	976	992	1013	
994	290.882	332.598	995	977	993	1014	
995	290.882	334.461	996	978	994	1015	
996	290.882	336.324	997	979	995	1016	
997	290.882	338.186	998	980	996	1017	
998	290.882	340.049	999	981	997	1018	
999	290.882	341.912	1000	981	998	1019	
1000	290.882	343.775	1001	981	999	1020	
1001	290.882	345.637	981	1000	1021	1384	1385	
1002	299.314	310.245	1022	1003	982	1333	1334	
1003	299.314	312.108	1004	983	1002	1023	
1004	299.314	313.971	1005	984	1003	1024	
1005	299.314	315.833	1006	985	1004	1025	
1006	299.314	317.696	1007	986	1005	1026	
1007	299.314	319.559	1008	987	1006	1027	
1008	299.314	321.422	1009	988	1007	1028	
1009	299.314	323.284	1010	989	1008	1029	
1010	299.314	325.147	1011	990	1009	1030	
1011	299.314	327.01	1012	991	1010	1031	
1012	299.314	328.873	1013	992	1011	1032	
1013	299.314	330.735	1014	993	1012	1033	
1014	299.314	332.598	1015	994	1013	1034	
1015	299.314	334.461	1016	995	1014	1035	
1016	299.314	336.324	1017	996	1015	1036	
1017	299.314	338.186	1018	997	1016	1037	
1018	299.314	340.049	1019	998	1017	1038	
1019	299.314	341.912	1020	999	1018	1039	
1020	299.314	343.775	1021	1000	1019	1040	
1021	299.314	345.637	1001	1020	1041	1383	1384	
1022	307.745	310.245	1042	1023	1002	1334	1335	
1023	307.745	312.108	1024	1003	1022	1043	
1024	307.745	313.971	1025	1004	1023	1044	
1025	307.745	315.833	1026	1005	1024	1045	
1026	307.745	317.696	1027	1006	1025	1046	
1027	307.745	319.559	1028	1007	1026	1047	
1028	307.745	321.422	1029	1008	1027	1048	
1029	307.745	323.284	1030	1009	1028	1049	
1030	307.745	325.147	1031	1010	1029	1050	
1031	307.745	327.01	1032	1011	1030	1051	
1032	307.745	328.873	1033	1012	1031	1052	
1033	307.745	330.735	1034	1013	1032	1053	
1034	307.745	332.598	1035	1014	1033	1054	
1035	307.745	334.461	1036	1015	1034	1055	
1036	307.745	336.324	1037	1016	1035	1056	
1037	307.745	338.186	1038	1017	1036	1057	
1038	307.745	340.049	1039	1018	1037	1058	
1039	307.745	341.912	1040	1019	1038	1059	
1040	307.745	343.775	1041	1020	1039	1060	
1041	307.745	345.637	1021	1040	1061	1382	1383	
1042	316.176	310.245	1062	1043	1022	1335	1336	
1043	316.176	312.108	1044	1023	1042	1063	
1044	316.176	313.971	1045	1024	1043	1064	
1045	316.176	315.833	1046	1025	1044	1065	
1046	316.176	317.696	1047	1026	1045	1066	
1047	316.176	319.559	1048	1027	1046	1067	
1048	316.176	321.422	1049	1028	1047	1068	
1049	316.176	323.284	1050	1029	1048	1069	
1050	316.176	325.147	1051	1030	1049	1070	
1051	316.176	327.01	1052	1031	1050	1071	
1052	316.176	328.873	1053	1032	1051	1072	
1053	316.176	330.735	1054	1033	1052	1073	
1054	316.176	332.598	1055	1034	1053	1074	
1055	316.176	334.461	1056	1035	1054	1075	
1056	316.176	336.324	1057	1036	1055	1076	
1057	316.176	338.186	1058	1037	1056	1077	
1058	316.176	340.049	1059	1038	1057	1078	
1059	316.176	341.912	1060	1039	1058	1079	
1060	316.176	343.775	1061	1040	1059	1080	
1061	316.176	345.637	1041	1060	1081	1381	1382	
1062	324.608	310.245	1082	1063	1042	1336	1337	
1063	324.608	312.108	1064	1043	1062	1083	
1064	324.608	313.971	1065	1044	1063	1084	
1065	324.608	315.833	1066	1045	1064	1085	
1066	324.608	317.696	1067	1046	1065	1086	
1067	324.608	319.559	1068	1047	1066	1087	
1068	324.608	321.422	1069	1048	1067	1088	
1069	324.608	323.284	1070	1049	1068	1089	
1070	324.608	325.147	1071	1050	1069	1090	
1071	324.608	327.01	1072	1051	1070	1091	
1072	324.608	328.873	1073	1052	1071	1092	
1073	324.608	330.735	1074	1053	1072	1093	
1074	324.608	332.598	1075	1054	1073	1094	
1075	324.608	334.461	1076	1055	1074	1095	
1076	324.608	336.324	1077	1056	1075	1096	
1077	324.608	338.186	1078	1057	1076	1097	
1078	324.608	340.049	1079	1058	1077	1098	
1079	324.608	341.912	1080	1059	1078	1099	
1080	324.608	343.775	1081	1060	1079	1100	
1081	324.608	345.637	1061	1080	1101	1380	1381	
1082	333.039	310.245	1102	1083	1062	1337	1338	
1083	333.039	312.108	1084	1063	1082	1103	
1084	333.039	313.971	1085	1064	1083	1104	
1085	333.039	315.833	1086	1065	1084	1105	
1086	333.039	317.696	1087	1066	1085	1106	
1087	333.039	319.559	1088	1067	1086	1107	
1088	333.039	321.422	1089	1068	1087	1108	
1089	333.039	323.284	1090	1069	1088	1109	
1090	333.039	325.147	1091	1070	1089	1110	
1091	333.039	327.01	1092	1071	1090	1111	
1092	333.039	328.873	1093	1072	1091	1112	
1093	333.039	330.735	1094	1073	1092	1113	
1094	333.039	332.598	1095	1074	1093	1114	
1095	333.039	334.461	1096	1075	1094	1115	
1096	333.039	336.324	1097	1076	1095	1116	
1097	333.039	338.186	1098	1077	1096	1117	
1098	333.039	340.049	1099	1078	1097	1118	
1099	333.039	341.912	1100	1079	1098	1119	
1100	333.039	343.775	1101	1080	1099	1120	
1101	333.039	345.637	1081	1100	1121	1379	1380	
1102	341.471	310.245	1122	1103	1082	1338	1339	
1103	341.471	312.108	1104	1083	1102	1123	
1104	341.471	313.971	1105	1084	1103	1124	
1105	341.471	315.833	1106	1085	1104	1125	
1106	341.471	317.696	1107	1086	1105	1126	
1107	341.471	319.559	1108	1087	1106	1127	
1108	341.471	321.422	1109	1088	1107	1128	
1109	341.471	323.284	1110	1089	1108	1129	
1110	341.471	325.147	1111	1090	1109	1130	
1111	341.471	327.01	1112	1091	1110	1131	
1112	341.471	328.873	1113	1092	1111	1132	
1113	341.471	330.735	1114	1093	1112	1133	
1114	341.471	332.598	1115	1094	1113	1134	
1115	341.471	334.461	1116	1095	1114	1135	
1116	341.471	336.324	1117	1096	1115	1136	
1117	341.471	338.186	1118	1097	1116	1137	
1118	341.471	340.049	1119	1098	1117	1138	
1119	341.471	341.912	1120	1099	1118	1139	
1120	341.471	343.775	1121	1100	1119	1140	
1121	341.471	345.637	1101	1120	1140	1378	1379	
1122	349.902	310.245	1141	1123	1102	1339	1340	
1123	349.902	312.108	1124	1103	1122	1142	
1124	349.902	313.971	1125	1104	1123	1143	
1125	349.902	315.833	1126	1105	1124	1144	
1126	349.902	317.696	1127	1106	1125	1145	
1127	349.902	319.559	1128	1107	1126	1146	
1128	349.902	321.422	1129	1108	1127	1147	
1129	349.902	323.284	1130	1109	1128	1148	
1130	349.902	325.147	1131	1110	1129	1149	
1131	349.902	327.01	1132	1111	1130	1150	
1132	349.902	328.873	1133	1112	1131	1151	
1133	349.902	330.735	1134	1113	1132	1152	
1134	349.902	332.598	1135	1114	1133	1153	
1135	349.902	334.461	1136	1115	1134	1154	
1136	349.902	336.324	1137	1116	1135	1155	
1137	349.902	338.186	1138	1117	1136	1156	
1138	349.902	340.049	1139	1118	1137	1157	
1139	349.902	341.912	1140	1119	1138	1158	
1140	349.902	343.775	1121	1120	1139	1159	1377	1378	
1141	358.333	310.245	1160	1142	1122	1340	1341	
1142	358.333	312.108	1143	1123	1141	1161	
1143	358.333	313.971	1144	1124	1142	1162	
1144	358.333	315.833	1145	1125	1143	1163	
1145	358.333	317.696	1146	1126	1144	1164	
1146	358.333	319.559	1147	1127	1145	1165	
1147	358.333	321.422	1148	1128	1146	1166	
1148	358.333	323.284	1149	1129	1147	1167	
1149	358.333	325.147	1150	1130	1148	1168	
1150	358.333	327.01	1151	1131	1149	1169	
1151	358.333	328.873	1152	1132	1150	1170	
1152	358.333	330.735	1153	1133	1151	1171	
1153	358.333	332.598	1154	1134	1152	1172	
1154	358.333	334.461	1155	1135	1153	1173	
1155	358.333	336.324	1156	1136	1154	1174	
1156	358.333	338.186	1157	1137	1155	1175	
1157	358.333	340.049	1158	1138	1156	1176	
1158	358.333	341.912	1159	1139	1157	1177	
1159	358.333	343.775	1140	1158	1178	1376	1377	
1160	366.765	310.245	1179	1161	1141	1341	1342	
1161	366.765	312.108	1162	1142	1160	1180	
1162	366.765	313.971	1163	1143	1161	1181	
1163	366.765	315.833	1164	1144	1162	1182	
1164	366.765	317.696	1165	1145	1163	1183	
1165	366.765	319.559	1166	1146	1164	1184	
1166	366.765	321.422	1167	1147	1165	1185	
1167	366.765	323.284	1168	1148	1166	1186	
1168	366.765	325.147	1169	1149	1167	1187	
1169	366.765	327.01	1170	1150	1168	1188	
1170	366.765	328.873	1171	1151	1169	1189	
1171	366.765	330.735	1172	1152	1170	1190	
1172	366.765	332.598	1173	1153	1171	1191	
1173	366.765	334.461	1174	1154	1172	1192	
1174	366.765	336.324	1175	1155	1173	1193	
1175	366.765	338.186	1176	1156	1174	1194	
1176	366.765	340.049	1177	1157	1175	1195	
1177	366.765	341.912	1178	1158	1176	1196	
1178	366.765	343.775	1159	1177	1196	1375	1376	
1179	375.196	310.245	1197	1180	1160	1342	1343	
1180	375.196	312.108	1181	1161	1179	1198	
1181	375.196	313.971	1182	1162	1180	1199	
1182	375.196	315.833	1183	1163	1181	1200	
1183	375.196	317.696	1184	1164	1182	1201	
1184	375.196	319.559	1185	1165	1183	1202	
1185	375.196	321.422	1186	1166	1184	1203	
1186	375.196	323.284	1187	1167	1185	1204	
1187	375.196	325.147	1188	1168	1186	1205	
1188	375.196	327.01	1189	1169	1187	1206	
1189	375.196	328.873	1190	1170	1188	1207	
1190	375.196	330.735	1191	1171	1189	1208	
1191	375.196	332.598	1192	1172	1190	1209	
1192	375.196	334.461	1193	1173	1191	1210	
1193	375.196	336.324	1194	1174	1192	1211	
1194	375.196	338.186	1195	1175	1193	1212	
1195	375.196	340.049	1196	1176	1194	1213	
1196	375.196	341.912	1178	1177	1195	1214	1375	
1197	383.627	310.245	1215	1198	1179	1343	1344	
1198	383.627	312.108	1199	1180	1197	1216	
1199	383.627	313.971	1200	1181	1198	1217	
1200	383.627	315.833	1201	1182	1199	1218	
1201	383.627	317.696	1202	1183	1200	1219	
1202	383.627	319.559	1203	1184	1201	1220	
1203	383.627	321.422	1204	1185	1202	1221	
1204	383.627	323.284	1205	1186	1203	1222	
1205	383.627	325.147	1206	1187	1204	1223	
1206	383.627	327.01	1207	1188	1205	1224	
1207	383.627	328.873	1208	1189	1206	1225	
1208	383.627	330.735	1209	1190	1207	1226	
1209	383.627	332.598	1210	1191	1208	1227	
1210	383.627	334.461	1211	1192	1209	1228	
1211	383.627	336.324	1212	1193	1210	1229	
1212	383.627	338.186	1213	1194	1211	1230	
1213	383.627	340.049	1214	1195	1212	1231	
1214	383.627	341.912	1196	1213	1231	1374	1375	
1215	392.059	310.245	1232	1216	1197	1344	1345	
1216	392.059	312.108	1217	1198	1215	1233	
1217	392.059	313.971	1218	1199	1216	1234	
1218	392.059	315.833	1219	1200	1217	1235	
1219	392.059	317.696	1220	1201	1218	1236	
1220	392.059	319.559	1221	1202	1219	1237	
1221	392.059	321.422	1222	1203	1220	1238	
1222	392.059	323.284	1223	1204	1221	1239	
1223	392.059	325.147	1224	1205	1222	1240	
1224	392.059	327.01	1225	1206	1223	1241	
1225	392.059	328.873	1226	1207	1224	1242	
1226	392.059	330.735	1227	1208	1225	1243	
1227	392.059	332.598	1228	1209	1226	1244	
1228	392.059	334.461	1229	1210	1227	1245	
1229	392.059	336.324	1230	1211	1228	1246	
1230	392.059	338.186	1231	1212	1229	1247	
1231	392.059	340.049	1214	1213	1230	1248	1373	1374	
1232	400.49	310.245	1249	1233	1215	1345	1346	
1233	400.49	312.108	1234	1216	1232	1250	
1234	400.49	313.971	1235	1217	1233	1251	
1235	400.49	315.833	1236	1218	1234	1252	
1236	400.49	317.696	1237	1219	1235	1253	
1237	400.49	319.559	1238	1220	1236	1254	
1238	400.49	321.422	1239	1221	1237	1255	
1239	400.49	323.284	1240	1222	1238	1256	
1240	400.49	325.147	1241	1223	1239	1257	
1241	400.49	327.01	1242	1224	1240	1258	
1242	400.49	328.873	1243	1225	1241	1259	
1243	400.49	330.735	1244	1226	1242	1260	
1244	400.49	332.598	1245	1227	1243	1261	
1245	400.49	334.461	1246	1228	1244	1262	
1246	400.49	336.324	1247	1229	1245	1263	
1247	400.49	338.186	1248	1230	1246	1264	
1248	400.49	340.049	1231	1247	1265	1372	1373	
1249	408.922	310.245	1266	1250	1232	1346	1347	
1250	408.922	312.108	1251	1233	1249	1267	
1251	408.922	313.971	1252	1234	1250	1268	
1252	408.922	315.833	1253	1235	1251	1269	
1253	408.922	317.696	1254	1236	1252	1270	
1254	408.922	319.559	1255	1237	1253	1271	
1255	408.922	321.422	1256	1238	1254	1272	
1256	408.922	323.284	1257	1239	1255	1273	
1257	408.922	325.147	1258	1240	1256	1274	
1258	408.922	327.01	1259	1241	1257	1275	
1259	408.922	328.873	1260	1242	1258	1276	
1260	408.922	330.735	1261	1243	1259	1277	
1261	408.922	332.598	1262	1244	1260	1278	
1262	408.922	334.461	1263	1245	1261	1279	
1263	408.922	336.324	1264	1246	1262	1280	
1264	408.922	338.186	1265	1247	1263	1281	
1265	408.922	340.049	1248	1264	1282	1371	1372	
1266	417.353	310.245	1283	1267	1249	1347	1348	
1267	417.353	312.108	1268	1250	1266	1284	
1268	417.353	313.971	1269	1251	1267	1285	
1269	417.353	315.833	1270	1252	1268	1286	
1270	417.353	317.696	1271	1253	1269	1287	
1271	417.353	319.559	1272	1254	1270	1288	
1272	417.353	321.422	1273	1255	1271	1289	
1273	417.353	323.284	1274	1256	1272	1290	
1274	417.353	325.147	1275	1257	1273	1291	
1275	417.353	327.01	1276	1258	1274	1292	
1276	417.353	328.873	1277	1259	1275	1293	
1277	417.353	330.735	1278	1260	1276	1294	
1278	417.353	332.598	1279	1261	1277	1295	
1279	417.353	334.461	1280	1262	1278	1296	
1280	417.353	336.324	1281	1263	1279	1297	
1281	417.353	338.186	1282	1264	1280	1298	
1282	417.353	340.049	1265	1281	1299	1370	1371	
1283	425.784	310.245	1284	1266	1348	1352	1353	1354	
1284	425.784	312.108	1285	1267	1283	1354	1355	
1285	425.784	313.971	1286	1268	1284	1355	1356	
1286	425.784	315.833	1287	1269	1285	1356	1357	
1287	425.784	317.696	1288	1270	1286	1357	1358	
1288	425.784	319.559	1289	1271	1287	1358	1359	
1289	425.784	321.422	1290	1272	1288	1359	1360	
1290	425.784	323.284	1291	1273	1289	1360	1361	
1291	425.784	325.147	1292	1274	1290	1361	1362	
1292	425.784	327.01	1293	1275	1291	1362	1363	
1293	425.784	328.873	1294	1276	1292	1363	1364	
1294	425.784	330.735	1295	1277	1293	1364	1365	
1295	425.784	332.598	1296	1278	1294	1365	1366	
1296	425.784	334.461	1297	1279	1295	1366	1367	
1297	425.784	336.324	1298	1280	1296	1367	1368	
1298	425.784	338.186	1299	1281	1297	1368	1369	
1299	425.784	340.049	1282	1298	1369	1370	
1300	4.3	304.3	1463	1301	41	1	1460	1461	1462	
1301	12.9	304.3	1300	1302	81	41	
1302	21.5	304.3	1301	1303	118	81	
1303	30.1	304.3	1302	1304	155	118	
1304	38.7	304.3	1303	1305	194	155	
1305	47.3	304.3	1304	1306	232	194	
1306	55.9	304.3	1305	1307	269	232	
1307	64.5	304.3	1306	1308	305	269	
1308	73.1	304.3	1307	1309	340	305	
1309	81.7	304.3	1308	1310	374	340	
1310	90.3	304.3	1309	1311	407	374	
1311	98.9	304.3	1310	1312	439	407	
1312	107.5	304.3	1311	1313	470	439	
1313	116.1	304.3	1312	1314	501	470	
1314	124.7	304.3	1313	1315	531	501	
1315	133.3	304.3	1314	1316	561	531	
1316	141.9	304.3	1315	1317	590	561	
1317	150.5	304.3	1316	1318	619	590	
1318	159.1	304.3	1317	1319	648	619	
1319	167.7	304.3	1318	1320	676	648	
1320	176.3	304.3	1319	1321	704	676	
1321	184.9	304.3	1320	1322	731	704	
1322	202.1	304.3	1321	1323	759	758	731	
1323	210.7	304.3	1322	1324	785	759	
1324	219.3	304.3	1323	1325	810	785	
1325	227.9	304.3	1324	1326	835	810	
1326	236.5	304.3	1325	1327	859	835	
1327	245.1	304.3	1326	1328	882	859	
1328	253.7	304.3	1327	1329	905	882	
1329	262.3	304.3	1328	1330	927	905	
1330	270.9	304.3	1329	1331	948	927	
1331	279.5	304.3	1330	1332	965	948	
1332	288.1	304.3	1331	1333	982	965	
1333	296.7	304.3	1332	1334	1002	982	
1334	305.3	304.3	1333	1335	1022	1002	
1335	313.9	304.3	1334	1336	1042	1022	
1336	322.5	304.3	1335	1337	1062	1042	
1337	331.1	304.3	1336	1338	1082	1062	
1338	339.7	304.3	1337	1339	1102	1082	
1339	348.3	304.3	1338	1340	1122	1102	
1340	356.9	304.3	1339	1341	1141	1122	
1341	365.5	304.3	1340	1342	1160	1141	
1342	374.1	304.3	1341	1343	1179	1160	
1343	382.7	304.3	1342	1344	1197	1179	
1344	391.3	304.3	1343	1345	1215	1197	
1345	399.9	304.3	1344	1346	1232	1215	
1346	408.5	304.3	1345	1347	1249	1232	
1347	417.1	304.3	1346	1348	1266	1249	
1348	425.7	304.3	1347	1349	1350	1351	1352	1283	1266	
1349	429.038	300.962	1348	1350	
1350	429.038	302.885	1349	1351	1348	
1351	429.038	304.808	1350	1352	1348	
1352	429.038	306.731	1351	1353	1283	1348	
1353	429.038	308.654	1352	1354	1283	
1354	429.038	310.577	1353	1355	1284	1283	
1355	429.038	312.5	1354	1356	1285	1284	
1356	429.038	314.423	1355	1357	1286	1285	
1357	429.038	316.346	1356	1358	1287	1286	
1358	429.038	318.269	1357	1359	1288	1287	
1359	429.038	320.192	1358	1360	1289	1288	
1360	429.038	322.115	1359	1361	1290	1289	
1361	429.038	324.038	1360	1362	1291	1290	
1362	429.038	325.962	1361	1363	1292	1291	
1363	429.038	327.885	1362	1364	1293	1292	
1364	429.038	329.808	1363	1365	1294	1293	
1365	429.038	331.731	1364	1366	1295	1294	
1366	429.038	333.654	1365	1367	1296	1295	
1367	429.038	335.577	1366	1368	1297	1296	
1368	429.038	337.5	1367	1369	1298	1297	
1369	429.038	339.423	1368	1370	1299	1298	
1370	424.875	345.125	1369	1371	1282	1299	
1371	414.875	345.375	1370	1372	1265	1282	
1372	404.875	345.625	1371	1373	1248	1265	
1373	394.875	345.875	1372	1374	1231	1248	
1374	385.143	346.857	1373	1375	1214	1231	
1375	376.143	347.571	1374	1376	1178	1196	1214	
1376	367.143	348.286	1375	1377	1159	1178	
1377	358.143	349	1376	1378	1140	1159	
1378	349.143	349.714	1377	1379	1121	1140	
1379	340.143	350.429	1378	1380	1101	1121	
1380	331.143	351.143	1379	1381	1081	1101	
1381	321.875	350.875	1380	1382	1061	1081	
1382	311.625	350.875	1381	1383	1041	1061	
1383	301.375	350.875	1382	1384	1021	1041	
1384	291.125	350.875	1383	1385	1001	1021	
1385	277	349	1384	1386	947	946	964	981	1001	
1386	264.786	354.071	1385	1387	926	947	
1387	255.643	355.357	1386	1388	904	926	
1388	246.5	356.643	1387	1389	881	904	
1389	237.357	357.929	1388	1390	858	881	
1390	228.214	359.214	1389	1391	834	858	
1391	219.071	360.5	1390	1392	809	834	
1392	209.929	361.786	1391	1393	784	809	
1393	194.1	363.9	1392	1394	757	756	784	
1394	185.1	364.7	1393	1395	730	757	
1395	176.1	365.5	1394	1396	703	730	
1396	167.1	366.3	1395	1397	675	703	
1397	158.1	367.1	1396	1398	647	675	
1398	149.1	367.9	1397	1399	618	647	
1399	140.1	368.7	1398	1400	560	589	618	
1400	131.1	369.5	1399	1401	530	560	
1401	122.1	370.3	1400	1402	500	530	
1402	113.1	371.1	1401	1403	469	500	
1403	103.5	372.5	1402	1404	438	469	
1404	94.5	374.5	1403	1405	406	438	
1405	85.4167	376.417	1404	1406	373	406	
1406	76.25	378.417	1405	1407	339	373	
1407	67.0833	380.417	1406	1408	304	339	
1408	57.9167	382.417	1407	1409	268	304	
1409	48.75	384.417	1408	1410	231	268	
1410	39.5833	386.417	1409	1411	193	231	
1411	27.5	385.5	1410	1412	117	154	193	
1412	15.5	389	1411	1413	80	117	
1413	5	389.5	1412	1414	1415	1416	1417	1418	40	80	
1414	0.95	394.05	1413	1415	
1415	0.95	392.15	1414	1416	1413	
1416	0.95	390.25	1415	1417	1413	
1417	0.95	388.35	1416	1418	1413	
1418	0.95	386.45	1417	1419	40	1413	
1419	0.95	384.55	1418	1420	40	
1420	0.95	382.65	1419	1421	39	40	
1421	0.95	380.75	1420	1422	38	39	
1422	0.95	378.85	1421	1423	37	38	
1423	0.95	376.95	1422	1424	36	37	
1424	0.95	375.05	1423	1425	35	36	
1425	0.95	373.15	1424	1426	34	35	
1426	0.95	371.25	1425	1427	33	34	
1427	0.95	369.35	1426	1428	32	33	
1428	0.95	367.45	1427	1429	31	32	
1429	0.95	365.55	1428	1430	30	31	
1430	0.95	363.65	1429	1431	29	30	
1431	0.95	361.75	1430	1432	28	29	
1432	0.95	359.85	1431	1433	27	28	
1433	0.95	357.95	1432	1434	26	27	
1434	0.95	356.05	1433	1435	25	26	
1435	0.95	354.15	1434	1436	24	25	
1436	0.95	352.25	1435	1437	23	24	
1437	0.95	350.35	1436	1438	22	23	
1438	0.95	348.45	1437	1439	21	22	
1439	0.95	346.55	1438	1440	20	21	
1440	0.95	344.65	1439	1441	19	20	
1441	0.95	342.75	1440	1442	18	19	
1442	0.95	340.85	1441	1443	17	18	
1443	0.95	338.95	1442	1444	16	17	
1444	0.95	337.05	1443	1445	15	16	
1445	0.95	335.15	1444	1446	14	15	
1446	0.95	333.25	1445	1447	13	14	
1447	0.95	331.35	1446	1448	12	13	
1448	0.95	329.45	1447	1449	11	12	
1449	0.95	327.55	1448	1450	10	11	
1450	0.95	325.65	1449	1451	9	10	
1451	0.95	323.75	1450	1452	8	9	
1452	0.95	321.85	1451	1453	7	8	
1453	0.95	319.95	1452	1454	6	7	
1454	0.95	318.05	1453	1455	5	6	
1455	0.95	316.15	1454	1456	4	5	
1456	0.95	314.25	1455	1457	3	4	
1457	0.95	312.35	1456	1458	2	3	
1458	0.95	310.45	1457	1459	1	2	
1459	0.95	308.55	1458	1460	1	
1460	0.95	306.65	1459	1461	1300	1	
1461	0.95	304.75	1460	1462	1300	
1462	0.95	302.85	1461	1463	1300	
1463	0.95	300.95	1462	1300	
