# R2D2 grid neighbours information
1	0.294118	0.205882	49	2	2063	2064	2065	
2	0.294118	0.343137	1	50	3	2062	2063	
3	0.294118	0.480392	2	51	4	2061	2062	
4	0.294118	0.617647	3	52	5	2060	2061	
5	0.294118	0.754902	4	53	6	2059	2060	
6	0.294118	0.892157	5	54	7	2058	2059	
7	0.294118	1.02941	6	55	8	2057	2058	
8	0.294118	1.16667	7	56	9	2056	2057	
9	0.294118	1.30392	8	57	10	2055	2056	
10	0.294118	1.44118	9	58	11	2054	2055	
11	0.294118	1.57843	10	59	12	2053	2054	
12	0.294118	1.71569	11	60	13	2052	2053	
13	0.294118	1.85294	12	61	14	2051	2052	
14	0.294118	1.9902	13	62	15	2050	2051	
15	0.294118	2.12745	14	63	16	2049	2050	
16	0.294118	2.26471	15	64	17	2048	2049	
17	0.294118	2.40196	16	65	18	2047	2048	
18	0.294118	2.53922	17	66	19	2046	2047	
19	0.294118	2.67647	18	67	20	2045	2046	
20	0.294118	2.81373	19	68	21	2044	2045	
21	0.294118	2.95098	20	69	22	2043	2044	
22	0.294118	3.08824	21	70	23	2042	2043	
23	0.294118	3.22549	22	71	24	2041	2042	
24	0.294118	3.36275	23	72	25	2040	2041	
25	0.294118	3.5	24	73	26	2039	2040	
26	0.294118	3.63725	25	74	27	2038	2039	
27	0.294118	3.77451	26	75	28	2037	2038	
28	0.294118	3.91176	27	76	29	2036	2037	
29	0.294118	4.04902	28	77	30	2035	2036	
30	0.294118	4.18627	29	78	31	2034	2035	
31	0.294118	4.32353	30	79	32	2033	2034	
32	0.294118	4.46078	31	80	33	2032	2033	
33	0.294118	4.59804	32	81	34	2031	2032	
34	0.294118	4.73529	33	82	35	2030	2031	
35	0.294118	4.87255	34	83	36	2029	2030	
36	0.294118	5.0098	35	84	37	2028	2029	
37	0.294118	5.14706	36	85	38	2027	2028	
38	0.294118	5.28431	37	86	39	2026	2027	
39	0.294118	5.42157	38	87	40	2025	2026	
40	0.294118	5.55882	39	88	41	2024	2025	
41	0.294118	5.69608	40	89	42	2023	2024	
42	0.294118	5.83333	41	90	43	2022	2023	
43	0.294118	5.97059	42	91	44	2021	2022	
44	0.294118	6.10784	43	92	45	2020	2021	
45	0.294118	6.2451	44	93	46	2019	2020	
46	0.294118	6.38235	45	94	47	2018	2019	
47	0.294118	6.51961	46	95	48	2017	2018	
48	0.294118	6.65686	2017	47	96	2194	2195	
49	0.490196	0.205882	97	50	1	2065	2066	
50	0.490196	0.343137	51	2	49	98	
51	0.490196	0.480392	52	3	50	99	
52	0.490196	0.617647	53	4	51	100	
53	0.490196	0.754902	54	5	52	101	
54	0.490196	0.892157	55	6	53	102	
55	0.490196	1.02941	56	7	54	103	
56	0.490196	1.16667	57	8	55	104	
57	0.490196	1.30392	58	9	56	105	
58	0.490196	1.44118	59	10	57	106	
59	0.490196	1.57843	60	11	58	107	
60	0.490196	1.71569	61	12	59	108	
61	0.490196	1.85294	62	13	60	109	
62	0.490196	1.9902	63	14	61	110	
63	0.490196	2.12745	64	15	62	111	
64	0.490196	2.26471	65	16	63	112	
65	0.490196	2.40196	66	17	64	113	
66	0.490196	2.53922	67	18	65	114	
67	0.490196	2.67647	68	19	66	115	
68	0.490196	2.81373	69	20	67	116	
69	0.490196	2.95098	70	21	68	117	
70	0.490196	3.08824	71	22	69	118	
71	0.490196	3.22549	72	23	70	119	
72	0.490196	3.36275	73	24	71	120	
73	0.490196	3.5	74	25	72	121	
74	0.490196	3.63725	75	26	73	122	
75	0.490196	3.77451	76	27	74	123	
76	0.490196	3.91176	77	28	75	124	
77	0.490196	4.04902	78	29	76	125	
78	0.490196	4.18627	79	30	77	126	
79	0.490196	4.32353	80	31	78	127	
80	0.490196	4.46078	81	32	79	128	
81	0.490196	4.59804	82	33	80	129	
82	0.490196	4.73529	83	34	81	130	
83	0.490196	4.87255	84	35	82	131	
84	0.490196	5.0098	85	36	83	132	
85	0.490196	5.14706	86	37	84	133	
86	0.490196	5.28431	87	38	85	134	
87	0.490196	5.42157	88	39	86	135	
88	0.490196	5.55882	89	40	87	136	
89	0.490196	5.69608	90	41	88	137	
90	0.490196	5.83333	91	42	89	138	
91	0.490196	5.97059	92	43	90	139	
92	0.490196	6.10784	93	44	91	140	
93	0.490196	6.2451	94	45	92	141	
94	0.490196	6.38235	95	46	93	142	
95	0.490196	6.51961	96	47	94	143	
96	0.490196	6.65686	48	95	143	2193	2194	
97	0.686275	0.205882	144	98	49	2066	2067	
98	0.686275	0.343137	99	50	97	145	
99	0.686275	0.480392	100	51	98	146	
100	0.686275	0.617647	101	52	99	147	
101	0.686275	0.754902	102	53	100	148	
102	0.686275	0.892157	103	54	101	149	
103	0.686275	1.02941	104	55	102	150	
104	0.686275	1.16667	105	56	103	151	
105	0.686275	1.30392	106	57	104	152	
106	0.686275	1.44118	107	58	105	153	
107	0.686275	1.57843	108	59	106	154	
108	0.686275	1.71569	109	60	107	155	
109	0.686275	1.85294	110	61	108	156	
110	0.686275	1.9902	111	62	109	157	
111	0.686275	2.12745	112	63	110	158	
112	0.686275	2.26471	113	64	111	159	
113	0.686275	2.40196	114	65	112	160	
114	0.686275	2.53922	115	66	113	161	
115	0.686275	2.67647	116	67	114	162	
116	0.686275	2.81373	117	68	115	163	
117	0.686275	2.95098	118	69	116	164	
118	0.686275	3.08824	119	70	117	165	
119	0.686275	3.22549	120	71	118	166	
120	0.686275	3.36275	121	72	119	167	
121	0.686275	3.5	122	73	120	168	
122	0.686275	3.63725	123	74	121	169	
123	0.686275	3.77451	124	75	122	170	
124	0.686275	3.91176	125	76	123	171	
125	0.686275	4.04902	126	77	124	172	
126	0.686275	4.18627	127	78	125	173	
127	0.686275	4.32353	128	79	126	174	
128	0.686275	4.46078	129	80	127	175	
129	0.686275	4.59804	130	81	128	176	
130	0.686275	4.73529	131	82	129	177	
131	0.686275	4.87255	132	83	130	178	
132	0.686275	5.0098	133	84	131	179	
133	0.686275	5.14706	134	85	132	180	
134	0.686275	5.28431	135	86	133	181	
135	0.686275	5.42157	136	87	134	182	
136	0.686275	5.55882	137	88	135	183	
137	0.686275	5.69608	138	89	136	184	
138	0.686275	5.83333	139	90	137	185	
139	0.686275	5.97059	140	91	138	186	
140	0.686275	6.10784	141	92	139	187	
141	0.686275	6.2451	142	93	140	188	
142	0.686275	6.38235	143	94	141	189	
143	0.686275	6.51961	96	95	142	190	2192	2193	
144	0.882353	0.205882	191	145	97	2067	2068	
145	0.882353	0.343137	146	98	144	192	
146	0.882353	0.480392	147	99	145	193	
147	0.882353	0.617647	148	100	146	194	
148	0.882353	0.754902	149	101	147	195	
149	0.882353	0.892157	150	102	148	196	
150	0.882353	1.02941	151	103	149	197	
151	0.882353	1.16667	152	104	150	198	
152	0.882353	1.30392	153	105	151	199	
153	0.882353	1.44118	154	106	152	200	
154	0.882353	1.57843	155	107	153	201	
155	0.882353	1.71569	156	108	154	202	
156	0.882353	1.85294	157	109	155	203	
157	0.882353	1.9902	158	110	156	204	
158	0.882353	2.12745	159	111	157	205	
159	0.882353	2.26471	160	112	158	206	
160	0.882353	2.40196	161	113	159	207	
161	0.882353	2.53922	162	114	160	208	
162	0.882353	2.67647	163	115	161	209	
163	0.882353	2.81373	164	116	162	210	
164	0.882353	2.95098	165	117	163	211	
165	0.882353	3.08824	166	118	164	212	
166	0.882353	3.22549	167	119	165	213	
167	0.882353	3.36275	168	120	166	214	
168	0.882353	3.5	169	121	167	215	
169	0.882353	3.63725	170	122	168	216	
170	0.882353	3.77451	171	123	169	217	
171	0.882353	3.91176	172	124	170	218	
172	0.882353	4.04902	173	125	171	219	
173	0.882353	4.18627	174	126	172	220	
174	0.882353	4.32353	175	127	173	221	
175	0.882353	4.46078	176	128	174	222	
176	0.882353	4.59804	177	129	175	223	
177	0.882353	4.73529	178	130	176	224	
178	0.882353	4.87255	179	131	177	225	
179	0.882353	5.0098	180	132	178	226	
180	0.882353	5.14706	181	133	179	227	
181	0.882353	5.28431	182	134	180	228	
182	0.882353	5.42157	183	135	181	229	
183	0.882353	5.55882	184	136	182	230	
184	0.882353	5.69608	185	137	183	231	
185	0.882353	5.83333	186	138	184	232	
186	0.882353	5.97059	187	139	185	233	
187	0.882353	6.10784	188	140	186	234	
188	0.882353	6.2451	189	141	187	235	
189	0.882353	6.38235	190	142	188	236	
190	0.882353	6.51961	143	189	237	2191	2192	
191	1.07843	0.205882	238	192	144	2068	2069	
192	1.07843	0.343137	193	145	191	239	
193	1.07843	0.480392	194	146	192	240	
194	1.07843	0.617647	195	147	193	241	
195	1.07843	0.754902	196	148	194	242	
196	1.07843	0.892157	197	149	195	243	
197	1.07843	1.02941	198	150	196	244	
198	1.07843	1.16667	199	151	197	245	
199	1.07843	1.30392	200	152	198	246	
200	1.07843	1.44118	201	153	199	247	
201	1.07843	1.57843	202	154	200	248	
202	1.07843	1.71569	203	155	201	249	
203	1.07843	1.85294	204	156	202	250	
204	1.07843	1.9902	205	157	203	251	
205	1.07843	2.12745	206	158	204	252	
206	1.07843	2.26471	207	159	205	253	
207	1.07843	2.40196	208	160	206	254	
208	1.07843	2.53922	209	161	207	255	
209	1.07843	2.67647	210	162	208	256	
210	1.07843	2.81373	211	163	209	257	
211	1.07843	2.95098	212	164	210	258	
212	1.07843	3.08824	213	165	211	259	
213	1.07843	3.22549	214	166	212	260	
214	1.07843	3.36275	215	167	213	261	
215	1.07843	3.5	216	168	214	262	
216	1.07843	3.63725	217	169	215	263	
217	1.07843	3.77451	218	170	216	264	
218	1.07843	3.91176	219	171	217	265	
219	1.07843	4.04902	220	172	218	266	
220	1.07843	4.18627	221	173	219	267	
221	1.07843	4.32353	222	174	220	268	
222	1.07843	4.46078	223	175	221	269	
223	1.07843	4.59804	224	176	222	270	
224	1.07843	4.73529	225	177	223	271	
225	1.07843	4.87255	226	178	224	272	
226	1.07843	5.0098	227	179	225	273	
227	1.07843	5.14706	228	180	226	274	
228	1.07843	5.28431	229	181	227	275	
229	1.07843	5.42157	230	182	228	276	
230	1.07843	5.55882	231	183	229	277	
231	1.07843	5.69608	232	184	230	278	
232	1.07843	5.83333	233	185	231	279	
233	1.07843	5.97059	234	186	232	280	
234	1.07843	6.10784	235	187	233	281	
235	1.07843	6.2451	236	188	234	282	
236	1.07843	6.38235	237	189	235	283	
237	1.07843	6.51961	190	236	284	2190	2191	
238	1.27451	0.205882	285	239	191	2069	2070	
239	1.27451	0.343137	240	192	238	286	
240	1.27451	0.480392	241	193	239	287	
241	1.27451	0.617647	242	194	240	288	
242	1.27451	0.754902	243	195	241	289	
243	1.27451	0.892157	244	196	242	290	
244	1.27451	1.02941	245	197	243	291	
245	1.27451	1.16667	246	198	244	292	
246	1.27451	1.30392	247	199	245	293	
247	1.27451	1.44118	248	200	246	294	
248	1.27451	1.57843	249	201	247	295	
249	1.27451	1.71569	250	202	248	296	
250	1.27451	1.85294	251	203	249	297	
251	1.27451	1.9902	252	204	250	298	
252	1.27451	2.12745	253	205	251	299	
253	1.27451	2.26471	254	206	252	300	
254	1.27451	2.40196	255	207	253	301	
255	1.27451	2.53922	256	208	254	302	
256	1.27451	2.67647	257	209	255	303	
257	1.27451	2.81373	258	210	256	304	
258	1.27451	2.95098	259	211	257	305	
259	1.27451	3.08824	260	212	258	306	
260	1.27451	3.22549	261	213	259	307	
261	1.27451	3.36275	262	214	260	308	
262	1.27451	3.5	263	215	261	309	
263	1.27451	3.63725	264	216	262	310	
264	1.27451	3.77451	265	217	263	311	
265	1.27451	3.91176	266	218	264	312	
266	1.27451	4.04902	267	219	265	313	
267	1.27451	4.18627	268	220	266	314	
268	1.27451	4.32353	269	221	267	315	
269	1.27451	4.46078	270	222	268	316	
270	1.27451	4.59804	271	223	269	317	
271	1.27451	4.73529	272	224	270	318	
272	1.27451	4.87255	273	225	271	319	
273	1.27451	5.0098	274	226	272	320	
274	1.27451	5.14706	275	227	273	321	
275	1.27451	5.28431	276	228	274	322	
276	1.27451	5.42157	277	229	275	323	
277	1.27451	5.55882	278	230	276	324	
278	1.27451	5.69608	279	231	277	325	
279	1.27451	5.83333	280	232	278	326	
280	1.27451	5.97059	281	233	279	327	
281	1.27451	6.10784	282	234	280	328	
282	1.27451	6.2451	283	235	281	329	
283	1.27451	6.38235	284	236	282	330	
284	1.27451	6.51961	237	283	330	2189	2190	
285	1.47059	0.205882	331	286	238	2070	2071	
286	1.47059	0.343137	287	239	285	332	
287	1.47059	0.480392	288	240	286	333	
288	1.47059	0.617647	289	241	287	334	
289	1.47059	0.754902	290	242	288	335	
290	1.47059	0.892157	291	243	289	336	
291	1.47059	1.02941	292	244	290	337	
292	1.47059	1.16667	293	245	291	338	
293	1.47059	1.30392	294	246	292	339	
294	1.47059	1.44118	295	247	293	340	
295	1.47059	1.57843	296	248	294	341	
296	1.47059	1.71569	297	249	295	342	
297	1.47059	1.85294	298	250	296	343	
298	1.47059	1.9902	299	251	297	344	
299	1.47059	2.12745	300	252	298	345	
300	1.47059	2.26471	301	253	299	346	
301	1.47059	2.40196	302	254	300	347	
302	1.47059	2.53922	303	255	301	348	
303	1.47059	2.67647	304	256	302	349	
304	1.47059	2.81373	305	257	303	350	
305	1.47059	2.95098	306	258	304	351	
306	1.47059	3.08824	307	259	305	352	
307	1.47059	3.22549	308	260	306	353	
308	1.47059	3.36275	309	261	307	354	
309	1.47059	3.5	310	262	308	355	
310	1.47059	3.63725	311	263	309	356	
311	1.47059	3.77451	312	264	310	357	
312	1.47059	3.91176	313	265	311	358	
313	1.47059	4.04902	314	266	312	359	
314	1.47059	4.18627	315	267	313	360	
315	1.47059	4.32353	316	268	314	361	
316	1.47059	4.46078	317	269	315	362	
317	1.47059	4.59804	318	270	316	363	
318	1.47059	4.73529	319	271	317	364	
319	1.47059	4.87255	320	272	318	365	
320	1.47059	5.0098	321	273	319	366	
321	1.47059	5.14706	322	274	320	367	
322	1.47059	5.28431	323	275	321	368	
323	1.47059	5.42157	324	276	322	369	
324	1.47059	5.55882	325	277	323	370	
325	1.47059	5.69608	326	278	324	371	
326	1.47059	5.83333	327	279	325	372	
327	1.47059	5.97059	328	280	326	373	
328	1.47059	6.10784	329	281	327	374	
329	1.47059	6.2451	330	282	328	375	
330	1.47059	6.38235	284	283	329	376	2188	2189	
331	1.66667	0.205882	377	332	285	2071	2072	
332	1.66667	0.343137	333	286	331	378	
333	1.66667	0.480392	334	287	332	379	
334	1.66667	0.617647	335	288	333	380	
335	1.66667	0.754902	336	289	334	381	
336	1.66667	0.892157	337	290	335	382	
337	1.66667	1.02941	338	291	336	383	
338	1.66667	1.16667	339	292	337	384	
339	1.66667	1.30392	340	293	338	385	
340	1.66667	1.44118	341	294	339	386	
341	1.66667	1.57843	342	295	340	387	
342	1.66667	1.71569	343	296	341	388	
343	1.66667	1.85294	344	297	342	389	
344	1.66667	1.9902	345	298	343	390	
345	1.66667	2.12745	346	299	344	391	
346	1.66667	2.26471	347	300	345	392	
347	1.66667	2.40196	348	301	346	393	
348	1.66667	2.53922	349	302	347	394	
349	1.66667	2.67647	350	303	348	395	
350	1.66667	2.81373	351	304	349	396	
351	1.66667	2.95098	352	305	350	397	
352	1.66667	3.08824	353	306	351	398	
353	1.66667	3.22549	354	307	352	399	
354	1.66667	3.36275	355	308	353	400	
355	1.66667	3.5	356	309	354	401	
356	1.66667	3.63725	357	310	355	402	
357	1.66667	3.77451	358	311	356	403	
358	1.66667	3.91176	359	312	357	404	
359	1.66667	4.04902	360	313	358	405	
360	1.66667	4.18627	361	314	359	406	
361	1.66667	4.32353	362	315	360	407	
362	1.66667	4.46078	363	316	361	408	
363	1.66667	4.59804	364	317	362	409	
364	1.66667	4.73529	365	318	363	410	
365	1.66667	4.87255	366	319	364	411	
366	1.66667	5.0098	367	320	365	412	
367	1.66667	5.14706	368	321	366	413	
368	1.66667	5.28431	369	322	367	414	
369	1.66667	5.42157	370	323	368	415	
370	1.66667	5.55882	371	324	369	416	
371	1.66667	5.69608	372	325	370	417	
372	1.66667	5.83333	373	326	371	418	
373	1.66667	5.97059	374	327	372	419	
374	1.66667	6.10784	375	328	373	420	
375	1.66667	6.2451	376	329	374	421	
376	1.66667	6.38235	330	375	422	2188	
377	1.86275	0.205882	423	378	331	2072	2073	
378	1.86275	0.343137	379	332	377	424	
379	1.86275	0.480392	380	333	378	425	
380	1.86275	0.617647	381	334	379	426	
381	1.86275	0.754902	382	335	380	427	
382	1.86275	0.892157	383	336	381	428	
383	1.86275	1.02941	384	337	382	429	
384	1.86275	1.16667	385	338	383	430	
385	1.86275	1.30392	386	339	384	431	
386	1.86275	1.44118	387	340	385	432	
387	1.86275	1.57843	388	341	386	433	
388	1.86275	1.71569	389	342	387	434	
389	1.86275	1.85294	390	343	388	435	
390	1.86275	1.9902	391	344	389	436	
391	1.86275	2.12745	392	345	390	437	
392	1.86275	2.26471	393	346	391	438	
393	1.86275	2.40196	394	347	392	439	
394	1.86275	2.53922	395	348	393	440	
395	1.86275	2.67647	396	349	394	441	
396	1.86275	2.81373	397	350	395	442	
397	1.86275	2.95098	398	351	396	443	
398	1.86275	3.08824	399	352	397	444	
399	1.86275	3.22549	400	353	398	445	
400	1.86275	3.36275	401	354	399	446	
401	1.86275	3.5	402	355	400	447	
402	1.86275	3.63725	403	356	401	448	
403	1.86275	3.77451	404	357	402	449	
404	1.86275	3.91176	405	358	403	450	
405	1.86275	4.04902	406	359	404	451	
406	1.86275	4.18627	407	360	405	452	
407	1.86275	4.32353	408	361	406	453	
408	1.86275	4.46078	409	362	407	454	
409	1.86275	4.59804	410	363	408	455	
410	1.86275	4.73529	411	364	409	456	
411	1.86275	4.87255	412	365	410	457	
412	1.86275	5.0098	413	366	411	458	
413	1.86275	5.14706	414	367	412	459	
414	1.86275	5.28431	415	368	413	460	
415	1.86275	5.42157	416	369	414	461	
416	1.86275	5.55882	417	370	415	462	
417	1.86275	5.69608	418	371	416	463	
418	1.86275	5.83333	419	372	417	464	
419	1.86275	5.97059	420	373	418	465	
420	1.86275	6.10784	421	374	419	466	
421	1.86275	6.2451	422	375	420	467	
422	1.86275	6.38235	376	421	467	2186	2187	2188	
423	2.05882	0.205882	468	424	377	2073	2074	
424	2.05882	0.343137	425	378	423	469	
425	2.05882	0.480392	426	379	424	470	
426	2.05882	0.617647	427	380	425	471	
427	2.05882	0.754902	428	381	426	472	
428	2.05882	0.892157	429	382	427	473	
429	2.05882	1.02941	430	383	428	474	
430	2.05882	1.16667	431	384	429	475	
431	2.05882	1.30392	432	385	430	476	
432	2.05882	1.44118	433	386	431	477	
433	2.05882	1.57843	434	387	432	478	
434	2.05882	1.71569	435	388	433	479	
435	2.05882	1.85294	436	389	434	480	
436	2.05882	1.9902	437	390	435	481	
437	2.05882	2.12745	438	391	436	482	
438	2.05882	2.26471	439	392	437	483	
439	2.05882	2.40196	440	393	438	484	
440	2.05882	2.53922	441	394	439	485	
441	2.05882	2.67647	442	395	440	486	
442	2.05882	2.81373	443	396	441	487	
443	2.05882	2.95098	444	397	442	488	
444	2.05882	3.08824	445	398	443	489	
445	2.05882	3.22549	446	399	444	490	
446	2.05882	3.36275	447	400	445	491	
447	2.05882	3.5	448	401	446	492	
448	2.05882	3.63725	449	402	447	493	
449	2.05882	3.77451	450	403	448	494	
450	2.05882	3.91176	451	404	449	495	
451	2.05882	4.04902	452	405	450	496	
452	2.05882	4.18627	453	406	451	497	
453	2.05882	4.32353	454	407	452	498	
454	2.05882	4.46078	455	408	453	499	
455	2.05882	4.59804	456	409	454	500	
456	2.05882	4.73529	457	410	455	501	
457	2.05882	4.87255	458	411	456	502	
458	2.05882	5.0098	459	412	457	503	
459	2.05882	5.14706	460	413	458	504	
460	2.05882	5.28431	461	414	459	505	
461	2.05882	5.42157	462	415	460	506	
462	2.05882	5.55882	463	416	461	507	
463	2.05882	5.69608	464	417	462	508	
464	2.05882	5.83333	465	418	463	509	
465	2.05882	5.97059	466	419	464	510	
466	2.05882	6.10784	467	420	465	511	
467	2.05882	6.2451	422	421	466	512	2186	
468	2.2549	0.205882	513	469	423	2074	2075	
469	2.2549	0.343137	470	424	468	514	
470	2.2549	0.480392	471	425	469	515	
471	2.2549	0.617647	472	426	470	516	
472	2.2549	0.754902	473	427	471	517	
473	2.2549	0.892157	474	428	472	518	
474	2.2549	1.02941	475	429	473	519	
475	2.2549	1.16667	476	430	474	520	
476	2.2549	1.30392	477	431	475	521	
477	2.2549	1.44118	478	432	476	522	
478	2.2549	1.57843	479	433	477	523	
479	2.2549	1.71569	480	434	478	524	
480	2.2549	1.85294	481	435	479	525	
481	2.2549	1.9902	482	436	480	526	
482	2.2549	2.12745	483	437	481	527	
483	2.2549	2.26471	484	438	482	528	
484	2.2549	2.40196	485	439	483	529	
485	2.2549	2.53922	486	440	484	530	
486	2.2549	2.67647	487	441	485	531	
487	2.2549	2.81373	488	442	486	532	
488	2.2549	2.95098	489	443	487	533	
489	2.2549	3.08824	490	444	488	534	
490	2.2549	3.22549	491	445	489	535	
491	2.2549	3.36275	492	446	490	536	
492	2.2549	3.5	493	447	491	537	
493	2.2549	3.63725	494	448	492	538	
494	2.2549	3.77451	495	449	493	539	
495	2.2549	3.91176	496	450	494	540	
496	2.2549	4.04902	497	451	495	541	
497	2.2549	4.18627	498	452	496	542	
498	2.2549	4.32353	499	453	497	543	
499	2.2549	4.46078	500	454	498	544	
500	2.2549	4.59804	501	455	499	545	
501	2.2549	4.73529	502	456	500	546	
502	2.2549	4.87255	503	457	501	547	
503	2.2549	5.0098	504	458	502	548	
504	2.2549	5.14706	505	459	503	549	
505	2.2549	5.28431	506	460	504	550	
506	2.2549	5.42157	507	461	505	551	
507	2.2549	5.55882	508	462	506	552	
508	2.2549	5.69608	509	463	507	553	
509	2.2549	5.83333	510	464	508	554	
510	2.2549	5.97059	511	465	509	555	
511	2.2549	6.10784	512	466	510	556	
512	2.2549	6.2451	467	511	557	2185	2186	
513	2.45098	0.205882	558	514	468	2075	2076	
514	2.45098	0.343137	515	469	513	559	
515	2.45098	0.480392	516	470	514	560	
516	2.45098	0.617647	517	471	515	561	
517	2.45098	0.754902	518	472	516	562	
518	2.45098	0.892157	519	473	517	563	
519	2.45098	1.02941	520	474	518	564	
520	2.45098	1.16667	521	475	519	565	
521	2.45098	1.30392	522	476	520	566	
522	2.45098	1.44118	523	477	521	567	
523	2.45098	1.57843	524	478	522	568	
524	2.45098	1.71569	525	479	523	569	
525	2.45098	1.85294	526	480	524	570	
526	2.45098	1.9902	527	481	525	571	
527	2.45098	2.12745	528	482	526	572	
528	2.45098	2.26471	529	483	527	573	
529	2.45098	2.40196	530	484	528	574	
530	2.45098	2.53922	531	485	529	575	
531	2.45098	2.67647	532	486	530	576	
532	2.45098	2.81373	533	487	531	577	
533	2.45098	2.95098	534	488	532	578	
534	2.45098	3.08824	535	489	533	579	
535	2.45098	3.22549	536	490	534	580	
536	2.45098	3.36275	537	491	535	581	
537	2.45098	3.5	538	492	536	582	
538	2.45098	3.63725	539	493	537	583	
539	2.45098	3.77451	540	494	538	584	
540	2.45098	3.91176	541	495	539	585	
541	2.45098	4.04902	542	496	540	586	
542	2.45098	4.18627	543	497	541	587	
543	2.45098	4.32353	544	498	542	588	
544	2.45098	4.46078	545	499	543	589	
545	2.45098	4.59804	546	500	544	590	
546	2.45098	4.73529	547	501	545	591	
547	2.45098	4.87255	548	502	546	592	
548	2.45098	5.0098	549	503	547	593	
549	2.45098	5.14706	550	504	548	594	
550	2.45098	5.28431	551	505	549	595	
551	2.45098	5.42157	552	506	550	596	
552	2.45098	5.55882	553	507	551	597	
553	2.45098	5.69608	554	508	552	598	
554	2.45098	5.83333	555	509	553	599	
555	2.45098	5.97059	556	510	554	600	
556	2.45098	6.10784	557	511	555	601	
557	2.45098	6.2451	512	556	602	2184	2185	
558	2.64706	0.205882	603	559	513	2076	2077	
559	2.64706	0.343137	560	514	558	604	
560	2.64706	0.480392	561	515	559	605	
561	2.64706	0.617647	562	516	560	606	
562	2.64706	0.754902	563	517	561	607	
563	2.64706	0.892157	564	518	562	608	
564	2.64706	1.02941	565	519	563	609	
565	2.64706	1.16667	566	520	564	610	
566	2.64706	1.30392	567	521	565	611	
567	2.64706	1.44118	568	522	566	612	
568	2.64706	1.57843	569	523	567	613	
569	2.64706	1.71569	570	524	568	614	
570	2.64706	1.85294	571	525	569	615	
571	2.64706	1.9902	572	526	570	616	
572	2.64706	2.12745	573	527	571	617	
573	2.64706	2.26471	574	528	572	618	
574	2.64706	2.40196	575	529	573	619	
575	2.64706	2.53922	576	530	574	620	
576	2.64706	2.67647	577	531	575	621	
577	2.64706	2.81373	578	532	576	622	
578	2.64706	2.95098	579	533	577	623	
579	2.64706	3.08824	580	534	578	624	
580	2.64706	3.22549	581	535	579	625	
581	2.64706	3.36275	582	536	580	626	
582	2.64706	3.5	583	537	581	627	
583	2.64706	3.63725	584	538	582	628	
584	2.64706	3.77451	585	539	583	629	
585	2.64706	3.91176	586	540	584	630	
586	2.64706	4.04902	587	541	585	631	
587	2.64706	4.18627	588	542	586	632	
588	2.64706	4.32353	589	543	587	633	
589	2.64706	4.46078	590	544	588	634	
590	2.64706	4.59804	591	545	589	635	
591	2.64706	4.73529	592	546	590	636	
592	2.64706	4.87255	593	547	591	637	
593	2.64706	5.0098	594	548	592	638	
594	2.64706	5.14706	595	549	593	639	
595	2.64706	5.28431	596	550	594	640	
596	2.64706	5.42157	597	551	595	641	
597	2.64706	5.55882	598	552	596	642	
598	2.64706	5.69608	599	553	597	643	
599	2.64706	5.83333	600	554	598	644	
600	2.64706	5.97059	601	555	599	645	
601	2.64706	6.10784	602	556	600	646	
602	2.64706	6.2451	557	601	646	2182	2183	2184	
603	2.84314	0.205882	647	604	558	2077	2078	
604	2.84314	0.343137	605	559	603	648	
605	2.84314	0.480392	606	560	604	649	
606	2.84314	0.617647	607	561	605	650	
607	2.84314	0.754902	608	562	606	651	
608	2.84314	0.892157	609	563	607	652	
609	2.84314	1.02941	610	564	608	653	
610	2.84314	1.16667	611	565	609	654	
611	2.84314	1.30392	612	566	610	655	
612	2.84314	1.44118	613	567	611	656	
613	2.84314	1.57843	614	568	612	657	
614	2.84314	1.71569	615	569	613	658	
615	2.84314	1.85294	616	570	614	659	
616	2.84314	1.9902	617	571	615	660	
617	2.84314	2.12745	618	572	616	661	
618	2.84314	2.26471	619	573	617	662	
619	2.84314	2.40196	620	574	618	663	
620	2.84314	2.53922	621	575	619	664	
621	2.84314	2.67647	622	576	620	665	
622	2.84314	2.81373	623	577	621	666	
623	2.84314	2.95098	624	578	622	667	
624	2.84314	3.08824	625	579	623	668	
625	2.84314	3.22549	626	580	624	669	
626	2.84314	3.36275	627	581	625	670	
627	2.84314	3.5	628	582	626	671	
628	2.84314	3.63725	629	583	627	672	
629	2.84314	3.77451	630	584	628	673	
630	2.84314	3.91176	631	585	629	674	
631	2.84314	4.04902	632	586	630	675	
632	2.84314	4.18627	633	587	631	676	
633	2.84314	4.32353	634	588	632	677	
634	2.84314	4.46078	635	589	633	678	
635	2.84314	4.59804	636	590	634	679	
636	2.84314	4.73529	637	591	635	680	
637	2.84314	4.87255	638	592	636	681	
638	2.84314	5.0098	639	593	637	682	
639	2.84314	5.14706	640	594	638	683	
640	2.84314	5.28431	641	595	639	684	
641	2.84314	5.42157	642	596	640	685	
642	2.84314	5.55882	643	597	641	686	
643	2.84314	5.69608	644	598	642	687	
644	2.84314	5.83333	645	599	643	688	
645	2.84314	5.97059	646	600	644	689	
646	2.84314	6.10784	602	601	645	690	2182	
647	3.03922	0.205882	691	648	603	2078	2079	
648	3.03922	0.343137	649	604	647	692	
649	3.03922	0.480392	650	605	648	693	
650	3.03922	0.617647	651	606	649	694	
651	3.03922	0.754902	652	607	650	695	
652	3.03922	0.892157	653	608	651	696	
653	3.03922	1.02941	654	609	652	697	
654	3.03922	1.16667	655	610	653	698	
655	3.03922	1.30392	656	611	654	699	
656	3.03922	1.44118	657	612	655	700	
657	3.03922	1.57843	658	613	656	701	
658	3.03922	1.71569	659	614	657	702	
659	3.03922	1.85294	660	615	658	703	
660	3.03922	1.9902	661	616	659	704	
661	3.03922	2.12745	662	617	660	705	
662	3.03922	2.26471	663	618	661	706	
663	3.03922	2.40196	664	619	662	707	
664	3.03922	2.53922	665	620	663	708	
665	3.03922	2.67647	666	621	664	709	
666	3.03922	2.81373	667	622	665	710	
667	3.03922	2.95098	668	623	666	711	
668	3.03922	3.08824	669	624	667	712	
669	3.03922	3.22549	670	625	668	713	
670	3.03922	3.36275	671	626	669	714	
671	3.03922	3.5	672	627	670	715	
672	3.03922	3.63725	673	628	671	716	
673	3.03922	3.77451	674	629	672	717	
674	3.03922	3.91176	675	630	673	718	
675	3.03922	4.04902	676	631	674	719	
676	3.03922	4.18627	677	632	675	720	
677	3.03922	4.32353	678	633	676	721	
678	3.03922	4.46078	679	634	677	722	
679	3.03922	4.59804	680	635	678	723	
680	3.03922	4.73529	681	636	679	724	
681	3.03922	4.87255	682	637	680	725	
682	3.03922	5.0098	683	638	681	726	
683	3.03922	5.14706	684	639	682	727	
684	3.03922	5.28431	685	640	683	728	
685	3.03922	5.42157	686	641	684	729	
686	3.03922	5.55882	687	642	685	730	
687	3.03922	5.69608	688	643	686	731	
688	3.03922	5.83333	689	644	687	732	
689	3.03922	5.97059	690	645	688	733	
690	3.03922	6.10784	646	689	734	2181	2182	
691	3.23529	0.205882	735	692	647	2079	2080	
692	3.23529	0.343137	693	648	691	736	
693	3.23529	0.480392	694	649	692	737	
694	3.23529	0.617647	695	650	693	738	
695	3.23529	0.754902	696	651	694	739	
696	3.23529	0.892157	697	652	695	740	
697	3.23529	1.02941	698	653	696	741	
698	3.23529	1.16667	699	654	697	742	
699	3.23529	1.30392	700	655	698	743	
700	3.23529	1.44118	701	656	699	744	
701	3.23529	1.57843	702	657	700	745	
702	3.23529	1.71569	703	658	701	746	
703	3.23529	1.85294	704	659	702	747	
704	3.23529	1.9902	705	660	703	748	
705	3.23529	2.12745	706	661	704	749	
706	3.23529	2.26471	707	662	705	750	
707	3.23529	2.40196	708	663	706	751	
708	3.23529	2.53922	709	664	707	752	
709	3.23529	2.67647	710	665	708	753	
710	3.23529	2.81373	711	666	709	754	
711	3.23529	2.95098	712	667	710	755	
712	3.23529	3.08824	713	668	711	756	
713	3.23529	3.22549	714	669	712	757	
714	3.23529	3.36275	715	670	713	758	
715	3.23529	3.5	716	671	714	759	
716	3.23529	3.63725	717	672	715	760	
717	3.23529	3.77451	718	673	716	761	
718	3.23529	3.91176	719	674	717	762	
719	3.23529	4.04902	720	675	718	763	
720	3.23529	4.18627	721	676	719	764	
721	3.23529	4.32353	722	677	720	765	
722	3.23529	4.46078	723	678	721	766	
723	3.23529	4.59804	724	679	722	767	
724	3.23529	4.73529	725	680	723	768	
725	3.23529	4.87255	726	681	724	769	
726	3.23529	5.0098	727	682	725	770	
727	3.23529	5.14706	728	683	726	771	
728	3.23529	5.28431	729	684	727	772	
729	3.23529	5.42157	730	685	728	773	
730	3.23529	5.55882	731	686	729	774	
731	3.23529	5.69608	732	687	730	775	
732	3.23529	5.83333	733	688	731	776	
733	3.23529	5.97059	734	689	732	777	
734	3.23529	6.10784	690	733	777	2179	2180	2181	
735	3.43137	0.205882	778	736	691	2080	2081	
736	3.43137	0.343137	737	692	735	779	
737	3.43137	0.480392	738	693	736	780	
738	3.43137	0.617647	739	694	737	781	
739	3.43137	0.754902	740	695	738	782	
740	3.43137	0.892157	741	696	739	783	
741	3.43137	1.02941	742	697	740	784	
742	3.43137	1.16667	743	698	741	785	
743	3.43137	1.30392	744	699	742	786	
744	3.43137	1.44118	745	700	743	787	
745	3.43137	1.57843	746	701	744	788	
746	3.43137	1.71569	747	702	745	789	
747	3.43137	1.85294	748	703	746	790	
748	3.43137	1.9902	749	704	747	791	
749	3.43137	2.12745	750	705	748	792	
750	3.43137	2.26471	751	706	749	793	
751	3.43137	2.40196	752	707	750	794	
752	3.43137	2.53922	753	708	751	795	
753	3.43137	2.67647	754	709	752	796	
754	3.43137	2.81373	755	710	753	797	
755	3.43137	2.95098	756	711	754	798	
756	3.43137	3.08824	757	712	755	799	
757	3.43137	3.22549	758	713	756	800	
758	3.43137	3.36275	759	714	757	801	
759	3.43137	3.5	760	715	758	802	
760	3.43137	3.63725	761	716	759	803	
761	3.43137	3.77451	762	717	760	804	
762	3.43137	3.91176	763	718	761	805	
763	3.43137	4.04902	764	719	762	806	
764	3.43137	4.18627	765	720	763	807	
765	3.43137	4.32353	766	721	764	808	
766	3.43137	4.46078	767	722	765	809	
767	3.43137	4.59804	768	723	766	810	
768	3.43137	4.73529	769	724	767	811	
769	3.43137	4.87255	770	725	768	812	
770	3.43137	5.0098	771	726	769	813	
771	3.43137	5.14706	772	727	770	814	
772	3.43137	5.28431	773	728	771	815	
773	3.43137	5.42157	774	729	772	816	
774	3.43137	5.55882	775	730	773	817	
775	3.43137	5.69608	776	731	774	818	
776	3.43137	5.83333	777	732	775	819	
777	3.43137	5.97059	734	733	776	820	2179	
778	3.62745	0.205882	821	779	735	2081	2082	
779	3.62745	0.343137	780	736	778	822	
780	3.62745	0.480392	781	737	779	823	
781	3.62745	0.617647	782	738	780	824	
782	3.62745	0.754902	783	739	781	825	
783	3.62745	0.892157	784	740	782	826	
784	3.62745	1.02941	785	741	783	827	
785	3.62745	1.16667	786	742	784	828	
786	3.62745	1.30392	787	743	785	829	
787	3.62745	1.44118	788	744	786	830	
788	3.62745	1.57843	789	745	787	831	
789	3.62745	1.71569	790	746	788	832	
790	3.62745	1.85294	791	747	789	833	
791	3.62745	1.9902	792	748	790	834	
792	3.62745	2.12745	793	749	791	835	
793	3.62745	2.26471	794	750	792	836	
794	3.62745	2.40196	795	751	793	837	
795	3.62745	2.53922	796	752	794	838	
796	3.62745	2.67647	797	753	795	839	
797	3.62745	2.81373	798	754	796	840	
798	3.62745	2.95098	799	755	797	841	
799	3.62745	3.08824	800	756	798	842	
800	3.62745	3.22549	801	757	799	843	
801	3.62745	3.36275	802	758	800	844	
802	3.62745	3.5	803	759	801	845	
803	3.62745	3.63725	804	760	802	846	
804	3.62745	3.77451	805	761	803	847	
805	3.62745	3.91176	806	762	804	848	
806	3.62745	4.04902	807	763	805	849	
807	3.62745	4.18627	808	764	806	850	
808	3.62745	4.32353	809	765	807	851	
809	3.62745	4.46078	810	766	808	852	
810	3.62745	4.59804	811	767	809	853	
811	3.62745	4.73529	812	768	810	854	
812	3.62745	4.87255	813	769	811	855	
813	3.62745	5.0098	814	770	812	856	
814	3.62745	5.14706	815	771	813	857	
815	3.62745	5.28431	816	772	814	858	
816	3.62745	5.42157	817	773	815	859	
817	3.62745	5.55882	818	774	816	860	
818	3.62745	5.69608	819	775	817	861	
819	3.62745	5.83333	820	776	818	862	
820	3.62745	5.97059	777	819	863	2178	2179	
821	3.82353	0.205882	864	822	778	2082	2083	
822	3.82353	0.343137	823	779	821	865	
823	3.82353	0.480392	824	780	822	866	
824	3.82353	0.617647	825	781	823	867	
825	3.82353	0.754902	826	782	824	868	
826	3.82353	0.892157	827	783	825	869	
827	3.82353	1.02941	828	784	826	870	
828	3.82353	1.16667	829	785	827	871	
829	3.82353	1.30392	830	786	828	872	
830	3.82353	1.44118	831	787	829	873	
831	3.82353	1.57843	832	788	830	874	
832	3.82353	1.71569	833	789	831	875	
833	3.82353	1.85294	834	790	832	876	
834	3.82353	1.9902	835	791	833	877	
835	3.82353	2.12745	836	792	834	878	
836	3.82353	2.26471	837	793	835	879	
837	3.82353	2.40196	838	794	836	880	
838	3.82353	2.53922	839	795	837	881	
839	3.82353	2.67647	840	796	838	882	
840	3.82353	2.81373	841	797	839	883	
841	3.82353	2.95098	842	798	840	884	
842	3.82353	3.08824	843	799	841	885	
843	3.82353	3.22549	844	800	842	886	
844	3.82353	3.36275	845	801	843	887	
845	3.82353	3.5	846	802	844	888	
846	3.82353	3.63725	847	803	845	889	
847	3.82353	3.77451	848	804	846	890	
848	3.82353	3.91176	849	805	847	891	
849	3.82353	4.04902	850	806	848	892	
850	3.82353	4.18627	851	807	849	893	
851	3.82353	4.32353	852	808	850	894	
852	3.82353	4.46078	853	809	851	895	
853	3.82353	4.59804	854	810	852	896	
854	3.82353	4.73529	855	811	853	897	
855	3.82353	4.87255	856	812	854	898	
856	3.82353	5.0098	857	813	855	899	
857	3.82353	5.14706	858	814	856	900	
858	3.82353	5.28431	859	815	857	901	
859	3.82353	5.42157	860	816	858	902	
860	3.82353	5.55882	861	817	859	903	
861	3.82353	5.69608	862	818	860	904	
862	3.82353	5.83333	863	819	861	905	
863	3.82353	5.97059	820	862	906	2177	2178	
864	4.01961	0.205882	907	865	821	2083	2084	
865	4.01961	0.343137	866	822	864	908	
866	4.01961	0.480392	867	823	865	909	
867	4.01961	0.617647	868	824	866	910	
868	4.01961	0.754902	869	825	867	911	
869	4.01961	0.892157	870	826	868	912	
870	4.01961	1.02941	871	827	869	913	
871	4.01961	1.16667	872	828	870	914	
872	4.01961	1.30392	873	829	871	915	
873	4.01961	1.44118	874	830	872	916	
874	4.01961	1.57843	875	831	873	917	
875	4.01961	1.71569	876	832	874	918	
876	4.01961	1.85294	877	833	875	919	
877	4.01961	1.9902	878	834	876	920	
878	4.01961	2.12745	879	835	877	921	
879	4.01961	2.26471	880	836	878	922	
880	4.01961	2.40196	881	837	879	923	
881	4.01961	2.53922	882	838	880	924	
882	4.01961	2.67647	883	839	881	925	
883	4.01961	2.81373	884	840	882	926	
884	4.01961	2.95098	885	841	883	927	
885	4.01961	3.08824	886	842	884	928	
886	4.01961	3.22549	887	843	885	929	
887	4.01961	3.36275	888	844	886	930	
888	4.01961	3.5	889	845	887	931	
889	4.01961	3.63725	890	846	888	932	
890	4.01961	3.77451	891	847	889	933	
891	4.01961	3.91176	892	848	890	934	
892	4.01961	4.04902	893	849	891	935	
893	4.01961	4.18627	894	850	892	936	
894	4.01961	4.32353	895	851	893	937	
895	4.01961	4.46078	896	852	894	938	
896	4.01961	4.59804	897	853	895	939	
897	4.01961	4.73529	898	854	896	940	
898	4.01961	4.87255	899	855	897	941	
899	4.01961	5.0098	900	856	898	942	
900	4.01961	5.14706	901	857	899	943	
901	4.01961	5.28431	902	858	900	944	
902	4.01961	5.42157	903	859	901	945	
903	4.01961	5.55882	904	860	902	946	
904	4.01961	5.69608	905	861	903	947	
905	4.01961	5.83333	906	862	904	948	
906	4.01961	5.97059	863	905	948	2175	2176	2177	
907	4.21569	0.205882	949	908	864	2084	2085	
908	4.21569	0.343137	909	865	907	950	
909	4.21569	0.480392	910	866	908	951	
910	4.21569	0.617647	911	867	909	952	
911	4.21569	0.754902	912	868	910	953	
912	4.21569	0.892157	913	869	911	954	
913	4.21569	1.02941	914	870	912	955	
914	4.21569	1.16667	915	871	913	956	
915	4.21569	1.30392	916	872	914	957	
916	4.21569	1.44118	917	873	915	958	
917	4.21569	1.57843	918	874	916	959	
918	4.21569	1.71569	919	875	917	960	
919	4.21569	1.85294	920	876	918	961	
920	4.21569	1.9902	921	877	919	962	
921	4.21569	2.12745	922	878	920	963	
922	4.21569	2.26471	923	879	921	964	
923	4.21569	2.40196	924	880	922	965	
924	4.21569	2.53922	925	881	923	966	
925	4.21569	2.67647	926	882	924	967	
926	4.21569	2.81373	927	883	925	968	
927	4.21569	2.95098	928	884	926	969	
928	4.21569	3.08824	929	885	927	970	
929	4.21569	3.22549	930	886	928	971	
930	4.21569	3.36275	931	887	929	972	
931	4.21569	3.5	932	888	930	973	
932	4.21569	3.63725	933	889	931	974	
933	4.21569	3.77451	934	890	932	975	
934	4.21569	3.91176	935	891	933	976	
935	4.21569	4.04902	936	892	934	977	
936	4.21569	4.18627	937	893	935	978	
937	4.21569	4.32353	938	894	936	979	
938	4.21569	4.46078	939	895	937	980	
939	4.21569	4.59804	940	896	938	981	
940	4.21569	4.73529	941	897	939	982	
941	4.21569	4.87255	942	898	940	983	
942	4.21569	5.0098	943	899	941	984	
943	4.21569	5.14706	944	900	942	985	
944	4.21569	5.28431	945	901	943	986	
945	4.21569	5.42157	946	902	944	987	
946	4.21569	5.55882	947	903	945	988	
947	4.21569	5.69608	948	904	946	989	
948	4.21569	5.83333	906	905	947	990	2175	
949	4.41176	0.205882	991	950	907	2085	2086	
950	4.41176	0.343137	951	908	949	992	
951	4.41176	0.480392	952	909	950	993	
952	4.41176	0.617647	953	910	951	994	
953	4.41176	0.754902	954	911	952	995	
954	4.41176	0.892157	955	912	953	996	
955	4.41176	1.02941	956	913	954	997	
956	4.41176	1.16667	957	914	955	998	
957	4.41176	1.30392	958	915	956	999	
958	4.41176	1.44118	959	916	957	1000	
959	4.41176	1.57843	960	917	958	1001	
960	4.41176	1.71569	961	918	959	1002	
961	4.41176	1.85294	962	919	960	1003	
962	4.41176	1.9902	963	920	961	1004	
963	4.41176	2.12745	964	921	962	1005	
964	4.41176	2.26471	965	922	963	1006	
965	4.41176	2.40196	966	923	964	1007	
966	4.41176	2.53922	967	924	965	1008	
967	4.41176	2.67647	968	925	966	1009	
968	4.41176	2.81373	969	926	967	1010	
969	4.41176	2.95098	970	927	968	1011	
970	4.41176	3.08824	971	928	969	1012	
971	4.41176	3.22549	972	929	970	1013	
972	4.41176	3.36275	973	930	971	1014	
973	4.41176	3.5	974	931	972	1015	
974	4.41176	3.63725	975	932	973	1016	
975	4.41176	3.77451	976	933	974	1017	
976	4.41176	3.91176	977	934	975	1018	
977	4.41176	4.04902	978	935	976	1019	
978	4.41176	4.18627	979	936	977	1020	
979	4.41176	4.32353	980	937	978	1021	
980	4.41176	4.46078	981	938	979	1022	
981	4.41176	4.59804	982	939	980	1023	
982	4.41176	4.73529	983	940	981	1024	
983	4.41176	4.87255	984	941	982	1025	
984	4.41176	5.0098	985	942	983	1026	
985	4.41176	5.14706	986	943	984	1027	
986	4.41176	5.28431	987	944	985	1028	
987	4.41176	5.42157	988	945	986	1029	
988	4.41176	5.55882	989	946	987	1030	
989	4.41176	5.69608	990	947	988	1031	
990	4.41176	5.83333	948	989	1032	2174	2175	
991	4.60784	0.205882	1033	992	949	2086	2087	
992	4.60784	0.343137	993	950	991	1034	
993	4.60784	0.480392	994	951	992	1035	
994	4.60784	0.617647	995	952	993	1036	
995	4.60784	0.754902	996	953	994	1037	
996	4.60784	0.892157	997	954	995	1038	
997	4.60784	1.02941	998	955	996	1039	
998	4.60784	1.16667	999	956	997	1040	
999	4.60784	1.30392	1000	957	998	1041	
1000	4.60784	1.44118	1001	958	999	1042	
1001	4.60784	1.57843	1002	959	1000	1043	
1002	4.60784	1.71569	1003	960	1001	1044	
1003	4.60784	1.85294	1004	961	1002	1045	
1004	4.60784	1.9902	1005	962	1003	1046	
1005	4.60784	2.12745	1006	963	1004	1047	
1006	4.60784	2.26471	1007	964	1005	1048	
1007	4.60784	2.40196	1008	965	1006	1049	
1008	4.60784	2.53922	1009	966	1007	1050	
1009	4.60784	2.67647	1010	967	1008	1051	
1010	4.60784	2.81373	1011	968	1009	1052	
1011	4.60784	2.95098	1012	969	1010	1053	
1012	4.60784	3.08824	1013	970	1011	1054	
1013	4.60784	3.22549	1014	971	1012	1055	
1014	4.60784	3.36275	1015	972	1013	1056	
1015	4.60784	3.5	1016	973	1014	1057	
1016	4.60784	3.63725	1017	974	1015	1058	
1017	4.60784	3.77451	1018	975	1016	1059	
1018	4.60784	3.91176	1019	976	1017	1060	
1019	4.60784	4.04902	1020	977	1018	1061	
1020	4.60784	4.18627	1021	978	1019	1062	
1021	4.60784	4.32353	1022	979	1020	1063	
1022	4.60784	4.46078	1023	980	1021	1064	
1023	4.60784	4.59804	1024	981	1022	1065	
1024	4.60784	4.73529	1025	982	1023	1066	
1025	4.60784	4.87255	1026	983	1024	1067	
1026	4.60784	5.0098	1027	984	1025	1068	
1027	4.60784	5.14706	1028	985	1026	1069	
1028	4.60784	5.28431	1029	986	1027	1070	
1029	4.60784	5.42157	1030	987	1028	1071	
1030	4.60784	5.55882	1031	988	1029	1072	
1031	4.60784	5.69608	1032	989	1030	1073	
1032	4.60784	5.83333	990	1031	1073	2173	2174	
1033	4.80392	0.205882	1074	1034	991	2087	2088	
1034	4.80392	0.343137	1035	992	1033	1075	
1035	4.80392	0.480392	1036	993	1034	1076	
1036	4.80392	0.617647	1037	994	1035	1077	
1037	4.80392	0.754902	1038	995	1036	1078	
1038	4.80392	0.892157	1039	996	1037	1079	
1039	4.80392	1.02941	1040	997	1038	1080	
1040	4.80392	1.16667	1041	998	1039	1081	
1041	4.80392	1.30392	1042	999	1040	1082	
1042	4.80392	1.44118	1043	1000	1041	1083	
1043	4.80392	1.57843	1044	1001	1042	1084	
1044	4.80392	1.71569	1045	1002	1043	1085	
1045	4.80392	1.85294	1046	1003	1044	1086	
1046	4.80392	1.9902	1047	1004	1045	1087	
1047	4.80392	2.12745	1048	1005	1046	1088	
1048	4.80392	2.26471	1049	1006	1047	1089	
1049	4.80392	2.40196	1050	1007	1048	1090	
1050	4.80392	2.53922	1051	1008	1049	1091	
1051	4.80392	2.67647	1052	1009	1050	1092	
1052	4.80392	2.81373	1053	1010	1051	1093	
1053	4.80392	2.95098	1054	1011	1052	1094	
1054	4.80392	3.08824	1055	1012	1053	1095	
1055	4.80392	3.22549	1056	1013	1054	1096	
1056	4.80392	3.36275	1057	1014	1055	1097	
1057	4.80392	3.5	1058	1015	1056	1098	
1058	4.80392	3.63725	1059	1016	1057	1099	
1059	4.80392	3.77451	1060	1017	1058	1100	
1060	4.80392	3.91176	1061	1018	1059	1101	
1061	4.80392	4.04902	1062	1019	1060	1102	
1062	4.80392	4.18627	1063	1020	1061	1103	
1063	4.80392	4.32353	1064	1021	1062	1104	
1064	4.80392	4.46078	1065	1022	1063	1105	
1065	4.80392	4.59804	1066	1023	1064	1106	
1066	4.80392	4.73529	1067	1024	1065	1107	
1067	4.80392	4.87255	1068	1025	1066	1108	
1068	4.80392	5.0098	1069	1026	1067	1109	
1069	4.80392	5.14706	1070	1027	1068	1110	
1070	4.80392	5.28431	1071	1028	1069	1111	
1071	4.80392	5.42157	1072	1029	1070	1112	
1072	4.80392	5.55882	1073	1030	1071	1113	
1073	4.80392	5.69608	1032	1031	1072	1114	2172	2173	
1074	5	0.205882	1115	1075	1033	2088	2089	
1075	5	0.343137	1076	1034	1074	1116	
1076	5	0.480392	1077	1035	1075	1117	
1077	5	0.617647	1078	1036	1076	1118	
1078	5	0.754902	1079	1037	1077	1119	
1079	5	0.892157	1080	1038	1078	1120	
1080	5	1.02941	1081	1039	1079	1121	
1081	5	1.16667	1082	1040	1080	1122	
1082	5	1.30392	1083	1041	1081	1123	
1083	5	1.44118	1084	1042	1082	1124	
1084	5	1.57843	1085	1043	1083	1125	
1085	5	1.71569	1086	1044	1084	1126	
1086	5	1.85294	1087	1045	1085	1127	
1087	5	1.9902	1088	1046	1086	1128	
1088	5	2.12745	1089	1047	1087	1129	
1089	5	2.26471	1090	1048	1088	1130	
1090	5	2.40196	1091	1049	1089	1131	
1091	5	2.53922	1092	1050	1090	1132	
1092	5	2.67647	1093	1051	1091	1133	
1093	5	2.81373	1094	1052	1092	1134	
1094	5	2.95098	1095	1053	1093	1135	
1095	5	3.08824	1096	1054	1094	1136	
1096	5	3.22549	1097	1055	1095	1137	
1097	5	3.36275	1098	1056	1096	1138	
1098	5	3.5	1099	1057	1097	1139	
1099	5	3.63725	1100	1058	1098	1140	
1100	5	3.77451	1101	1059	1099	1141	
1101	5	3.91176	1102	1060	1100	1142	
1102	5	4.04902	1103	1061	1101	1143	
1103	5	4.18627	1104	1062	1102	1144	
1104	5	4.32353	1105	1063	1103	1145	
1105	5	4.46078	1106	1064	1104	1146	
1106	5	4.59804	1107	1065	1105	1147	
1107	5	4.73529	1108	1066	1106	1148	
1108	5	4.87255	1109	1067	1107	1149	
1109	5	5.0098	1110	1068	1108	1150	
1110	5	5.14706	1111	1069	1109	1151	
1111	5	5.28431	1112	1070	1110	1152	
1112	5	5.42157	1113	1071	1111	1153	
1113	5	5.55882	1114	1072	1112	1154	
1114	5	5.69608	1073	1113	1155	2171	2172	
1115	5.19608	0.205882	1156	1116	1074	2089	2090	
1116	5.19608	0.343137	1117	1075	1115	1157	
1117	5.19608	0.480392	1118	1076	1116	1158	
1118	5.19608	0.617647	1119	1077	1117	1159	
1119	5.19608	0.754902	1120	1078	1118	1160	
1120	5.19608	0.892157	1121	1079	1119	1161	
1121	5.19608	1.02941	1122	1080	1120	1162	
1122	5.19608	1.16667	1123	1081	1121	1163	
1123	5.19608	1.30392	1124	1082	1122	1164	
1124	5.19608	1.44118	1125	1083	1123	1165	
1125	5.19608	1.57843	1126	1084	1124	1166	
1126	5.19608	1.71569	1127	1085	1125	1167	
1127	5.19608	1.85294	1128	1086	1126	1168	
1128	5.19608	1.9902	1129	1087	1127	1169	
1129	5.19608	2.12745	1130	1088	1128	1170	
1130	5.19608	2.26471	1131	1089	1129	1171	
1131	5.19608	2.40196	1132	1090	1130	1172	
1132	5.19608	2.53922	1133	1091	1131	1173	
1133	5.19608	2.67647	1134	1092	1132	1174	
1134	5.19608	2.81373	1135	1093	1133	1175	
1135	5.19608	2.95098	1136	1094	1134	1176	
1136	5.19608	3.08824	1137	1095	1135	1177	
1137	5.19608	3.22549	1138	1096	1136	1178	
1138	5.19608	3.36275	1139	1097	1137	1179	
1139	5.19608	3.5	1140	1098	1138	1180	
1140	5.19608	3.63725	1141	1099	1139	1181	
1141	5.19608	3.77451	1142	1100	1140	1182	
1142	5.19608	3.91176	1143	1101	1141	1183	
1143	5.19608	4.04902	1144	1102	1142	1184	
1144	5.19608	4.18627	1145	1103	1143	1185	
1145	5.19608	4.32353	1146	1104	1144	1186	
1146	5.19608	4.46078	1147	1105	1145	1187	
1147	5.19608	4.59804	1148	1106	1146	1188	
1148	5.19608	4.73529	1149	1107	1147	1189	
1149	5.19608	4.87255	1150	1108	1148	1190	
1150	5.19608	5.0098	1151	1109	1149	1191	
1151	5.19608	5.14706	1152	1110	1150	1192	
1152	5.19608	5.28431	1153	1111	1151	1193	
1153	5.19608	5.42157	1154	1112	1152	1194	
1154	5.19608	5.55882	1155	1113	1153	1195	
1155	5.19608	5.69608	1114	1154	1196	2170	2171	
1156	5.39216	0.205882	1197	1157	1115	2090	2091	
1157	5.39216	0.343137	1158	1116	1156	1198	
1158	5.39216	0.480392	1159	1117	1157	1199	
1159	5.39216	0.617647	1160	1118	1158	1200	
1160	5.39216	0.754902	1161	1119	1159	1201	
1161	5.39216	0.892157	1162	1120	1160	1202	
1162	5.39216	1.02941	1163	1121	1161	1203	
1163	5.39216	1.16667	1164	1122	1162	1204	
1164	5.39216	1.30392	1165	1123	1163	1205	
1165	5.39216	1.44118	1166	1124	1164	1206	
1166	5.39216	1.57843	1167	1125	1165	1207	
1167	5.39216	1.71569	1168	1126	1166	1208	
1168	5.39216	1.85294	1169	1127	1167	1209	
1169	5.39216	1.9902	1170	1128	1168	1210	
1170	5.39216	2.12745	1171	1129	1169	1211	
1171	5.39216	2.26471	1172	1130	1170	1212	
1172	5.39216	2.40196	1173	1131	1171	1213	
1173	5.39216	2.53922	1174	1132	1172	1214	
1174	5.39216	2.67647	1175	1133	1173	1215	
1175	5.39216	2.81373	1176	1134	1174	1216	
1176	5.39216	2.95098	1177	1135	1175	1217	
1177	5.39216	3.08824	1178	1136	1176	1218	
1178	5.39216	3.22549	1179	1137	1177	1219	
1179	5.39216	3.36275	1180	1138	1178	1220	
1180	5.39216	3.5	1181	1139	1179	1221	
1181	5.39216	3.63725	1182	1140	1180	1222	
1182	5.39216	3.77451	1183	1141	1181	1223	
1183	5.39216	3.91176	1184	1142	1182	1224	
1184	5.39216	4.04902	1185	1143	1183	1225	
1185	5.39216	4.18627	1186	1144	1184	1226	
1186	5.39216	4.32353	1187	1145	1185	1227	
1187	5.39216	4.46078	1188	1146	1186	1228	
1188	5.39216	4.59804	1189	1147	1187	1229	
1189	5.39216	4.73529	1190	1148	1188	1230	
1190	5.39216	4.87255	1191	1149	1189	1231	
1191	5.39216	5.0098	1192	1150	1190	1232	
1192	5.39216	5.14706	1193	1151	1191	1233	
1193	5.39216	5.28431	1194	1152	1192	1234	
1194	5.39216	5.42157	1195	1153	1193	1235	
1195	5.39216	5.55882	1196	1154	1194	1236	
1196	5.39216	5.69608	1155	1195	1236	2169	2170	
1197	5.58824	0.205882	1237	1198	1156	2091	2092	
1198	5.58824	0.343137	1199	1157	1197	1238	
1199	5.58824	0.480392	1200	1158	1198	1239	
1200	5.58824	0.617647	1201	1159	1199	1240	
1201	5.58824	0.754902	1202	1160	1200	1241	
1202	5.58824	0.892157	1203	1161	1201	1242	
1203	5.58824	1.02941	1204	1162	1202	1243	
1204	5.58824	1.16667	1205	1163	1203	1244	
1205	5.58824	1.30392	1206	1164	1204	1245	
1206	5.58824	1.44118	1207	1165	1205	1246	
1207	5.58824	1.57843	1208	1166	1206	1247	
1208	5.58824	1.71569	1209	1167	1207	1248	
1209	5.58824	1.85294	1210	1168	1208	1249	
1210	5.58824	1.9902	1211	1169	1209	1250	
1211	5.58824	2.12745	1212	1170	1210	1251	
1212	5.58824	2.26471	1213	1171	1211	1252	
1213	5.58824	2.40196	1214	1172	1212	1253	
1214	5.58824	2.53922	1215	1173	1213	1254	
1215	5.58824	2.67647	1216	1174	1214	1255	
1216	5.58824	2.81373	1217	1175	1215	1256	
1217	5.58824	2.95098	1218	1176	1216	1257	
1218	5.58824	3.08824	1219	1177	1217	1258	
1219	5.58824	3.22549	1220	1178	1218	1259	
1220	5.58824	3.36275	1221	1179	1219	1260	
1221	5.58824	3.5	1222	1180	1220	1261	
1222	5.58824	3.63725	1223	1181	1221	1262	
1223	5.58824	3.77451	1224	1182	1222	1263	
1224	5.58824	3.91176	1225	1183	1223	1264	
1225	5.58824	4.04902	1226	1184	1224	1265	
1226	5.58824	4.18627	1227	1185	1225	1266	
1227	5.58824	4.32353	1228	1186	1226	1267	
1228	5.58824	4.46078	1229	1187	1227	1268	
1229	5.58824	4.59804	1230	1188	1228	1269	
1230	5.58824	4.73529	1231	1189	1229	1270	
1231	5.58824	4.87255	1232	1190	1230	1271	
1232	5.58824	5.0098	1233	1191	1231	1272	
1233	5.58824	5.14706	1234	1192	1232	1273	
1234	5.58824	5.28431	1235	1193	1233	1274	
1235	5.58824	5.42157	1236	1194	1234	1275	
1236	5.58824	5.55882	1196	1195	1235	1276	2168	2169	
1237	5.78431	0.205882	1277	1238	1197	2092	2093	
1238	5.78431	0.343137	1239	1198	1237	1278	
1239	5.78431	0.480392	1240	1199	1238	1279	
1240	5.78431	0.617647	1241	1200	1239	1280	
1241	5.78431	0.754902	1242	1201	1240	1281	
1242	5.78431	0.892157	1243	1202	1241	1282	
1243	5.78431	1.02941	1244	1203	1242	1283	
1244	5.78431	1.16667	1245	1204	1243	1284	
1245	5.78431	1.30392	1246	1205	1244	1285	
1246	5.78431	1.44118	1247	1206	1245	1286	
1247	5.78431	1.57843	1248	1207	1246	1287	
1248	5.78431	1.71569	1249	1208	1247	1288	
1249	5.78431	1.85294	1250	1209	1248	1289	
1250	5.78431	1.9902	1251	1210	1249	1290	
1251	5.78431	2.12745	1252	1211	1250	1291	
1252	5.78431	2.26471	1253	1212	1251	1292	
1253	5.78431	2.40196	1254	1213	1252	1293	
1254	5.78431	2.53922	1255	1214	1253	1294	
1255	5.78431	2.67647	1256	1215	1254	1295	
1256	5.78431	2.81373	1257	1216	1255	1296	
1257	5.78431	2.95098	1258	1217	1256	1297	
1258	5.78431	3.08824	1259	1218	1257	1298	
1259	5.78431	3.22549	1260	1219	1258	1299	
1260	5.78431	3.36275	1261	1220	1259	1300	
1261	5.78431	3.5	1262	1221	1260	1301	
1262	5.78431	3.63725	1263	1222	1261	1302	
1263	5.78431	3.77451	1264	1223	1262	1303	
1264	5.78431	3.91176	1265	1224	1263	1304	
1265	5.78431	4.04902	1266	1225	1264	1305	
1266	5.78431	4.18627	1267	1226	1265	1306	
1267	5.78431	4.32353	1268	1227	1266	1307	
1268	5.78431	4.46078	1269	1228	1267	1308	
1269	5.78431	4.59804	1270	1229	1268	1309	
1270	5.78431	4.73529	1271	1230	1269	1310	
1271	5.78431	4.87255	1272	1231	1270	1311	
1272	5.78431	5.0098	1273	1232	1271	1312	
1273	5.78431	5.14706	1274	1233	1272	1313	
1274	5.78431	5.28431	1275	1234	1273	1314	
1275	5.78431	5.42157	1276	1235	1274	1315	
1276	5.78431	5.55882	1236	1275	1316	2167	2168	
1277	5.98039	0.205882	1317	1278	1237	2093	2094	
1278	5.98039	0.343137	1279	1238	1277	1318	
1279	5.98039	0.480392	1280	1239	1278	1319	
1280	5.98039	0.617647	1281	1240	1279	1320	
1281	5.98039	0.754902	1282	1241	1280	1321	
1282	5.98039	0.892157	1283	1242	1281	1322	
1283	5.98039	1.02941	1284	1243	1282	1323	
1284	5.98039	1.16667	1285	1244	1283	1324	
1285	5.98039	1.30392	1286	1245	1284	1325	
1286	5.98039	1.44118	1287	1246	1285	1326	
1287	5.98039	1.57843	1288	1247	1286	1327	
1288	5.98039	1.71569	1289	1248	1287	1328	
1289	5.98039	1.85294	1290	1249	1288	1329	
1290	5.98039	1.9902	1291	1250	1289	1330	
1291	5.98039	2.12745	1292	1251	1290	1331	
1292	5.98039	2.26471	1293	1252	1291	1332	
1293	5.98039	2.40196	1294	1253	1292	1333	
1294	5.98039	2.53922	1295	1254	1293	1334	
1295	5.98039	2.67647	1296	1255	1294	1335	
1296	5.98039	2.81373	1297	1256	1295	1336	
1297	5.98039	2.95098	1298	1257	1296	1337	
1298	5.98039	3.08824	1299	1258	1297	1338	
1299	5.98039	3.22549	1300	1259	1298	1339	
1300	5.98039	3.36275	1301	1260	1299	1340	
1301	5.98039	3.5	1302	1261	1300	1341	
1302	5.98039	3.63725	1303	1262	1301	1342	
1303	5.98039	3.77451	1304	1263	1302	1343	
1304	5.98039	3.91176	1305	1264	1303	1344	
1305	5.98039	4.04902	1306	1265	1304	1345	
1306	5.98039	4.18627	1307	1266	1305	1346	
1307	5.98039	4.32353	1308	1267	1306	1347	
1308	5.98039	4.46078	1309	1268	1307	1348	
1309	5.98039	4.59804	1310	1269	1308	1349	
1310	5.98039	4.73529	1311	1270	1309	1350	
1311	5.98039	4.87255	1312	1271	1310	1351	
1312	5.98039	5.0098	1313	1272	1311	1352	
1313	5.98039	5.14706	1314	1273	1312	1353	
1314	5.98039	5.28431	1315	1274	1313	1354	
1315	5.98039	5.42157	1316	1275	1314	1355	
1316	5.98039	5.55882	1276	1315	1355	2166	2167	
1317	6.17647	0.205882	1356	1318	1277	2094	2095	
1318	6.17647	0.343137	1319	1278	1317	1357	
1319	6.17647	0.480392	1320	1279	1318	1358	
1320	6.17647	0.617647	1321	1280	1319	1359	
1321	6.17647	0.754902	1322	1281	1320	1360	
1322	6.17647	0.892157	1323	1282	1321	1361	
1323	6.17647	1.02941	1324	1283	1322	1362	
1324	6.17647	1.16667	1325	1284	1323	1363	
1325	6.17647	1.30392	1326	1285	1324	1364	
1326	6.17647	1.44118	1327	1286	1325	1365	
1327	6.17647	1.57843	1328	1287	1326	1366	
1328	6.17647	1.71569	1329	1288	1327	1367	
1329	6.17647	1.85294	1330	1289	1328	1368	
1330	6.17647	1.9902	1331	1290	1329	1369	
1331	6.17647	2.12745	1332	1291	1330	1370	
1332	6.17647	2.26471	1333	1292	1331	1371	
1333	6.17647	2.40196	1334	1293	1332	1372	
1334	6.17647	2.53922	1335	1294	1333	1373	
1335	6.17647	2.67647	1336	1295	1334	1374	
1336	6.17647	2.81373	1337	1296	1335	1375	
1337	6.17647	2.95098	1338	1297	1336	1376	
1338	6.17647	3.08824	1339	1298	1337	1377	
1339	6.17647	3.22549	1340	1299	1338	1378	
1340	6.17647	3.36275	1341	1300	1339	1379	
1341	6.17647	3.5	1342	1301	1340	1380	
1342	6.17647	3.63725	1343	1302	1341	1381	
1343	6.17647	3.77451	1344	1303	1342	1382	
1344	6.17647	3.91176	1345	1304	1343	1383	
1345	6.17647	4.04902	1346	1305	1344	1384	
1346	6.17647	4.18627	1347	1306	1345	1385	
1347	6.17647	4.32353	1348	1307	1346	1386	
1348	6.17647	4.46078	1349	1308	1347	1387	
1349	6.17647	4.59804	1350	1309	1348	1388	
1350	6.17647	4.73529	1351	1310	1349	1389	
1351	6.17647	4.87255	1352	1311	1350	1390	
1352	6.17647	5.0098	1353	1312	1351	1391	
1353	6.17647	5.14706	1354	1313	1352	1392	
1354	6.17647	5.28431	1355	1314	1353	1393	
1355	6.17647	5.42157	1316	1315	1354	1394	2165	2166	
1356	6.37255	0.205882	1395	1357	1317	2095	2096	
1357	6.37255	0.343137	1358	1318	1356	1396	
1358	6.37255	0.480392	1359	1319	1357	1397	
1359	6.37255	0.617647	1360	1320	1358	1398	
1360	6.37255	0.754902	1361	1321	1359	1399	
1361	6.37255	0.892157	1362	1322	1360	1400	
1362	6.37255	1.02941	1363	1323	1361	1401	
1363	6.37255	1.16667	1364	1324	1362	1402	
1364	6.37255	1.30392	1365	1325	1363	1403	
1365	6.37255	1.44118	1366	1326	1364	1404	
1366	6.37255	1.57843	1367	1327	1365	1405	
1367	6.37255	1.71569	1368	1328	1366	1406	
1368	6.37255	1.85294	1369	1329	1367	1407	
1369	6.37255	1.9902	1370	1330	1368	1408	
1370	6.37255	2.12745	1371	1331	1369	1409	
1371	6.37255	2.26471	1372	1332	1370	1410	
1372	6.37255	2.40196	1373	1333	1371	1411	
1373	6.37255	2.53922	1374	1334	1372	1412	
1374	6.37255	2.67647	1375	1335	1373	1413	
1375	6.37255	2.81373	1376	1336	1374	1414	
1376	6.37255	2.95098	1377	1337	1375	1415	
1377	6.37255	3.08824	1378	1338	1376	1416	
1378	6.37255	3.22549	1379	1339	1377	1417	
1379	6.37255	3.36275	1380	1340	1378	1418	
1380	6.37255	3.5	1381	1341	1379	1419	
1381	6.37255	3.63725	1382	1342	1380	1420	
1382	6.37255	3.77451	1383	1343	1381	1421	
1383	6.37255	3.91176	1384	1344	1382	1422	
1384	6.37255	4.04902	1385	1345	1383	1423	
1385	6.37255	4.18627	1386	1346	1384	1424	
1386	6.37255	4.32353	1387	1347	1385	1425	
1387	6.37255	4.46078	1388	1348	1386	1426	
1388	6.37255	4.59804	1389	1349	1387	1427	
1389	6.37255	4.73529	1390	1350	1388	1428	
1390	6.37255	4.87255	1391	1351	1389	1429	
1391	6.37255	5.0098	1392	1352	1390	1430	
1392	6.37255	5.14706	1393	1353	1391	1431	
1393	6.37255	5.28431	1394	1354	1392	1432	
1394	6.37255	5.42157	1355	1393	1433	2164	2165	
1395	6.56863	0.205882	1434	1396	1356	2096	2097	
1396	6.56863	0.343137	1397	1357	1395	1435	
1397	6.56863	0.480392	1398	1358	1396	1436	
1398	6.56863	0.617647	1399	1359	1397	1437	
1399	6.56863	0.754902	1400	1360	1398	1438	
1400	6.56863	0.892157	1401	1361	1399	1439	
1401	6.56863	1.02941	1402	1362	1400	1440	
1402	6.56863	1.16667	1403	1363	1401	1441	
1403	6.56863	1.30392	1404	1364	1402	1442	
1404	6.56863	1.44118	1405	1365	1403	1443	
1405	6.56863	1.57843	1406	1366	1404	1444	
1406	6.56863	1.71569	1407	1367	1405	1445	
1407	6.56863	1.85294	1408	1368	1406	1446	
1408	6.56863	1.9902	1409	1369	1407	1447	
1409	6.56863	2.12745	1410	1370	1408	1448	
1410	6.56863	2.26471	1411	1371	1409	1449	
1411	6.56863	2.40196	1412	1372	1410	1450	
1412	6.56863	2.53922	1413	1373	1411	1451	
1413	6.56863	2.67647	1414	1374	1412	1452	
1414	6.56863	2.81373	1415	1375	1413	1453	
1415	6.56863	2.95098	1416	1376	1414	1454	
1416	6.56863	3.08824	1417	1377	1415	1455	
1417	6.56863	3.22549	1418	1378	1416	1456	
1418	6.56863	3.36275	1419	1379	1417	1457	
1419	6.56863	3.5	1420	1380	1418	1458	
1420	6.56863	3.63725	1421	1381	1419	1459	
1421	6.56863	3.77451	1422	1382	1420	1460	
1422	6.56863	3.91176	1423	1383	1421	1461	
1423	6.56863	4.04902	1424	1384	1422	1462	
1424	6.56863	4.18627	1425	1385	1423	1463	
1425	6.56863	4.32353	1426	1386	1424	1464	
1426	6.56863	4.46078	1427	1387	1425	1465	
1427	6.56863	4.59804	1428	1388	1426	1466	
1428	6.56863	4.73529	1429	1389	1427	1467	
1429	6.56863	4.87255	1430	1390	1428	1468	
1430	6.56863	5.0098	1431	1391	1429	1469	
1431	6.56863	5.14706	1432	1392	1430	1470	
1432	6.56863	5.28431	1433	1393	1431	1471	
1433	6.56863	5.42157	1394	1432	1472	2163	2164	
1434	6.76471	0.205882	1473	1435	1395	2097	2098	
1435	6.76471	0.343137	1436	1396	1434	1474	
1436	6.76471	0.480392	1437	1397	1435	1475	
1437	6.76471	0.617647	1438	1398	1436	1476	
1438	6.76471	0.754902	1439	1399	1437	1477	
1439	6.76471	0.892157	1440	1400	1438	1478	
1440	6.76471	1.02941	1441	1401	1439	1479	
1441	6.76471	1.16667	1442	1402	1440	1480	
1442	6.76471	1.30392	1443	1403	1441	1481	
1443	6.76471	1.44118	1444	1404	1442	1482	
1444	6.76471	1.57843	1445	1405	1443	1483	
1445	6.76471	1.71569	1446	1406	1444	1484	
1446	6.76471	1.85294	1447	1407	1445	1485	
1447	6.76471	1.9902	1448	1408	1446	1486	
1448	6.76471	2.12745	1449	1409	1447	1487	
1449	6.76471	2.26471	1450	1410	1448	1488	
1450	6.76471	2.40196	1451	1411	1449	1489	
1451	6.76471	2.53922	1452	1412	1450	1490	
1452	6.76471	2.67647	1453	1413	1451	1491	
1453	6.76471	2.81373	1454	1414	1452	1492	
1454	6.76471	2.95098	1455	1415	1453	1493	
1455	6.76471	3.08824	1456	1416	1454	1494	
1456	6.76471	3.22549	1457	1417	1455	1495	
1457	6.76471	3.36275	1458	1418	1456	1496	
1458	6.76471	3.5	1459	1419	1457	1497	
1459	6.76471	3.63725	1460	1420	1458	1498	
1460	6.76471	3.77451	1461	1421	1459	1499	
1461	6.76471	3.91176	1462	1422	1460	1500	
1462	6.76471	4.04902	1463	1423	1461	1501	
1463	6.76471	4.18627	1464	1424	1462	1502	
1464	6.76471	4.32353	1465	1425	1463	1503	
1465	6.76471	4.46078	1466	1426	1464	1504	
1466	6.76471	4.59804	1467	1427	1465	1505	
1467	6.76471	4.73529	1468	1428	1466	1506	
1468	6.76471	4.87255	1469	1429	1467	1507	
1469	6.76471	5.0098	1470	1430	1468	1508	
1470	6.76471	5.14706	1471	1431	1469	1509	
1471	6.76471	5.28431	1472	1432	1470	1510	
1472	6.76471	5.42157	1433	1471	1510	2162	2163	
1473	6.96078	0.205882	1511	1474	1434	2098	2099	
1474	6.96078	0.343137	1475	1435	1473	1512	
1475	6.96078	0.480392	1476	1436	1474	1513	
1476	6.96078	0.617647	1477	1437	1475	1514	
1477	6.96078	0.754902	1478	1438	1476	1515	
1478	6.96078	0.892157	1479	1439	1477	1516	
1479	6.96078	1.02941	1480	1440	1478	1517	
1480	6.96078	1.16667	1481	1441	1479	1518	
1481	6.96078	1.30392	1482	1442	1480	1519	
1482	6.96078	1.44118	1483	1443	1481	1520	
1483	6.96078	1.57843	1484	1444	1482	1521	
1484	6.96078	1.71569	1485	1445	1483	1522	
1485	6.96078	1.85294	1486	1446	1484	1523	
1486	6.96078	1.9902	1487	1447	1485	1524	
1487	6.96078	2.12745	1488	1448	1486	1525	
1488	6.96078	2.26471	1489	1449	1487	1526	
1489	6.96078	2.40196	1490	1450	1488	1527	
1490	6.96078	2.53922	1491	1451	1489	1528	
1491	6.96078	2.67647	1492	1452	1490	1529	
1492	6.96078	2.81373	1493	1453	1491	1530	
1493	6.96078	2.95098	1494	1454	1492	1531	
1494	6.96078	3.08824	1495	1455	1493	1532	
1495	6.96078	3.22549	1496	1456	1494	1533	
1496	6.96078	3.36275	1497	1457	1495	1534	
1497	6.96078	3.5	1498	1458	1496	1535	
1498	6.96078	3.63725	1499	1459	1497	1536	
1499	6.96078	3.77451	1500	1460	1498	1537	
1500	6.96078	3.91176	1501	1461	1499	1538	
1501	6.96078	4.04902	1502	1462	1500	1539	
1502	6.96078	4.18627	1503	1463	1501	1540	
1503	6.96078	4.32353	1504	1464	1502	1541	
1504	6.96078	4.46078	1505	1465	1503	1542	
1505	6.96078	4.59804	1506	1466	1504	1543	
1506	6.96078	4.73529	1507	1467	1505	1544	
1507	6.96078	4.87255	1508	1468	1506	1545	
1508	6.96078	5.0098	1509	1469	1507	1546	
1509	6.96078	5.14706	1510	1470	1508	1547	
1510	6.96078	5.28431	1472	1471	1509	1548	2161	2162	
1511	7.15686	0.205882	1549	1512	1473	2099	2100	
1512	7.15686	0.343137	1513	1474	1511	1550	
1513	7.15686	0.480392	1514	1475	1512	1551	
1514	7.15686	0.617647	1515	1476	1513	1552	
1515	7.15686	0.754902	1516	1477	1514	1553	
1516	7.15686	0.892157	1517	1478	1515	1554	
1517	7.15686	1.02941	1518	1479	1516	1555	
1518	7.15686	1.16667	1519	1480	1517	1556	
1519	7.15686	1.30392	1520	1481	1518	1557	
1520	7.15686	1.44118	1521	1482	1519	1558	
1521	7.15686	1.57843	1522	1483	1520	1559	
1522	7.15686	1.71569	1523	1484	1521	1560	
1523	7.15686	1.85294	1524	1485	1522	1561	
1524	7.15686	1.9902	1525	1486	1523	1562	
1525	7.15686	2.12745	1526	1487	1524	1563	
1526	7.15686	2.26471	1527	1488	1525	1564	
1527	7.15686	2.40196	1528	1489	1526	1565	
1528	7.15686	2.53922	1529	1490	1527	1566	
1529	7.15686	2.67647	1530	1491	1528	1567	
1530	7.15686	2.81373	1531	1492	1529	1568	
1531	7.15686	2.95098	1532	1493	1530	1569	
1532	7.15686	3.08824	1533	1494	1531	1570	
1533	7.15686	3.22549	1534	1495	1532	1571	
1534	7.15686	3.36275	1535	1496	1533	1572	
1535	7.15686	3.5	1536	1497	1534	1573	
1536	7.15686	3.63725	1537	1498	1535	1574	
1537	7.15686	3.77451	1538	1499	1536	1575	
1538	7.15686	3.91176	1539	1500	1537	1576	
1539	7.15686	4.04902	1540	1501	1538	1577	
1540	7.15686	4.18627	1541	1502	1539	1578	
1541	7.15686	4.32353	1542	1503	1540	1579	
1542	7.15686	4.46078	1543	1504	1541	1580	
1543	7.15686	4.59804	1544	1505	1542	1581	
1544	7.15686	4.73529	1545	1506	1543	1582	
1545	7.15686	4.87255	1546	1507	1544	1583	
1546	7.15686	5.0098	1547	1508	1545	1584	
1547	7.15686	5.14706	1548	1509	1546	1585	
1548	7.15686	5.28431	1510	1547	1586	2160	2161	
1549	7.35294	0.205882	1587	1550	1511	2100	2101	
1550	7.35294	0.343137	1551	1512	1549	1588	
1551	7.35294	0.480392	1552	1513	1550	1589	
1552	7.35294	0.617647	1553	1514	1551	1590	
1553	7.35294	0.754902	1554	1515	1552	1591	
1554	7.35294	0.892157	1555	1516	1553	1592	
1555	7.35294	1.02941	1556	1517	1554	1593	
1556	7.35294	1.16667	1557	1518	1555	1594	
1557	7.35294	1.30392	1558	1519	1556	1595	
1558	7.35294	1.44118	1559	1520	1557	1596	
1559	7.35294	1.57843	1560	1521	1558	1597	
1560	7.35294	1.71569	1561	1522	1559	1598	
1561	7.35294	1.85294	1562	1523	1560	1599	
1562	7.35294	1.9902	1563	1524	1561	1600	
1563	7.35294	2.12745	1564	1525	1562	1601	
1564	7.35294	2.26471	1565	1526	1563	1602	
1565	7.35294	2.40196	1566	1527	1564	1603	
1566	7.35294	2.53922	1567	1528	1565	1604	
1567	7.35294	2.67647	1568	1529	1566	1605	
1568	7.35294	2.81373	1569	1530	1567	1606	
1569	7.35294	2.95098	1570	1531	1568	1607	
1570	7.35294	3.08824	1571	1532	1569	1608	
1571	7.35294	3.22549	1572	1533	1570	1609	
1572	7.35294	3.36275	1573	1534	1571	1610	
1573	7.35294	3.5	1574	1535	1572	1611	
1574	7.35294	3.63725	1575	1536	1573	1612	
1575	7.35294	3.77451	1576	1537	1574	1613	
1576	7.35294	3.91176	1577	1538	1575	1614	
1577	7.35294	4.04902	1578	1539	1576	1615	
1578	7.35294	4.18627	1579	1540	1577	1616	
1579	7.35294	4.32353	1580	1541	1578	1617	
1580	7.35294	4.46078	1581	1542	1579	1618	
1581	7.35294	4.59804	1582	1543	1580	1619	
1582	7.35294	4.73529	1583	1544	1581	1620	
1583	7.35294	4.87255	1584	1545	1582	1621	
1584	7.35294	5.0098	1585	1546	1583	1622	
1585	7.35294	5.14706	1586	1547	1584	1623	
1586	7.35294	5.28431	1548	1585	1623	2159	2160	
1587	7.54902	0.205882	1624	1588	1549	2101	2102	
1588	7.54902	0.343137	1589	1550	1587	1625	
1589	7.54902	0.480392	1590	1551	1588	1626	
1590	7.54902	0.617647	1591	1552	1589	1627	
1591	7.54902	0.754902	1592	1553	1590	1628	
1592	7.54902	0.892157	1593	1554	1591	1629	
1593	7.54902	1.02941	1594	1555	1592	1630	
1594	7.54902	1.16667	1595	1556	1593	1631	
1595	7.54902	1.30392	1596	1557	1594	1632	
1596	7.54902	1.44118	1597	1558	1595	1633	
1597	7.54902	1.57843	1598	1559	1596	1634	
1598	7.54902	1.71569	1599	1560	1597	1635	
1599	7.54902	1.85294	1600	1561	1598	1636	
1600	7.54902	1.9902	1601	1562	1599	1637	
1601	7.54902	2.12745	1602	1563	1600	1638	
1602	7.54902	2.26471	1603	1564	1601	1639	
1603	7.54902	2.40196	1604	1565	1602	1640	
1604	7.54902	2.53922	1605	1566	1603	1641	
1605	7.54902	2.67647	1606	1567	1604	1642	
1606	7.54902	2.81373	1607	1568	1605	1643	
1607	7.54902	2.95098	1608	1569	1606	1644	
1608	7.54902	3.08824	1609	1570	1607	1645	
1609	7.54902	3.22549	1610	1571	1608	1646	
1610	7.54902	3.36275	1611	1572	1609	1647	
1611	7.54902	3.5	1612	1573	1610	1648	
1612	7.54902	3.63725	1613	1574	1611	1649	
1613	7.54902	3.77451	1614	1575	1612	1650	
1614	7.54902	3.91176	1615	1576	1613	1651	
1615	7.54902	4.04902	1616	1577	1614	1652	
1616	7.54902	4.18627	1617	1578	1615	1653	
1617	7.54902	4.32353	1618	1579	1616	1654	
1618	7.54902	4.46078	1619	1580	1617	1655	
1619	7.54902	4.59804	1620	1581	1618	1656	
1620	7.54902	4.73529	1621	1582	1619	1657	
1621	7.54902	4.87255	1622	1583	1620	1658	
1622	7.54902	5.0098	1623	1584	1621	1659	
1623	7.54902	5.14706	1586	1585	1622	1660	2158	2159	
1624	7.7451	0.205882	1661	1625	1587	2102	2103	
1625	7.7451	0.343137	1626	1588	1624	1662	
1626	7.7451	0.480392	1627	1589	1625	1663	
1627	7.7451	0.617647	1628	1590	1626	1664	
1628	7.7451	0.754902	1629	1591	1627	1665	
1629	7.7451	0.892157	1630	1592	1628	1666	
1630	7.7451	1.02941	1631	1593	1629	1667	
1631	7.7451	1.16667	1632	1594	1630	1668	
1632	7.7451	1.30392	1633	1595	1631	1669	
1633	7.7451	1.44118	1634	1596	1632	1670	
1634	7.7451	1.57843	1635	1597	1633	1671	
1635	7.7451	1.71569	1636	1598	1634	1672	
1636	7.7451	1.85294	1637	1599	1635	1673	
1637	7.7451	1.9902	1638	1600	1636	1674	
1638	7.7451	2.12745	1639	1601	1637	1675	
1639	7.7451	2.26471	1640	1602	1638	1676	
1640	7.7451	2.40196	1641	1603	1639	1677	
1641	7.7451	2.53922	1642	1604	1640	1678	
1642	7.7451	2.67647	1643	1605	1641	1679	
1643	7.7451	2.81373	1644	1606	1642	1680	
1644	7.7451	2.95098	1645	1607	1643	1681	
1645	7.7451	3.08824	1646	1608	1644	1682	
1646	7.7451	3.22549	1647	1609	1645	1683	
1647	7.7451	3.36275	1648	1610	1646	1684	
1648	7.7451	3.5	1649	1611	1647	1685	
1649	7.7451	3.63725	1650	1612	1648	1686	
1650	7.7451	3.77451	1651	1613	1649	1687	
1651	7.7451	3.91176	1652	1614	1650	1688	
1652	7.7451	4.04902	1653	1615	1651	1689	
1653	7.7451	4.18627	1654	1616	1652	1690	
1654	7.7451	4.32353	1655	1617	1653	1691	
1655	7.7451	4.46078	1656	1618	1654	1692	
1656	7.7451	4.59804	1657	1619	1655	1693	
1657	7.7451	4.73529	1658	1620	1656	1694	
1658	7.7451	4.87255	1659	1621	1657	1695	
1659	7.7451	5.0098	1660	1622	1658	1696	
1660	7.7451	5.14706	1623	1659	1697	2157	2158	
1661	7.94118	0.205882	1698	1662	1624	2103	2104	
1662	7.94118	0.343137	1663	1625	1661	1699	
1663	7.94118	0.480392	1664	1626	1662	1700	
1664	7.94118	0.617647	1665	1627	1663	1701	
1665	7.94118	0.754902	1666	1628	1664	1702	
1666	7.94118	0.892157	1667	1629	1665	1703	
1667	7.94118	1.02941	1668	1630	1666	1704	
1668	7.94118	1.16667	1669	1631	1667	1705	
1669	7.94118	1.30392	1670	1632	1668	1706	
1670	7.94118	1.44118	1671	1633	1669	1707	
1671	7.94118	1.57843	1672	1634	1670	1708	
1672	7.94118	1.71569	1673	1635	1671	1709	
1673	7.94118	1.85294	1674	1636	1672	1710	
1674	7.94118	1.9902	1675	1637	1673	1711	
1675	7.94118	2.12745	1676	1638	1674	1712	
1676	7.94118	2.26471	1677	1639	1675	1713	
1677	7.94118	2.40196	1678	1640	1676	1714	
1678	7.94118	2.53922	1679	1641	1677	1715	
1679	7.94118	2.67647	1680	1642	1678	1716	
1680	7.94118	2.81373	1681	1643	1679	1717	
1681	7.94118	2.95098	1682	1644	1680	1718	
1682	7.94118	3.08824	1683	1645	1681	1719	
1683	7.94118	3.22549	1684	1646	1682	1720	
1684	7.94118	3.36275	1685	1647	1683	1721	
1685	7.94118	3.5	1686	1648	1684	1722	
1686	7.94118	3.63725	1687	1649	1685	1723	
1687	7.94118	3.77451	1688	1650	1686	1724	
1688	7.94118	3.91176	1689	1651	1687	1725	
1689	7.94118	4.04902	1690	1652	1688	1726	
1690	7.94118	4.18627	1691	1653	1689	1727	
1691	7.94118	4.32353	1692	1654	1690	1728	
1692	7.94118	4.46078	1693	1655	1691	1729	
1693	7.94118	4.59804	1694	1656	1692	1730	
1694	7.94118	4.73529	1695	1657	1693	1731	
1695	7.94118	4.87255	1696	1658	1694	1732	
1696	7.94118	5.0098	1697	1659	1695	1733	
1697	7.94118	5.14706	1660	1696	1734	2156	2157	
1698	8.13725	0.205882	1735	1699	1661	2104	2105	
1699	8.13725	0.343137	1700	1662	1698	1736	
1700	8.13725	0.480392	1701	1663	1699	1737	
1701	8.13725	0.617647	1702	1664	1700	1738	
1702	8.13725	0.754902	1703	1665	1701	1739	
1703	8.13725	0.892157	1704	1666	1702	1740	
1704	8.13725	1.02941	1705	1667	1703	1741	
1705	8.13725	1.16667	1706	1668	1704	1742	
1706	8.13725	1.30392	1707	1669	1705	1743	
1707	8.13725	1.44118	1708	1670	1706	1744	
1708	8.13725	1.57843	1709	1671	1707	1745	
1709	8.13725	1.71569	1710	1672	1708	1746	
1710	8.13725	1.85294	1711	1673	1709	1747	
1711	8.13725	1.9902	1712	1674	1710	1748	
1712	8.13725	2.12745	1713	1675	1711	1749	
1713	8.13725	2.26471	1714	1676	1712	1750	
1714	8.13725	2.40196	1715	1677	1713	1751	
1715	8.13725	2.53922	1716	1678	1714	1752	
1716	8.13725	2.67647	1717	1679	1715	1753	
1717	8.13725	2.81373	1718	1680	1716	1754	
1718	8.13725	2.95098	1719	1681	1717	1755	
1719	8.13725	3.08824	1720	1682	1718	1756	
1720	8.13725	3.22549	1721	1683	1719	1757	
1721	8.13725	3.36275	1722	1684	1720	1758	
1722	8.13725	3.5	1723	1685	1721	1759	
1723	8.13725	3.63725	1724	1686	1722	1760	
1724	8.13725	3.77451	1725	1687	1723	1761	
1725	8.13725	3.91176	1726	1688	1724	1762	
1726	8.13725	4.04902	1727	1689	1725	1763	
1727	8.13725	4.18627	1728	1690	1726	1764	
1728	8.13725	4.32353	1729	1691	1727	1765	
1729	8.13725	4.46078	1730	1692	1728	1766	
1730	8.13725	4.59804	1731	1693	1729	1767	
1731	8.13725	4.73529	1732	1694	1730	1768	
1732	8.13725	4.87255	1733	1695	1731	1769	
1733	8.13725	5.0098	1734	1696	1732	1770	
1734	8.13725	5.14706	1697	1733	1770	2155	2156	
1735	8.33333	0.205882	1771	1736	1698	2105	2106	
1736	8.33333	0.343137	1737	1699	1735	1772	
1737	8.33333	0.480392	1738	1700	1736	1773	
1738	8.33333	0.617647	1739	1701	1737	1774	
1739	8.33333	0.754902	1740	1702	1738	1775	
1740	8.33333	0.892157	1741	1703	1739	1776	
1741	8.33333	1.02941	1742	1704	1740	1777	
1742	8.33333	1.16667	1743	1705	1741	1778	
1743	8.33333	1.30392	1744	1706	1742	1779	
1744	8.33333	1.44118	1745	1707	1743	1780	
1745	8.33333	1.57843	1746	1708	1744	1781	
1746	8.33333	1.71569	1747	1709	1745	1782	
1747	8.33333	1.85294	1748	1710	1746	1783	
1748	8.33333	1.9902	1749	1711	1747	1784	
1749	8.33333	2.12745	1750	1712	1748	1785	
1750	8.33333	2.26471	1751	1713	1749	1786	
1751	8.33333	2.40196	1752	1714	1750	1787	
1752	8.33333	2.53922	1753	1715	1751	1788	
1753	8.33333	2.67647	1754	1716	1752	1789	
1754	8.33333	2.81373	1755	1717	1753	1790	
1755	8.33333	2.95098	1756	1718	1754	1791	
1756	8.33333	3.08824	1757	1719	1755	1792	
1757	8.33333	3.22549	1758	1720	1756	1793	
1758	8.33333	3.36275	1759	1721	1757	1794	
1759	8.33333	3.5	1760	1722	1758	1795	
1760	8.33333	3.63725	1761	1723	1759	1796	
1761	8.33333	3.77451	1762	1724	1760	1797	
1762	8.33333	3.91176	1763	1725	1761	1798	
1763	8.33333	4.04902	1764	1726	1762	1799	
1764	8.33333	4.18627	1765	1727	1763	1800	
1765	8.33333	4.32353	1766	1728	1764	1801	
1766	8.33333	4.46078	1767	1729	1765	1802	
1767	8.33333	4.59804	1768	1730	1766	1803	
1768	8.33333	4.73529	1769	1731	1767	1804	
1769	8.33333	4.87255	1770	1732	1768	1805	
1770	8.33333	5.0098	1734	1733	1769	1806	2154	2155	
1771	8.52941	0.205882	1807	1772	1735	2106	2107	
1772	8.52941	0.343137	1773	1736	1771	1808	
1773	8.52941	0.480392	1774	1737	1772	1809	
1774	8.52941	0.617647	1775	1738	1773	1810	
1775	8.52941	0.754902	1776	1739	1774	1811	
1776	8.52941	0.892157	1777	1740	1775	1812	
1777	8.52941	1.02941	1778	1741	1776	1813	
1778	8.52941	1.16667	1779	1742	1777	1814	
1779	8.52941	1.30392	1780	1743	1778	1815	
1780	8.52941	1.44118	1781	1744	1779	1816	
1781	8.52941	1.57843	1782	1745	1780	1817	
1782	8.52941	1.71569	1783	1746	1781	1818	
1783	8.52941	1.85294	1784	1747	1782	1819	
1784	8.52941	1.9902	1785	1748	1783	1820	
1785	8.52941	2.12745	1786	1749	1784	1821	
1786	8.52941	2.26471	1787	1750	1785	1822	
1787	8.52941	2.40196	1788	1751	1786	1823	
1788	8.52941	2.53922	1789	1752	1787	1824	
1789	8.52941	2.67647	1790	1753	1788	1825	
1790	8.52941	2.81373	1791	1754	1789	1826	
1791	8.52941	2.95098	1792	1755	1790	1827	
1792	8.52941	3.08824	1793	1756	1791	1828	
1793	8.52941	3.22549	1794	1757	1792	1829	
1794	8.52941	3.36275	1795	1758	1793	1830	
1795	8.52941	3.5	1796	1759	1794	1831	
1796	8.52941	3.63725	1797	1760	1795	1832	
1797	8.52941	3.77451	1798	1761	1796	1833	
1798	8.52941	3.91176	1799	1762	1797	1834	
1799	8.52941	4.04902	1800	1763	1798	1835	
1800	8.52941	4.18627	1801	1764	1799	1836	
1801	8.52941	4.32353	1802	1765	1800	1837	
1802	8.52941	4.46078	1803	1766	1801	1838	
1803	8.52941	4.59804	1804	1767	1802	1839	
1804	8.52941	4.73529	1805	1768	1803	1840	
1805	8.52941	4.87255	1806	1769	1804	1841	
1806	8.52941	5.0098	1770	1805	1842	2153	2154	
1807	8.72549	0.205882	1843	1808	1771	2107	2108	
1808	8.72549	0.343137	1809	1772	1807	1844	
1809	8.72549	0.480392	1810	1773	1808	1845	
1810	8.72549	0.617647	1811	1774	1809	1846	
1811	8.72549	0.754902	1812	1775	1810	1847	
1812	8.72549	0.892157	1813	1776	1811	1848	
1813	8.72549	1.02941	1814	1777	1812	1849	
1814	8.72549	1.16667	1815	1778	1813	1850	
1815	8.72549	1.30392	1816	1779	1814	1851	
1816	8.72549	1.44118	1817	1780	1815	1852	
1817	8.72549	1.57843	1818	1781	1816	1853	
1818	8.72549	1.71569	1819	1782	1817	1854	
1819	8.72549	1.85294	1820	1783	1818	1855	
1820	8.72549	1.9902	1821	1784	1819	1856	
1821	8.72549	2.12745	1822	1785	1820	1857	
1822	8.72549	2.26471	1823	1786	1821	1858	
1823	8.72549	2.40196	1824	1787	1822	1859	
1824	8.72549	2.53922	1825	1788	1823	1860	
1825	8.72549	2.67647	1826	1789	1824	1861	
1826	8.72549	2.81373	1827	1790	1825	1862	
1827	8.72549	2.95098	1828	1791	1826	1863	
1828	8.72549	3.08824	1829	1792	1827	1864	
1829	8.72549	3.22549	1830	1793	1828	1865	
1830	8.72549	3.36275	1831	1794	1829	1866	
1831	8.72549	3.5	1832	1795	1830	1867	
1832	8.72549	3.63725	1833	1796	1831	1868	
1833	8.72549	3.77451	1834	1797	1832	1869	
1834	8.72549	3.91176	1835	1798	1833	1870	
1835	8.72549	4.04902	1836	1799	1834	1871	
1836	8.72549	4.18627	1837	1800	1835	1872	
1837	8.72549	4.32353	1838	1801	1836	1873	
1838	8.72549	4.46078	1839	1802	1837	1874	
1839	8.72549	4.59804	1840	1803	1838	1875	
1840	8.72549	4.73529	1841	1804	1839	1876	
1841	8.72549	4.87255	1842	1805	1840	1877	
1842	8.72549	5.0098	1806	1841	1877	2152	2153	
1843	8.92157	0.205882	1878	1844	1807	2108	2109	
1844	8.92157	0.343137	1845	1808	1843	1879	
1845	8.92157	0.480392	1846	1809	1844	1880	
1846	8.92157	0.617647	1847	1810	1845	1881	
1847	8.92157	0.754902	1848	1811	1846	1882	
1848	8.92157	0.892157	1849	1812	1847	1883	
1849	8.92157	1.02941	1850	1813	1848	1884	
1850	8.92157	1.16667	1851	1814	1849	1885	
1851	8.92157	1.30392	1852	1815	1850	1886	
1852	8.92157	1.44118	1853	1816	1851	1887	
1853	8.92157	1.57843	1854	1817	1852	1888	
1854	8.92157	1.71569	1855	1818	1853	1889	
1855	8.92157	1.85294	1856	1819	1854	1890	
1856	8.92157	1.9902	1857	1820	1855	1891	
1857	8.92157	2.12745	1858	1821	1856	1892	
1858	8.92157	2.26471	1859	1822	1857	1893	
1859	8.92157	2.40196	1860	1823	1858	1894	
1860	8.92157	2.53922	1861	1824	1859	1895	
1861	8.92157	2.67647	1862	1825	1860	1896	
1862	8.92157	2.81373	1863	1826	1861	1897	
1863	8.92157	2.95098	1864	1827	1862	1898	
1864	8.92157	3.08824	1865	1828	1863	1899	
1865	8.92157	3.22549	1866	1829	1864	1900	
1866	8.92157	3.36275	1867	1830	1865	1901	
1867	8.92157	3.5	1868	1831	1866	1902	
1868	8.92157	3.63725	1869	1832	1867	1903	
1869	8.92157	3.77451	1870	1833	1868	1904	
1870	8.92157	3.91176	1871	1834	1869	1905	
1871	8.92157	4.04902	1872	1835	1870	1906	
1872	8.92157	4.18627	1873	1836	1871	1907	
1873	8.92157	4.32353	1874	1837	1872	1908	
1874	8.92157	4.46078	1875	1838	1873	1909	
1875	8.92157	4.59804	1876	1839	1874	1910	
1876	8.92157	4.73529	1877	1840	1875	1911	
1877	8.92157	4.87255	1842	1841	1876	1912	2151	2152	
1878	9.11765	0.205882	1913	1879	1843	2109	2110	
1879	9.11765	0.343137	1880	1844	1878	1914	
1880	9.11765	0.480392	1881	1845	1879	1915	
1881	9.11765	0.617647	1882	1846	1880	1916	
1882	9.11765	0.754902	1883	1847	1881	1917	
1883	9.11765	0.892157	1884	1848	1882	1918	
1884	9.11765	1.02941	1885	1849	1883	1919	
1885	9.11765	1.16667	1886	1850	1884	1920	
1886	9.11765	1.30392	1887	1851	1885	1921	
1887	9.11765	1.44118	1888	1852	1886	1922	
1888	9.11765	1.57843	1889	1853	1887	1923	
1889	9.11765	1.71569	1890	1854	1888	1924	
1890	9.11765	1.85294	1891	1855	1889	1925	
1891	9.11765	1.9902	1892	1856	1890	1926	
1892	9.11765	2.12745	1893	1857	1891	1927	
1893	9.11765	2.26471	1894	1858	1892	1928	
1894	9.11765	2.40196	1895	1859	1893	1929	
1895	9.11765	2.53922	1896	1860	1894	1930	
1896	9.11765	2.67647	1897	1861	1895	1931	
1897	9.11765	2.81373	1898	1862	1896	1932	
1898	9.11765	2.95098	1899	1863	1897	1933	
1899	9.11765	3.08824	1900	1864	1898	1934	
1900	9.11765	3.22549	1901	1865	1899	1935	
1901	9.11765	3.36275	1902	1866	1900	1936	
1902	9.11765	3.5	1903	1867	1901	1937	
1903	9.11765	3.63725	1904	1868	1902	1938	
1904	9.11765	3.77451	1905	1869	1903	1939	
1905	9.11765	3.91176	1906	1870	1904	1940	
1906	9.11765	4.04902	1907	1871	1905	1941	
1907	9.11765	4.18627	1908	1872	1906	1942	
1908	9.11765	4.32353	1909	1873	1907	1943	
1909	9.11765	4.46078	1910	1874	1908	1944	
1910	9.11765	4.59804	1911	1875	1909	1945	
1911	9.11765	4.73529	1912	1876	1910	1946	
1912	9.11765	4.87255	1877	1911	1947	2150	2151	
1913	9.31373	0.205882	1948	1914	1878	2110	2111	
1914	9.31373	0.343137	1915	1879	1913	1949	
1915	9.31373	0.480392	1916	1880	1914	1950	
1916	9.31373	0.617647	1917	1881	1915	1951	
1917	9.31373	0.754902	1918	1882	1916	1952	
1918	9.31373	0.892157	1919	1883	1917	1953	
1919	9.31373	1.02941	1920	1884	1918	1954	
1920	9.31373	1.16667	1921	1885	1919	1955	
1921	9.31373	1.30392	1922	1886	1920	1956	
1922	9.31373	1.44118	1923	1887	1921	1957	
1923	9.31373	1.57843	1924	1888	1922	1958	
1924	9.31373	1.71569	1925	1889	1923	1959	
1925	9.31373	1.85294	1926	1890	1924	1960	
1926	9.31373	1.9902	1927	1891	1925	1961	
1927	9.31373	2.12745	1928	1892	1926	1962	
1928	9.31373	2.26471	1929	1893	1927	1963	
1929	9.31373	2.40196	1930	1894	1928	1964	
1930	9.31373	2.53922	1931	1895	1929	1965	
1931	9.31373	2.67647	1932	1896	1930	1966	
1932	9.31373	2.81373	1933	1897	1931	1967	
1933	9.31373	2.95098	1934	1898	1932	1968	
1934	9.31373	3.08824	1935	1899	1933	1969	
1935	9.31373	3.22549	1936	1900	1934	1970	
1936	9.31373	3.36275	1937	1901	1935	1971	
1937	9.31373	3.5	1938	1902	1936	1972	
1938	9.31373	3.63725	1939	1903	1937	1973	
1939	9.31373	3.77451	1940	1904	1938	1974	
1940	9.31373	3.91176	1941	1905	1939	1975	
1941	9.31373	4.04902	1942	1906	1940	1976	
1942	9.31373	4.18627	1943	1907	1941	1977	
1943	9.31373	4.32353	1944	1908	1942	1978	
1944	9.31373	4.46078	1945	1909	1943	1979	
1945	9.31373	4.59804	1946	1910	1944	1980	
1946	9.31373	4.73529	1947	1911	1945	1981	
1947	9.31373	4.87255	1912	1946	1982	2149	2150	
1948	9.5098	0.205882	1983	1949	1913	2111	2112	
1949	9.5098	0.343137	1950	1914	1948	1984	
1950	9.5098	0.480392	1951	1915	1949	1985	
1951	9.5098	0.617647	1952	1916	1950	1986	
1952	9.5098	0.754902	1953	1917	1951	1987	
1953	9.5098	0.892157	1954	1918	1952	1988	
1954	9.5098	1.02941	1955	1919	1953	1989	
1955	9.5098	1.16667	1956	1920	1954	1990	
1956	9.5098	1.30392	1957	1921	1955	1991	
1957	9.5098	1.44118	1958	1922	1956	1992	
1958	9.5098	1.57843	1959	1923	1957	1993	
1959	9.5098	1.71569	1960	1924	1958	1994	
1960	9.5098	1.85294	1961	1925	1959	1995	
1961	9.5098	1.9902	1962	1926	1960	1996	
1962	9.5098	2.12745	1963	1927	1961	1997	
1963	9.5098	2.26471	1964	1928	1962	1998	
1964	9.5098	2.40196	1965	1929	1963	1999	
1965	9.5098	2.53922	1966	1930	1964	2000	
1966	9.5098	2.67647	1967	1931	1965	2001	
1967	9.5098	2.81373	1968	1932	1966	2002	
1968	9.5098	2.95098	1969	1933	1967	2003	
1969	9.5098	3.08824	1970	1934	1968	2004	
1970	9.5098	3.22549	1971	1935	1969	2005	
1971	9.5098	3.36275	1972	1936	1970	2006	
1972	9.5098	3.5	1973	1937	1971	2007	
1973	9.5098	3.63725	1974	1938	1972	2008	
1974	9.5098	3.77451	1975	1939	1973	2009	
1975	9.5098	3.91176	1976	1940	1974	2010	
1976	9.5098	4.04902	1977	1941	1975	2011	
1977	9.5098	4.18627	1978	1942	1976	2012	
1978	9.5098	4.32353	1979	1943	1977	2013	
1979	9.5098	4.46078	1980	1944	1978	2014	
1980	9.5098	4.59804	1981	1945	1979	2015	
1981	9.5098	4.73529	1982	1946	1980	2016	
1982	9.5098	4.87255	1947	1981	2016	2148	2149	
1983	9.70588	0.205882	1984	1948	2112	2114	
1984	9.70588	0.343137	1985	1949	1983	2114	2115	
1985	9.70588	0.480392	1986	1950	1984	2115	2116	
1986	9.70588	0.617647	1987	1951	1985	2116	2117	
1987	9.70588	0.754902	1988	1952	1986	2117	2118	
1988	9.70588	0.892157	1989	1953	1987	2118	2119	
1989	9.70588	1.02941	1990	1954	1988	2119	2120	
1990	9.70588	1.16667	1991	1955	1989	2120	2121	
1991	9.70588	1.30392	1992	1956	1990	2121	2122	
1992	9.70588	1.44118	1993	1957	1991	2122	2123	
1993	9.70588	1.57843	1994	1958	1992	2123	2124	
1994	9.70588	1.71569	1995	1959	1993	2124	2125	
1995	9.70588	1.85294	1996	1960	1994	2125	2126	
1996	9.70588	1.9902	1997	1961	1995	2126	2127	
1997	9.70588	2.12745	1998	1962	1996	2127	2128	
1998	9.70588	2.26471	1999	1963	1997	2128	2129	
1999	9.70588	2.40196	2000	1964	1998	2129	2130	
2000	9.70588	2.53922	2001	1965	1999	2130	2131	
2001	9.70588	2.67647	2002	1966	2000	2131	2132	
2002	9.70588	2.81373	2003	1967	2001	2132	2133	
2003	9.70588	2.95098	2004	1968	2002	2133	2134	
2004	9.70588	3.08824	2005	1969	2003	2134	2135	
2005	9.70588	3.22549	2006	1970	2004	2135	2136	
2006	9.70588	3.36275	2007	1971	2005	2136	2137	
2007	9.70588	3.5	2008	1972	2006	2137	
2008	9.70588	3.63725	2009	1973	2007	2137	2138	
2009	9.70588	3.77451	2010	1974	2008	2138	2139	
2010	9.70588	3.91176	2011	1975	2009	2139	2140	
2011	9.70588	4.04902	2012	1976	2010	2140	2141	
2012	9.70588	4.18627	2013	1977	2011	2141	2142	
2013	9.70588	4.32353	2014	1978	2012	2142	2143	
2014	9.70588	4.46078	2015	1979	2013	2143	2144	
2015	9.70588	4.59804	2016	1980	2014	2144	2145	
2016	9.70588	4.73529	1982	1981	2015	2145	2146	2147	2148	
2017	0.07	6.65	2018	47	48	2195	2196	
2018	0.07	6.51	46	47	2017	2019	
2019	0.07	6.37	45	46	2018	2020	
2020	0.07	6.23	44	45	2019	2021	
2021	0.07	6.09	43	44	2020	2022	
2022	0.07	5.95	42	43	2021	2023	
2023	0.07	5.81	41	42	2022	2024	
2024	0.07	5.67	40	41	2023	2025	
2025	0.07	5.53	39	40	2024	2026	
2026	0.07	5.39	38	39	2025	2027	
2027	0.07	5.25	37	38	2026	2028	
2028	0.07	5.11	36	37	2027	2029	
2029	0.07	4.97	35	36	2028	2030	
2030	0.07	4.83	34	35	2029	2031	
2031	0.07	4.69	33	34	2030	2032	
2032	0.07	4.55	32	33	2031	2033	
2033	0.07	4.41	31	32	2032	2034	
2034	0.07	4.27	30	31	2033	2035	
2035	0.07	4.13	29	30	2034	2036	
2036	0.07	3.99	28	29	2035	2037	
2037	0.07	3.85	27	28	2036	2038	
2038	0.07	3.71	26	27	2037	2039	
2039	0.07	3.57	25	26	2038	2040	
2040	0.07	3.43	24	25	2039	2041	
2041	0.07	3.29	23	24	2040	2042	
2042	0.07	3.15	22	23	2041	2043	
2043	0.07	3.01	21	22	2042	2044	
2044	0.07	2.87	20	21	2043	2045	
2045	0.07	2.73	19	20	2044	2046	
2046	0.07	2.59	18	19	2045	2047	
2047	0.07	2.45	17	18	2046	2048	
2048	0.07	2.31	16	17	2047	2049	
2049	0.07	2.17	15	16	2048	2050	
2050	0.07	2.03	14	15	2049	2051	
2051	0.07	1.89	13	14	2050	2052	
2052	0.07	1.75	12	13	2051	2053	
2053	0.07	1.61	11	12	2052	2054	
2054	0.07	1.47	10	11	2053	2055	
2055	0.07	1.33	9	10	2054	2056	
2056	0.07	1.19	8	9	2055	2057	
2057	0.07	1.05	7	8	2056	2058	
2058	0.07	0.91	6	7	2057	2059	
2059	0.07	0.77	5	6	2058	2060	
2060	0.07	0.63	4	5	2059	2061	
2061	0.07	0.49	3	4	2060	2062	
2062	0.07	0.35	3	2061	2063	2	
2063	0.07	0.21	2	2062	2064	1	
2064	0.1	0.1	1	2063	2065	
2065	0.3	0.1	49	1	2064	2066	
2066	0.5	0.1	97	49	2065	2067	
2067	0.7	0.1	144	97	2066	2068	
2068	0.9	0.1	191	144	2067	2069	
2069	1.1	0.1	238	191	2068	2070	
2070	1.3	0.1	285	238	2069	2071	
2071	1.5	0.1	331	285	2070	2072	
2072	1.7	0.1	377	331	2071	2073	
2073	1.9	0.1	423	377	2072	2074	
2074	2.1	0.1	468	423	2073	2075	
2075	2.3	0.1	513	468	2074	2076	
2076	2.5	0.1	558	513	2075	2077	
2077	2.7	0.1	603	558	2076	2078	
2078	2.9	0.1	647	603	2077	2079	
2079	3.1	0.1	691	647	2078	2080	
2080	3.3	0.1	735	691	2079	2081	
2081	3.5	0.1	778	735	2080	2082	
2082	3.7	0.1	821	778	2081	2083	
2083	3.9	0.1	864	821	2082	2084	
2084	4.1	0.1	907	864	2083	2085	
2085	4.3	0.1	949	907	2084	2086	
2086	4.5	0.1	991	949	2085	2087	
2087	4.7	0.1	1033	991	2086	2088	
2088	4.9	0.1	1074	1033	2087	2089	
2089	5.1	0.1	1115	1074	2088	2090	
2090	5.3	0.1	1156	1115	2089	2091	
2091	5.5	0.1	1197	1156	2090	2092	
2092	5.7	0.1	1237	1197	2091	2093	
2093	5.9	0.1	1277	1237	2092	2094	
2094	6.1	0.1	1317	1277	2093	2095	
2095	6.3	0.1	1356	1317	2094	2096	
2096	6.5	0.1	1395	1356	2095	2097	
2097	6.7	0.1	1434	1395	2096	2098	
2098	6.9	0.1	1473	1434	2097	2099	
2099	7.1	0.1	1511	1473	2098	2100	
2100	7.3	0.1	1549	1511	2099	2101	
2101	7.5	0.1	1587	1549	2100	2102	
2102	7.7	0.1	1624	1587	2101	2103	
2103	7.9	0.1	1661	1624	2102	2104	
2104	8.1	0.1	1698	1661	2103	2105	
2105	8.3	0.1	1735	1698	2104	2106	
2106	8.5	0.1	1771	1735	2105	2107	
2107	8.7	0.1	1807	1771	2106	2108	
2108	8.9	0.1	1843	1807	2107	2109	
2109	9.1	0.1	1878	1843	2108	2110	
2110	9.3	0.1	1913	1878	2109	2111	
2111	9.5	0.1	1948	1913	2110	2112	
2112	9.7	0.1	1983	1948	2111	2113	2114	
2113	9.92857	0.0714286	2112	2114	
2114	9.92857	0.214286	1984	1983	2112	2113	2115	
2115	9.92857	0.357143	1985	1984	2114	2116	
2116	9.92857	0.5	1986	1985	2115	2117	
2117	9.92857	0.642857	1987	1986	2116	2118	
2118	9.92857	0.785714	1988	1987	2117	2119	
2119	9.92857	0.928571	1989	1988	2118	2120	
2120	9.92857	1.07143	1990	1989	2119	2121	
2121	9.92857	1.21429	1991	1990	2120	2122	
2122	9.92857	1.35714	1992	1991	2121	2123	
2123	9.92857	1.5	1993	1992	2122	2124	
2124	9.92857	1.64286	1994	1993	2123	2125	
2125	9.92857	1.78571	1995	1994	2124	2126	
2126	9.92857	1.92857	1996	1995	2125	2127	
2127	9.92857	2.07143	1997	1996	2126	2128	
2128	9.92857	2.21429	1998	1997	2127	2129	
2129	9.92857	2.35714	1999	1998	2128	2130	
2130	9.92857	2.5	2000	1999	2129	2131	
2131	9.92857	2.64286	2001	2000	2130	2132	
2132	9.92857	2.78571	2002	2001	2131	2133	
2133	9.92857	2.92857	2003	2002	2132	2134	
2134	9.92857	3.07143	2004	2003	2133	2135	
2135	9.92857	3.21429	2005	2004	2134	2136	
2136	9.92857	3.35714	2006	2005	2135	2137	
2137	9.92857	3.5	2008	2007	2006	2136	2138	
2138	9.92857	3.64286	2009	2008	2137	2139	
2139	9.92857	3.78571	2010	2009	2138	2140	
2140	9.92857	3.92857	2011	2010	2139	2141	
2141	9.92857	4.07143	2012	2011	2140	2142	
2142	9.92857	4.21429	2013	2012	2141	2143	
2143	9.92857	4.35714	2014	2013	2142	2144	
2144	9.92857	4.5	2015	2014	2143	2145	
2145	9.92857	4.64286	2015	2144	2146	2016	
2146	9.92857	4.78571	2016	2145	2147	
2147	9.88	4.92	2016	2146	2148	
2148	9.68	4.96	1982	2016	2147	2149	
2149	9.48	5	1947	1982	2148	2150	
2150	9.28	5.04	1912	1947	2149	2151	
2151	9.08	5.08	1877	1912	2150	2152	
2152	8.88	5.12	1842	1877	2151	2153	
2153	8.68	5.16	1806	1842	2152	2154	
2154	8.48	5.2	1770	1806	2153	2155	
2155	8.28	5.24	1734	1770	2154	2156	
2156	8.08	5.28	1697	1734	2155	2157	
2157	7.88	5.32	1660	1697	2156	2158	
2158	7.68	5.36	1623	1660	2157	2159	
2159	7.48	5.4	1586	1623	2158	2160	
2160	7.28	5.44	1548	1586	2159	2161	
2161	7.08	5.48	1510	1548	2160	2162	
2162	6.88	5.52	1472	1510	2161	2163	
2163	6.68	5.56	1433	1472	2162	2164	
2164	6.48	5.6	1394	1433	2163	2165	
2165	6.28	5.64	1355	1394	2164	2166	
2166	6.08	5.68	1316	1355	2165	2167	
2167	5.88	5.72	1276	1316	2166	2168	
2168	5.68	5.76	1236	1276	2167	2169	
2169	5.48	5.8	1196	1236	2168	2170	
2170	5.28	5.84	1155	1196	2169	2171	
2171	5.08	5.88	1114	1155	2170	2172	
2172	4.88	5.92	1073	1114	2171	2173	
2173	4.68	5.96	1032	1073	2172	2174	
2174	4.48	6	990	1032	2173	2175	
2175	4.28	6.04	906	948	990	2174	2176	
2176	4.08	6.08	906	2175	2177	
2177	3.88	6.12	863	906	2176	2178	
2178	3.68	6.16	820	863	2177	2179	
2179	3.48	6.2	734	777	820	2178	2180	
2180	3.28	6.24	734	2179	2181	
2181	3.08	6.28	690	734	2180	2182	
2182	2.88	6.32	602	646	690	2181	2183	
2183	2.68	6.36	602	2182	2184	
2184	2.48	6.4	557	602	2183	2185	
2185	2.28	6.44	512	557	2184	2186	
2186	2.08	6.48	422	467	512	2185	2187	
2187	1.88	6.52	422	2186	2188	
2188	1.68	6.56	330	376	422	2187	2189	
2189	1.48	6.6	284	330	2188	2190	
2190	1.28	6.64	237	284	2189	2191	
2191	1.08	6.68	190	237	2190	2192	
2192	0.88	6.72	143	190	2191	2193	
2193	0.68	6.76	96	143	2192	2194	
2194	0.48	6.8	48	96	2193	2195	
2195	0.28	6.84	2017	48	2194	2196	
2196	0.08	6.88	2017	2195	
