# R2D2 grid information
0	0.2941176471	0.2058823529	0
1	0.2941176471	0.3431372549	0
2	0.2941176471	0.4803921569	0
3	0.2941176471	0.6176470588	0
4	0.2941176471	0.7549019608	0
5	0.2941176471	0.8921568627	0
6	0.2941176471	1.029411765	0
7	0.2941176471	1.166666667	0
8	0.2941176471	1.303921569	0
9	0.2941176471	1.441176471	0
10	0.2941176471	1.578431373	0
11	0.2941176471	1.715686275	0
12	0.2941176471	1.852941176	0
13	0.2941176471	1.990196078	0
14	0.2941176471	2.12745098	0
15	0.2941176471	2.264705882	0
16	0.2941176471	2.401960784	0
17	0.2941176471	2.539215686	0
18	0.2941176471	2.676470588	0
19	0.2941176471	2.81372549	0
20	0.2941176471	2.950980392	0
21	0.2941176471	3.088235294	0
22	0.2941176471	3.225490196	0
23	0.2941176471	3.362745098	0
24	0.2941176471	3.5	0
25	0.2941176471	3.637254902	0
26	0.2941176471	3.774509804	0
27	0.2941176471	3.911764706	0
28	0.2941176471	4.049019608	0
29	0.2941176471	4.18627451	0
30	0.2941176471	4.323529412	0
31	0.2941176471	4.460784314	0
32	0.2941176471	4.598039216	0
33	0.2941176471	4.735294118	0
34	0.2941176471	4.87254902	0
35	0.2941176471	5.009803922	0
36	0.2941176471	5.147058824	0
37	0.2941176471	5.284313725	0
38	0.2941176471	5.421568627	0
39	0.2941176471	5.558823529	0
40	0.2941176471	5.696078431	0
41	0.2941176471	5.833333333	0
42	0.2941176471	5.970588235	0
43	0.2941176471	6.107843137	0
44	0.2941176471	6.245098039	0
45	0.2941176471	6.382352941	0
46	0.2941176471	6.519607843	0
47	0.2941176471	6.656862745	0
48	0.4901960784	0.2058823529	0
49	0.4901960784	0.3431372549	0
50	0.4901960784	0.4803921569	0
51	0.4901960784	0.6176470588	0
52	0.4901960784	0.7549019608	0
53	0.4901960784	0.8921568627	0
54	0.4901960784	1.029411765	0
55	0.4901960784	1.166666667	0
56	0.4901960784	1.303921569	0
57	0.4901960784	1.441176471	0
58	0.4901960784	1.578431373	0
59	0.4901960784	1.715686275	0
60	0.4901960784	1.852941176	0
61	0.4901960784	1.990196078	0
62	0.4901960784	2.12745098	0
63	0.4901960784	2.264705882	0
64	0.4901960784	2.401960784	0
65	0.4901960784	2.539215686	0
66	0.4901960784	2.676470588	0
67	0.4901960784	2.81372549	0
68	0.4901960784	2.950980392	0
69	0.4901960784	3.088235294	0
70	0.4901960784	3.225490196	0
71	0.4901960784	3.362745098	0
72	0.4901960784	3.5	0
73	0.4901960784	3.637254902	0
74	0.4901960784	3.774509804	0
75	0.4901960784	3.911764706	0
76	0.4901960784	4.049019608	0
77	0.4901960784	4.18627451	0
78	0.4901960784	4.323529412	0
79	0.4901960784	4.460784314	0
80	0.4901960784	4.598039216	0
81	0.4901960784	4.735294118	0
82	0.4901960784	4.87254902	0
83	0.4901960784	5.009803922	0
84	0.4901960784	5.147058824	0
85	0.4901960784	5.284313725	0
86	0.4901960784	5.421568627	0
87	0.4901960784	5.558823529	0
88	0.4901960784	5.696078431	0
89	0.4901960784	5.833333333	0
90	0.4901960784	5.970588235	0
91	0.4901960784	6.107843137	0
92	0.4901960784	6.245098039	0
93	0.4901960784	6.382352941	0
94	0.4901960784	6.519607843	0
95	0.4901960784	6.656862745	0
96	0.6862745098	0.2058823529	0
97	0.6862745098	0.3431372549	0
98	0.6862745098	0.4803921569	0
99	0.6862745098	0.6176470588	0
100	0.6862745098	0.7549019608	0
101	0.6862745098	0.8921568627	0
102	0.6862745098	1.029411765	0
103	0.6862745098	1.166666667	0
104	0.6862745098	1.303921569	0
105	0.6862745098	1.441176471	0
106	0.6862745098	1.578431373	0
107	0.6862745098	1.715686275	0
108	0.6862745098	1.852941176	0
109	0.6862745098	1.990196078	0
110	0.6862745098	2.12745098	0
111	0.6862745098	2.264705882	0
112	0.6862745098	2.401960784	0
113	0.6862745098	2.539215686	0
114	0.6862745098	2.676470588	0
115	0.6862745098	2.81372549	0
116	0.6862745098	2.950980392	0
117	0.6862745098	3.088235294	0
118	0.6862745098	3.225490196	0
119	0.6862745098	3.362745098	0
120	0.6862745098	3.5	0
121	0.6862745098	3.637254902	0
122	0.6862745098	3.774509804	0
123	0.6862745098	3.911764706	0
124	0.6862745098	4.049019608	0
125	0.6862745098	4.18627451	0
126	0.6862745098	4.323529412	0
127	0.6862745098	4.460784314	0
128	0.6862745098	4.598039216	0
129	0.6862745098	4.735294118	0
130	0.6862745098	4.87254902	0
131	0.6862745098	5.009803922	0
132	0.6862745098	5.147058824	0
133	0.6862745098	5.284313725	0
134	0.6862745098	5.421568627	0
135	0.6862745098	5.558823529	0
136	0.6862745098	5.696078431	0
137	0.6862745098	5.833333333	0
138	0.6862745098	5.970588235	0
139	0.6862745098	6.107843137	0
140	0.6862745098	6.245098039	0
141	0.6862745098	6.382352941	0
142	0.6862745098	6.519607843	0
143	0.8823529412	0.2058823529	0
144	0.8823529412	0.3431372549	0
145	0.8823529412	0.4803921569	0
146	0.8823529412	0.6176470588	0
147	0.8823529412	0.7549019608	0
148	0.8823529412	0.8921568627	0
149	0.8823529412	1.029411765	0
150	0.8823529412	1.166666667	0
151	0.8823529412	1.303921569	0
152	0.8823529412	1.441176471	0
153	0.8823529412	1.578431373	0
154	0.8823529412	1.715686275	0
155	0.8823529412	1.852941176	0
156	0.8823529412	1.990196078	0
157	0.8823529412	2.12745098	0
158	0.8823529412	2.264705882	0
159	0.8823529412	2.401960784	0
160	0.8823529412	2.539215686	0
161	0.8823529412	2.676470588	0
162	0.8823529412	2.81372549	0
163	0.8823529412	2.950980392	0
164	0.8823529412	3.088235294	0
165	0.8823529412	3.225490196	0
166	0.8823529412	3.362745098	0
167	0.8823529412	3.5	0
168	0.8823529412	3.637254902	0
169	0.8823529412	3.774509804	0
170	0.8823529412	3.911764706	0
171	0.8823529412	4.049019608	0
172	0.8823529412	4.18627451	0
173	0.8823529412	4.323529412	0
174	0.8823529412	4.460784314	0
175	0.8823529412	4.598039216	0
176	0.8823529412	4.735294118	0
177	0.8823529412	4.87254902	0
178	0.8823529412	5.009803922	0
179	0.8823529412	5.147058824	0
180	0.8823529412	5.284313725	0
181	0.8823529412	5.421568627	0
182	0.8823529412	5.558823529	0
183	0.8823529412	5.696078431	0
184	0.8823529412	5.833333333	0
185	0.8823529412	5.970588235	0
186	0.8823529412	6.107843137	0
187	0.8823529412	6.245098039	0
188	0.8823529412	6.382352941	0
189	0.8823529412	6.519607843	0
190	1.078431373	0.2058823529	0
191	1.078431373	0.3431372549	0
192	1.078431373	0.4803921569	0
193	1.078431373	0.6176470588	0
194	1.078431373	0.7549019608	0
195	1.078431373	0.8921568627	0
196	1.078431373	1.029411765	0
197	1.078431373	1.166666667	0
198	1.078431373	1.303921569	0
199	1.078431373	1.441176471	0
200	1.078431373	1.578431373	0
201	1.078431373	1.715686275	0
202	1.078431373	1.852941176	0
203	1.078431373	1.990196078	0
204	1.078431373	2.12745098	0
205	1.078431373	2.264705882	0
206	1.078431373	2.401960784	0
207	1.078431373	2.539215686	0
208	1.078431373	2.676470588	0
209	1.078431373	2.81372549	0
210	1.078431373	2.950980392	0
211	1.078431373	3.088235294	0
212	1.078431373	3.225490196	0
213	1.078431373	3.362745098	0
214	1.078431373	3.5	0
215	1.078431373	3.637254902	0
216	1.078431373	3.774509804	0
217	1.078431373	3.911764706	0
218	1.078431373	4.049019608	0
219	1.078431373	4.18627451	0
220	1.078431373	4.323529412	0
221	1.078431373	4.460784314	0
222	1.078431373	4.598039216	0
223	1.078431373	4.735294118	0
224	1.078431373	4.87254902	0
225	1.078431373	5.009803922	0
226	1.078431373	5.147058824	0
227	1.078431373	5.284313725	0
228	1.078431373	5.421568627	0
229	1.078431373	5.558823529	0
230	1.078431373	5.696078431	0
231	1.078431373	5.833333333	0
232	1.078431373	5.970588235	0
233	1.078431373	6.107843137	0
234	1.078431373	6.245098039	0
235	1.078431373	6.382352941	0
236	1.078431373	6.519607843	0
237	1.274509804	0.2058823529	0
238	1.274509804	0.3431372549	0
239	1.274509804	0.4803921569	0
240	1.274509804	0.6176470588	0
241	1.274509804	0.7549019608	0
242	1.274509804	0.8921568627	0
243	1.274509804	1.029411765	0
244	1.274509804	1.166666667	0
245	1.274509804	1.303921569	0
246	1.274509804	1.441176471	0
247	1.274509804	1.578431373	0
248	1.274509804	1.715686275	0
249	1.274509804	1.852941176	0
250	1.274509804	1.990196078	0
251	1.274509804	2.12745098	0
252	1.274509804	2.264705882	0
253	1.274509804	2.401960784	0
254	1.274509804	2.539215686	0
255	1.274509804	2.676470588	0
256	1.274509804	2.81372549	0
257	1.274509804	2.950980392	0
258	1.274509804	3.088235294	0
259	1.274509804	3.225490196	0
260	1.274509804	3.362745098	0
261	1.274509804	3.5	0
262	1.274509804	3.637254902	0
263	1.274509804	3.774509804	0
264	1.274509804	3.911764706	0
265	1.274509804	4.049019608	0
266	1.274509804	4.18627451	0
267	1.274509804	4.323529412	0
268	1.274509804	4.460784314	0
269	1.274509804	4.598039216	0
270	1.274509804	4.735294118	0
271	1.274509804	4.87254902	0
272	1.274509804	5.009803922	0
273	1.274509804	5.147058824	0
274	1.274509804	5.284313725	0
275	1.274509804	5.421568627	0
276	1.274509804	5.558823529	0
277	1.274509804	5.696078431	0
278	1.274509804	5.833333333	0
279	1.274509804	5.970588235	0
280	1.274509804	6.107843137	0
281	1.274509804	6.245098039	0
282	1.274509804	6.382352941	0
283	1.274509804	6.519607843	0
284	1.470588235	0.2058823529	0
285	1.470588235	0.3431372549	0
286	1.470588235	0.4803921569	0
287	1.470588235	0.6176470588	0
288	1.470588235	0.7549019608	0
289	1.470588235	0.8921568627	0
290	1.470588235	1.029411765	0
291	1.470588235	1.166666667	0
292	1.470588235	1.303921569	0
293	1.470588235	1.441176471	0
294	1.470588235	1.578431373	0
295	1.470588235	1.715686275	0
296	1.470588235	1.852941176	0
297	1.470588235	1.990196078	0
298	1.470588235	2.12745098	0
299	1.470588235	2.264705882	0
300	1.470588235	2.401960784	0
301	1.470588235	2.539215686	0
302	1.470588235	2.676470588	0
303	1.470588235	2.81372549	0
304	1.470588235	2.950980392	0
305	1.470588235	3.088235294	0
306	1.470588235	3.225490196	0
307	1.470588235	3.362745098	0
308	1.470588235	3.5	0
309	1.470588235	3.637254902	0
310	1.470588235	3.774509804	0
311	1.470588235	3.911764706	0
312	1.470588235	4.049019608	0
313	1.470588235	4.18627451	0
314	1.470588235	4.323529412	0
315	1.470588235	4.460784314	0
316	1.470588235	4.598039216	0
317	1.470588235	4.735294118	0
318	1.470588235	4.87254902	0
319	1.470588235	5.009803922	0
320	1.470588235	5.147058824	0
321	1.470588235	5.284313725	0
322	1.470588235	5.421568627	0
323	1.470588235	5.558823529	0
324	1.470588235	5.696078431	0
325	1.470588235	5.833333333	0
326	1.470588235	5.970588235	0
327	1.470588235	6.107843137	0
328	1.470588235	6.245098039	0
329	1.470588235	6.382352941	0
330	1.666666667	0.2058823529	0
331	1.666666667	0.3431372549	0
332	1.666666667	0.4803921569	0
333	1.666666667	0.6176470588	0
334	1.666666667	0.7549019608	0
335	1.666666667	0.8921568627	0
336	1.666666667	1.029411765	0
337	1.666666667	1.166666667	0
338	1.666666667	1.303921569	0
339	1.666666667	1.441176471	0
340	1.666666667	1.578431373	0
341	1.666666667	1.715686275	0
342	1.666666667	1.852941176	0
343	1.666666667	1.990196078	0
344	1.666666667	2.12745098	0
345	1.666666667	2.264705882	0
346	1.666666667	2.401960784	0
347	1.666666667	2.539215686	0
348	1.666666667	2.676470588	0
349	1.666666667	2.81372549	0
350	1.666666667	2.950980392	0
351	1.666666667	3.088235294	0
352	1.666666667	3.225490196	0
353	1.666666667	3.362745098	0
354	1.666666667	3.5	0
355	1.666666667	3.637254902	0
356	1.666666667	3.774509804	0
357	1.666666667	3.911764706	0
358	1.666666667	4.049019608	0
359	1.666666667	4.18627451	0
360	1.666666667	4.323529412	0
361	1.666666667	4.460784314	0
362	1.666666667	4.598039216	0
363	1.666666667	4.735294118	0
364	1.666666667	4.87254902	0
365	1.666666667	5.009803922	0
366	1.666666667	5.147058824	0
367	1.666666667	5.284313725	0
368	1.666666667	5.421568627	0
369	1.666666667	5.558823529	0
370	1.666666667	5.696078431	0
371	1.666666667	5.833333333	0
372	1.666666667	5.970588235	0
373	1.666666667	6.107843137	0
374	1.666666667	6.245098039	0
375	1.666666667	6.382352941	0
376	1.862745098	0.2058823529	0
377	1.862745098	0.3431372549	0
378	1.862745098	0.4803921569	0
379	1.862745098	0.6176470588	0
380	1.862745098	0.7549019608	0
381	1.862745098	0.8921568627	0
382	1.862745098	1.029411765	0
383	1.862745098	1.166666667	0
384	1.862745098	1.303921569	0
385	1.862745098	1.441176471	0
386	1.862745098	1.578431373	0
387	1.862745098	1.715686275	0
388	1.862745098	1.852941176	0
389	1.862745098	1.990196078	0
390	1.862745098	2.12745098	0
391	1.862745098	2.264705882	0
392	1.862745098	2.401960784	0
393	1.862745098	2.539215686	0
394	1.862745098	2.676470588	0
395	1.862745098	2.81372549	0
396	1.862745098	2.950980392	0
397	1.862745098	3.088235294	0
398	1.862745098	3.225490196	0
399	1.862745098	3.362745098	0
400	1.862745098	3.5	0
401	1.862745098	3.637254902	0
402	1.862745098	3.774509804	0
403	1.862745098	3.911764706	0
404	1.862745098	4.049019608	0
405	1.862745098	4.18627451	0
406	1.862745098	4.323529412	0
407	1.862745098	4.460784314	0
408	1.862745098	4.598039216	0
409	1.862745098	4.735294118	0
410	1.862745098	4.87254902	0
411	1.862745098	5.009803922	0
412	1.862745098	5.147058824	0
413	1.862745098	5.284313725	0
414	1.862745098	5.421568627	0
415	1.862745098	5.558823529	0
416	1.862745098	5.696078431	0
417	1.862745098	5.833333333	0
418	1.862745098	5.970588235	0
419	1.862745098	6.107843137	0
420	1.862745098	6.245098039	0
421	1.862745098	6.382352941	0
422	2.058823529	0.2058823529	0
423	2.058823529	0.3431372549	0
424	2.058823529	0.4803921569	0
425	2.058823529	0.6176470588	0
426	2.058823529	0.7549019608	0
427	2.058823529	0.8921568627	0
428	2.058823529	1.029411765	0
429	2.058823529	1.166666667	0
430	2.058823529	1.303921569	0
431	2.058823529	1.441176471	0
432	2.058823529	1.578431373	0
433	2.058823529	1.715686275	0
434	2.058823529	1.852941176	0
435	2.058823529	1.990196078	0
436	2.058823529	2.12745098	0
437	2.058823529	2.264705882	0
438	2.058823529	2.401960784	0
439	2.058823529	2.539215686	0
440	2.058823529	2.676470588	0
441	2.058823529	2.81372549	0
442	2.058823529	2.950980392	0
443	2.058823529	3.088235294	0
444	2.058823529	3.225490196	0
445	2.058823529	3.362745098	0
446	2.058823529	3.5	0
447	2.058823529	3.637254902	0
448	2.058823529	3.774509804	0
449	2.058823529	3.911764706	0
450	2.058823529	4.049019608	0
451	2.058823529	4.18627451	0
452	2.058823529	4.323529412	0
453	2.058823529	4.460784314	0
454	2.058823529	4.598039216	0
455	2.058823529	4.735294118	0
456	2.058823529	4.87254902	0
457	2.058823529	5.009803922	0
458	2.058823529	5.147058824	0
459	2.058823529	5.284313725	0
460	2.058823529	5.421568627	0
461	2.058823529	5.558823529	0
462	2.058823529	5.696078431	0
463	2.058823529	5.833333333	0
464	2.058823529	5.970588235	0
465	2.058823529	6.107843137	0
466	2.058823529	6.245098039	0
467	2.254901961	0.2058823529	0
468	2.254901961	0.3431372549	0
469	2.254901961	0.4803921569	0
470	2.254901961	0.6176470588	0
471	2.254901961	0.7549019608	0
472	2.254901961	0.8921568627	0
473	2.254901961	1.029411765	0
474	2.254901961	1.166666667	0
475	2.254901961	1.303921569	0
476	2.254901961	1.441176471	0
477	2.254901961	1.578431373	0
478	2.254901961	1.715686275	0
479	2.254901961	1.852941176	0
480	2.254901961	1.990196078	0
481	2.254901961	2.12745098	0
482	2.254901961	2.264705882	0
483	2.254901961	2.401960784	0
484	2.254901961	2.539215686	0
485	2.254901961	2.676470588	0
486	2.254901961	2.81372549	0
487	2.254901961	2.950980392	0
488	2.254901961	3.088235294	0
489	2.254901961	3.225490196	0
490	2.254901961	3.362745098	0
491	2.254901961	3.5	0
492	2.254901961	3.637254902	0
493	2.254901961	3.774509804	0
494	2.254901961	3.911764706	0
495	2.254901961	4.049019608	0
496	2.254901961	4.18627451	0
497	2.254901961	4.323529412	0
498	2.254901961	4.460784314	0
499	2.254901961	4.598039216	0
500	2.254901961	4.735294118	0
501	2.254901961	4.87254902	0
502	2.254901961	5.009803922	0
503	2.254901961	5.147058824	0
504	2.254901961	5.284313725	0
505	2.254901961	5.421568627	0
506	2.254901961	5.558823529	0
507	2.254901961	5.696078431	0
508	2.254901961	5.833333333	0
509	2.254901961	5.970588235	0
510	2.254901961	6.107843137	0
511	2.254901961	6.245098039	0
512	2.450980392	0.2058823529	0
513	2.450980392	0.3431372549	0
514	2.450980392	0.4803921569	0
515	2.450980392	0.6176470588	0
516	2.450980392	0.7549019608	0
517	2.450980392	0.8921568627	0
518	2.450980392	1.029411765	0
519	2.450980392	1.166666667	0
520	2.450980392	1.303921569	0
521	2.450980392	1.441176471	0
522	2.450980392	1.578431373	0
523	2.450980392	1.715686275	0
524	2.450980392	1.852941176	0
525	2.450980392	1.990196078	0
526	2.450980392	2.12745098	0
527	2.450980392	2.264705882	0
528	2.450980392	2.401960784	0
529	2.450980392	2.539215686	0
530	2.450980392	2.676470588	0
531	2.450980392	2.81372549	0
532	2.450980392	2.950980392	0
533	2.450980392	3.088235294	0
534	2.450980392	3.225490196	0
535	2.450980392	3.362745098	0
536	2.450980392	3.5	0
537	2.450980392	3.637254902	0
538	2.450980392	3.774509804	0
539	2.450980392	3.911764706	0
540	2.450980392	4.049019608	0
541	2.450980392	4.18627451	0
542	2.450980392	4.323529412	0
543	2.450980392	4.460784314	0
544	2.450980392	4.598039216	0
545	2.450980392	4.735294118	0
546	2.450980392	4.87254902	0
547	2.450980392	5.009803922	0
548	2.450980392	5.147058824	0
549	2.450980392	5.284313725	0
550	2.450980392	5.421568627	0
551	2.450980392	5.558823529	0
552	2.450980392	5.696078431	0
553	2.450980392	5.833333333	0
554	2.450980392	5.970588235	0
555	2.450980392	6.107843137	0
556	2.450980392	6.245098039	0
557	2.647058824	0.2058823529	0
558	2.647058824	0.3431372549	0
559	2.647058824	0.4803921569	0
560	2.647058824	0.6176470588	0
561	2.647058824	0.7549019608	0
562	2.647058824	0.8921568627	0
563	2.647058824	1.029411765	0
564	2.647058824	1.166666667	0
565	2.647058824	1.303921569	0
566	2.647058824	1.441176471	0
567	2.647058824	1.578431373	0
568	2.647058824	1.715686275	0
569	2.647058824	1.852941176	0
570	2.647058824	1.990196078	0
571	2.647058824	2.12745098	0
572	2.647058824	2.264705882	0
573	2.647058824	2.401960784	0
574	2.647058824	2.539215686	0
575	2.647058824	2.676470588	0
576	2.647058824	2.81372549	0
577	2.647058824	2.950980392	0
578	2.647058824	3.088235294	0
579	2.647058824	3.225490196	0
580	2.647058824	3.362745098	0
581	2.647058824	3.5	0
582	2.647058824	3.637254902	0
583	2.647058824	3.774509804	0
584	2.647058824	3.911764706	0
585	2.647058824	4.049019608	0
586	2.647058824	4.18627451	0
587	2.647058824	4.323529412	0
588	2.647058824	4.460784314	0
589	2.647058824	4.598039216	0
590	2.647058824	4.735294118	0
591	2.647058824	4.87254902	0
592	2.647058824	5.009803922	0
593	2.647058824	5.147058824	0
594	2.647058824	5.284313725	0
595	2.647058824	5.421568627	0
596	2.647058824	5.558823529	0
597	2.647058824	5.696078431	0
598	2.647058824	5.833333333	0
599	2.647058824	5.970588235	0
600	2.647058824	6.107843137	0
601	2.647058824	6.245098039	0
602	2.843137255	0.2058823529	0
603	2.843137255	0.3431372549	0
604	2.843137255	0.4803921569	0
605	2.843137255	0.6176470588	0
606	2.843137255	0.7549019608	0
607	2.843137255	0.8921568627	0
608	2.843137255	1.029411765	0
609	2.843137255	1.166666667	0
610	2.843137255	1.303921569	0
611	2.843137255	1.441176471	0
612	2.843137255	1.578431373	0
613	2.843137255	1.715686275	0
614	2.843137255	1.852941176	0
615	2.843137255	1.990196078	0
616	2.843137255	2.12745098	0
617	2.843137255	2.264705882	0
618	2.843137255	2.401960784	0
619	2.843137255	2.539215686	0
620	2.843137255	2.676470588	0
621	2.843137255	2.81372549	0
622	2.843137255	2.950980392	0
623	2.843137255	3.088235294	0
624	2.843137255	3.225490196	0
625	2.843137255	3.362745098	0
626	2.843137255	3.5	0
627	2.843137255	3.637254902	0
628	2.843137255	3.774509804	0
629	2.843137255	3.911764706	0
630	2.843137255	4.049019608	0
631	2.843137255	4.18627451	0
632	2.843137255	4.323529412	0
633	2.843137255	4.460784314	0
634	2.843137255	4.598039216	0
635	2.843137255	4.735294118	0
636	2.843137255	4.87254902	0
637	2.843137255	5.009803922	0
638	2.843137255	5.147058824	0
639	2.843137255	5.284313725	0
640	2.843137255	5.421568627	0
641	2.843137255	5.558823529	0
642	2.843137255	5.696078431	0
643	2.843137255	5.833333333	0
644	2.843137255	5.970588235	0
645	2.843137255	6.107843137	0
646	3.039215686	0.2058823529	0
647	3.039215686	0.3431372549	0
648	3.039215686	0.4803921569	0
649	3.039215686	0.6176470588	0
650	3.039215686	0.7549019608	0
651	3.039215686	0.8921568627	0
652	3.039215686	1.029411765	0
653	3.039215686	1.166666667	0
654	3.039215686	1.303921569	0
655	3.039215686	1.441176471	0
656	3.039215686	1.578431373	0
657	3.039215686	1.715686275	0
658	3.039215686	1.852941176	0
659	3.039215686	1.990196078	0
660	3.039215686	2.12745098	0
661	3.039215686	2.264705882	0
662	3.039215686	2.401960784	0
663	3.039215686	2.539215686	0
664	3.039215686	2.676470588	0
665	3.039215686	2.81372549	0
666	3.039215686	2.950980392	0
667	3.039215686	3.088235294	0
668	3.039215686	3.225490196	0
669	3.039215686	3.362745098	0
670	3.039215686	3.5	0
671	3.039215686	3.637254902	0
672	3.039215686	3.774509804	0
673	3.039215686	3.911764706	0
674	3.039215686	4.049019608	0
675	3.039215686	4.18627451	0
676	3.039215686	4.323529412	0
677	3.039215686	4.460784314	0
678	3.039215686	4.598039216	0
679	3.039215686	4.735294118	0
680	3.039215686	4.87254902	0
681	3.039215686	5.009803922	0
682	3.039215686	5.147058824	0
683	3.039215686	5.284313725	0
684	3.039215686	5.421568627	0
685	3.039215686	5.558823529	0
686	3.039215686	5.696078431	0
687	3.039215686	5.833333333	0
688	3.039215686	5.970588235	0
689	3.039215686	6.107843137	0
690	3.235294118	0.2058823529	0
691	3.235294118	0.3431372549	0
692	3.235294118	0.4803921569	0
693	3.235294118	0.6176470588	0
694	3.235294118	0.7549019608	0
695	3.235294118	0.8921568627	0
696	3.235294118	1.029411765	0
697	3.235294118	1.166666667	0
698	3.235294118	1.303921569	0
699	3.235294118	1.441176471	0
700	3.235294118	1.578431373	0
701	3.235294118	1.715686275	0
702	3.235294118	1.852941176	0
703	3.235294118	1.990196078	0
704	3.235294118	2.12745098	0
705	3.235294118	2.264705882	0
706	3.235294118	2.401960784	0
707	3.235294118	2.539215686	0
708	3.235294118	2.676470588	0
709	3.235294118	2.81372549	0
710	3.235294118	2.950980392	0
711	3.235294118	3.088235294	0
712	3.235294118	3.225490196	0
713	3.235294118	3.362745098	0
714	3.235294118	3.5	0
715	3.235294118	3.637254902	0
716	3.235294118	3.774509804	0
717	3.235294118	3.911764706	0
718	3.235294118	4.049019608	0
719	3.235294118	4.18627451	0
720	3.235294118	4.323529412	0
721	3.235294118	4.460784314	0
722	3.235294118	4.598039216	0
723	3.235294118	4.735294118	0
724	3.235294118	4.87254902	0
725	3.235294118	5.009803922	0
726	3.235294118	5.147058824	0
727	3.235294118	5.284313725	0
728	3.235294118	5.421568627	0
729	3.235294118	5.558823529	0
730	3.235294118	5.696078431	0
731	3.235294118	5.833333333	0
732	3.235294118	5.970588235	0
733	3.235294118	6.107843137	0
734	3.431372549	0.2058823529	0
735	3.431372549	0.3431372549	0
736	3.431372549	0.4803921569	0
737	3.431372549	0.6176470588	0
738	3.431372549	0.7549019608	0
739	3.431372549	0.8921568627	0
740	3.431372549	1.029411765	0
741	3.431372549	1.166666667	0
742	3.431372549	1.303921569	0
743	3.431372549	1.441176471	0
744	3.431372549	1.578431373	0
745	3.431372549	1.715686275	0
746	3.431372549	1.852941176	0
747	3.431372549	1.990196078	0
748	3.431372549	2.12745098	0
749	3.431372549	2.264705882	0
750	3.431372549	2.401960784	0
751	3.431372549	2.539215686	0
752	3.431372549	2.676470588	0
753	3.431372549	2.81372549	0
754	3.431372549	2.950980392	0
755	3.431372549	3.088235294	0
756	3.431372549	3.225490196	0
757	3.431372549	3.362745098	0
758	3.431372549	3.5	0
759	3.431372549	3.637254902	0
760	3.431372549	3.774509804	0
761	3.431372549	3.911764706	0
762	3.431372549	4.049019608	0
763	3.431372549	4.18627451	0
764	3.431372549	4.323529412	0
765	3.431372549	4.460784314	0
766	3.431372549	4.598039216	0
767	3.431372549	4.735294118	0
768	3.431372549	4.87254902	0
769	3.431372549	5.009803922	0
770	3.431372549	5.147058824	0
771	3.431372549	5.284313725	0
772	3.431372549	5.421568627	0
773	3.431372549	5.558823529	0
774	3.431372549	5.696078431	0
775	3.431372549	5.833333333	0
776	3.431372549	5.970588235	0
777	3.62745098	0.2058823529	0
778	3.62745098	0.3431372549	0
779	3.62745098	0.4803921569	0
780	3.62745098	0.6176470588	0
781	3.62745098	0.7549019608	0
782	3.62745098	0.8921568627	0
783	3.62745098	1.029411765	0
784	3.62745098	1.166666667	0
785	3.62745098	1.303921569	0
786	3.62745098	1.441176471	0
787	3.62745098	1.578431373	0
788	3.62745098	1.715686275	0
789	3.62745098	1.852941176	0
790	3.62745098	1.990196078	0
791	3.62745098	2.12745098	0
792	3.62745098	2.264705882	0
793	3.62745098	2.401960784	0
794	3.62745098	2.539215686	0
795	3.62745098	2.676470588	0
796	3.62745098	2.81372549	0
797	3.62745098	2.950980392	0
798	3.62745098	3.088235294	0
799	3.62745098	3.225490196	0
800	3.62745098	3.362745098	0
801	3.62745098	3.5	0
802	3.62745098	3.637254902	0
803	3.62745098	3.774509804	0
804	3.62745098	3.911764706	0
805	3.62745098	4.049019608	0
806	3.62745098	4.18627451	0
807	3.62745098	4.323529412	0
808	3.62745098	4.460784314	0
809	3.62745098	4.598039216	0
810	3.62745098	4.735294118	0
811	3.62745098	4.87254902	0
812	3.62745098	5.009803922	0
813	3.62745098	5.147058824	0
814	3.62745098	5.284313725	0
815	3.62745098	5.421568627	0
816	3.62745098	5.558823529	0
817	3.62745098	5.696078431	0
818	3.62745098	5.833333333	0
819	3.62745098	5.970588235	0
820	3.823529412	0.2058823529	0
821	3.823529412	0.3431372549	0
822	3.823529412	0.4803921569	0
823	3.823529412	0.6176470588	0
824	3.823529412	0.7549019608	0
825	3.823529412	0.8921568627	0
826	3.823529412	1.029411765	0
827	3.823529412	1.166666667	0
828	3.823529412	1.303921569	0
829	3.823529412	1.441176471	0
830	3.823529412	1.578431373	0
831	3.823529412	1.715686275	0
832	3.823529412	1.852941176	0
833	3.823529412	1.990196078	0
834	3.823529412	2.12745098	0
835	3.823529412	2.264705882	0
836	3.823529412	2.401960784	0
837	3.823529412	2.539215686	0
838	3.823529412	2.676470588	0
839	3.823529412	2.81372549	0
840	3.823529412	2.950980392	0
841	3.823529412	3.088235294	0
842	3.823529412	3.225490196	0
843	3.823529412	3.362745098	0
844	3.823529412	3.5	0
845	3.823529412	3.637254902	0
846	3.823529412	3.774509804	0
847	3.823529412	3.911764706	0
848	3.823529412	4.049019608	0
849	3.823529412	4.18627451	0
850	3.823529412	4.323529412	0
851	3.823529412	4.460784314	0
852	3.823529412	4.598039216	0
853	3.823529412	4.735294118	0
854	3.823529412	4.87254902	0
855	3.823529412	5.009803922	0
856	3.823529412	5.147058824	0
857	3.823529412	5.284313725	0
858	3.823529412	5.421568627	0
859	3.823529412	5.558823529	0
860	3.823529412	5.696078431	0
861	3.823529412	5.833333333	0
862	3.823529412	5.970588235	0
863	4.019607843	0.2058823529	0
864	4.019607843	0.3431372549	0
865	4.019607843	0.4803921569	0
866	4.019607843	0.6176470588	0
867	4.019607843	0.7549019608	0
868	4.019607843	0.8921568627	0
869	4.019607843	1.029411765	0
870	4.019607843	1.166666667	0
871	4.019607843	1.303921569	0
872	4.019607843	1.441176471	0
873	4.019607843	1.578431373	0
874	4.019607843	1.715686275	0
875	4.019607843	1.852941176	0
876	4.019607843	1.990196078	0
877	4.019607843	2.12745098	0
878	4.019607843	2.264705882	0
879	4.019607843	2.401960784	0
880	4.019607843	2.539215686	0
881	4.019607843	2.676470588	0
882	4.019607843	2.81372549	0
883	4.019607843	2.950980392	0
884	4.019607843	3.088235294	0
885	4.019607843	3.225490196	0
886	4.019607843	3.362745098	0
887	4.019607843	3.5	0
888	4.019607843	3.637254902	0
889	4.019607843	3.774509804	0
890	4.019607843	3.911764706	0
891	4.019607843	4.049019608	0
892	4.019607843	4.18627451	0
893	4.019607843	4.323529412	0
894	4.019607843	4.460784314	0
895	4.019607843	4.598039216	0
896	4.019607843	4.735294118	0
897	4.019607843	4.87254902	0
898	4.019607843	5.009803922	0
899	4.019607843	5.147058824	0
900	4.019607843	5.284313725	0
901	4.019607843	5.421568627	0
902	4.019607843	5.558823529	0
903	4.019607843	5.696078431	0
904	4.019607843	5.833333333	0
905	4.019607843	5.970588235	0
906	4.215686275	0.2058823529	0
907	4.215686275	0.3431372549	0
908	4.215686275	0.4803921569	0
909	4.215686275	0.6176470588	0
910	4.215686275	0.7549019608	0
911	4.215686275	0.8921568627	0
912	4.215686275	1.029411765	0
913	4.215686275	1.166666667	0
914	4.215686275	1.303921569	0
915	4.215686275	1.441176471	0
916	4.215686275	1.578431373	0
917	4.215686275	1.715686275	0
918	4.215686275	1.852941176	0
919	4.215686275	1.990196078	0
920	4.215686275	2.12745098	0
921	4.215686275	2.264705882	0
922	4.215686275	2.401960784	0
923	4.215686275	2.539215686	0
924	4.215686275	2.676470588	0
925	4.215686275	2.81372549	0
926	4.215686275	2.950980392	0
927	4.215686275	3.088235294	0
928	4.215686275	3.225490196	0
929	4.215686275	3.362745098	0
930	4.215686275	3.5	0
931	4.215686275	3.637254902	0
932	4.215686275	3.774509804	0
933	4.215686275	3.911764706	0
934	4.215686275	4.049019608	0
935	4.215686275	4.18627451	0
936	4.215686275	4.323529412	0
937	4.215686275	4.460784314	0
938	4.215686275	4.598039216	0
939	4.215686275	4.735294118	0
940	4.215686275	4.87254902	0
941	4.215686275	5.009803922	0
942	4.215686275	5.147058824	0
943	4.215686275	5.284313725	0
944	4.215686275	5.421568627	0
945	4.215686275	5.558823529	0
946	4.215686275	5.696078431	0
947	4.215686275	5.833333333	0
948	4.411764706	0.2058823529	0
949	4.411764706	0.3431372549	0
950	4.411764706	0.4803921569	0
951	4.411764706	0.6176470588	0
952	4.411764706	0.7549019608	0
953	4.411764706	0.8921568627	0
954	4.411764706	1.029411765	0
955	4.411764706	1.166666667	0
956	4.411764706	1.303921569	0
957	4.411764706	1.441176471	0
958	4.411764706	1.578431373	0
959	4.411764706	1.715686275	0
960	4.411764706	1.852941176	0
961	4.411764706	1.990196078	0
962	4.411764706	2.12745098	0
963	4.411764706	2.264705882	0
964	4.411764706	2.401960784	0
965	4.411764706	2.539215686	0
966	4.411764706	2.676470588	0
967	4.411764706	2.81372549	0
968	4.411764706	2.950980392	0
969	4.411764706	3.088235294	0
970	4.411764706	3.225490196	0
971	4.411764706	3.362745098	0
972	4.411764706	3.5	0
973	4.411764706	3.637254902	0
974	4.411764706	3.774509804	0
975	4.411764706	3.911764706	0
976	4.411764706	4.049019608	0
977	4.411764706	4.18627451	0
978	4.411764706	4.323529412	0
979	4.411764706	4.460784314	0
980	4.411764706	4.598039216	0
981	4.411764706	4.735294118	0
982	4.411764706	4.87254902	0
983	4.411764706	5.009803922	0
984	4.411764706	5.147058824	0
985	4.411764706	5.284313725	0
986	4.411764706	5.421568627	0
987	4.411764706	5.558823529	0
988	4.411764706	5.696078431	0
989	4.411764706	5.833333333	0
990	4.607843137	0.2058823529	0
991	4.607843137	0.3431372549	0
992	4.607843137	0.4803921569	0
993	4.607843137	0.6176470588	0
994	4.607843137	0.7549019608	0
995	4.607843137	0.8921568627	0
996	4.607843137	1.029411765	0
997	4.607843137	1.166666667	0
998	4.607843137	1.303921569	0
999	4.607843137	1.441176471	0
1000	4.607843137	1.578431373	0
1001	4.607843137	1.715686275	0
1002	4.607843137	1.852941176	0
1003	4.607843137	1.990196078	0
1004	4.607843137	2.12745098	0
1005	4.607843137	2.264705882	0
1006	4.607843137	2.401960784	0
1007	4.607843137	2.539215686	0
1008	4.607843137	2.676470588	0
1009	4.607843137	2.81372549	0
1010	4.607843137	2.950980392	0
1011	4.607843137	3.088235294	0
1012	4.607843137	3.225490196	0
1013	4.607843137	3.362745098	0
1014	4.607843137	3.5	0
1015	4.607843137	3.637254902	0
1016	4.607843137	3.774509804	0
1017	4.607843137	3.911764706	0
1018	4.607843137	4.049019608	0
1019	4.607843137	4.18627451	0
1020	4.607843137	4.323529412	0
1021	4.607843137	4.460784314	0
1022	4.607843137	4.598039216	0
1023	4.607843137	4.735294118	0
1024	4.607843137	4.87254902	0
1025	4.607843137	5.009803922	0
1026	4.607843137	5.147058824	0
1027	4.607843137	5.284313725	0
1028	4.607843137	5.421568627	0
1029	4.607843137	5.558823529	0
1030	4.607843137	5.696078431	0
1031	4.607843137	5.833333333	0
1032	4.803921569	0.2058823529	0
1033	4.803921569	0.3431372549	0
1034	4.803921569	0.4803921569	0
1035	4.803921569	0.6176470588	0
1036	4.803921569	0.7549019608	0
1037	4.803921569	0.8921568627	0
1038	4.803921569	1.029411765	0
1039	4.803921569	1.166666667	0
1040	4.803921569	1.303921569	0
1041	4.803921569	1.441176471	0
1042	4.803921569	1.578431373	0
1043	4.803921569	1.715686275	0
1044	4.803921569	1.852941176	0
1045	4.803921569	1.990196078	0
1046	4.803921569	2.12745098	0
1047	4.803921569	2.264705882	0
1048	4.803921569	2.401960784	0
1049	4.803921569	2.539215686	0
1050	4.803921569	2.676470588	0
1051	4.803921569	2.81372549	0
1052	4.803921569	2.950980392	0
1053	4.803921569	3.088235294	0
1054	4.803921569	3.225490196	0
1055	4.803921569	3.362745098	0
1056	4.803921569	3.5	0
1057	4.803921569	3.637254902	0
1058	4.803921569	3.774509804	0
1059	4.803921569	3.911764706	0
1060	4.803921569	4.049019608	0
1061	4.803921569	4.18627451	0
1062	4.803921569	4.323529412	0
1063	4.803921569	4.460784314	0
1064	4.803921569	4.598039216	0
1065	4.803921569	4.735294118	0
1066	4.803921569	4.87254902	0
1067	4.803921569	5.009803922	0
1068	4.803921569	5.147058824	0
1069	4.803921569	5.284313725	0
1070	4.803921569	5.421568627	0
1071	4.803921569	5.558823529	0
1072	4.803921569	5.696078431	0
1073	5	0.2058823529	0
1074	5	0.3431372549	0
1075	5	0.4803921569	0
1076	5	0.6176470588	0
1077	5	0.7549019608	0
1078	5	0.8921568627	0
1079	5	1.029411765	0
1080	5	1.166666667	0
1081	5	1.303921569	0
1082	5	1.441176471	0
1083	5	1.578431373	0
1084	5	1.715686275	0
1085	5	1.852941176	0
1086	5	1.990196078	0
1087	5	2.12745098	0
1088	5	2.264705882	0
1089	5	2.401960784	0
1090	5	2.539215686	0
1091	5	2.676470588	0
1092	5	2.81372549	0
1093	5	2.950980392	0
1094	5	3.088235294	0
1095	5	3.225490196	0
1096	5	3.362745098	0
1097	5	3.5	0
1098	5	3.637254902	0
1099	5	3.774509804	0
1100	5	3.911764706	0
1101	5	4.049019608	0
1102	5	4.18627451	0
1103	5	4.323529412	0
1104	5	4.460784314	0
1105	5	4.598039216	0
1106	5	4.735294118	0
1107	5	4.87254902	0
1108	5	5.009803922	0
1109	5	5.147058824	0
1110	5	5.284313725	0
1111	5	5.421568627	0
1112	5	5.558823529	0
1113	5	5.696078431	0
1114	5.196078431	0.2058823529	0
1115	5.196078431	0.3431372549	0
1116	5.196078431	0.4803921569	0
1117	5.196078431	0.6176470588	0
1118	5.196078431	0.7549019608	0
1119	5.196078431	0.8921568627	0
1120	5.196078431	1.029411765	0
1121	5.196078431	1.166666667	0
1122	5.196078431	1.303921569	0
1123	5.196078431	1.441176471	0
1124	5.196078431	1.578431373	0
1125	5.196078431	1.715686275	0
1126	5.196078431	1.852941176	0
1127	5.196078431	1.990196078	0
1128	5.196078431	2.12745098	0
1129	5.196078431	2.264705882	0
1130	5.196078431	2.401960784	0
1131	5.196078431	2.539215686	0
1132	5.196078431	2.676470588	0
1133	5.196078431	2.81372549	0
1134	5.196078431	2.950980392	0
1135	5.196078431	3.088235294	0
1136	5.196078431	3.225490196	0
1137	5.196078431	3.362745098	0
1138	5.196078431	3.5	0
1139	5.196078431	3.637254902	0
1140	5.196078431	3.774509804	0
1141	5.196078431	3.911764706	0
1142	5.196078431	4.049019608	0
1143	5.196078431	4.18627451	0
1144	5.196078431	4.323529412	0
1145	5.196078431	4.460784314	0
1146	5.196078431	4.598039216	0
1147	5.196078431	4.735294118	0
1148	5.196078431	4.87254902	0
1149	5.196078431	5.009803922	0
1150	5.196078431	5.147058824	0
1151	5.196078431	5.284313725	0
1152	5.196078431	5.421568627	0
1153	5.196078431	5.558823529	0
1154	5.196078431	5.696078431	0
1155	5.392156863	0.2058823529	0
1156	5.392156863	0.3431372549	0
1157	5.392156863	0.4803921569	0
1158	5.392156863	0.6176470588	0
1159	5.392156863	0.7549019608	0
1160	5.392156863	0.8921568627	0
1161	5.392156863	1.029411765	0
1162	5.392156863	1.166666667	0
1163	5.392156863	1.303921569	0
1164	5.392156863	1.441176471	0
1165	5.392156863	1.578431373	0
1166	5.392156863	1.715686275	0
1167	5.392156863	1.852941176	0
1168	5.392156863	1.990196078	0
1169	5.392156863	2.12745098	0
1170	5.392156863	2.264705882	0
1171	5.392156863	2.401960784	0
1172	5.392156863	2.539215686	0
1173	5.392156863	2.676470588	0
1174	5.392156863	2.81372549	0
1175	5.392156863	2.950980392	0
1176	5.392156863	3.088235294	0
1177	5.392156863	3.225490196	0
1178	5.392156863	3.362745098	0
1179	5.392156863	3.5	0
1180	5.392156863	3.637254902	0
1181	5.392156863	3.774509804	0
1182	5.392156863	3.911764706	0
1183	5.392156863	4.049019608	0
1184	5.392156863	4.18627451	0
1185	5.392156863	4.323529412	0
1186	5.392156863	4.460784314	0
1187	5.392156863	4.598039216	0
1188	5.392156863	4.735294118	0
1189	5.392156863	4.87254902	0
1190	5.392156863	5.009803922	0
1191	5.392156863	5.147058824	0
1192	5.392156863	5.284313725	0
1193	5.392156863	5.421568627	0
1194	5.392156863	5.558823529	0
1195	5.392156863	5.696078431	0
1196	5.588235294	0.2058823529	0
1197	5.588235294	0.3431372549	0
1198	5.588235294	0.4803921569	0
1199	5.588235294	0.6176470588	0
1200	5.588235294	0.7549019608	0
1201	5.588235294	0.8921568627	0
1202	5.588235294	1.029411765	0
1203	5.588235294	1.166666667	0
1204	5.588235294	1.303921569	0
1205	5.588235294	1.441176471	0
1206	5.588235294	1.578431373	0
1207	5.588235294	1.715686275	0
1208	5.588235294	1.852941176	0
1209	5.588235294	1.990196078	0
1210	5.588235294	2.12745098	0
1211	5.588235294	2.264705882	0
1212	5.588235294	2.401960784	0
1213	5.588235294	2.539215686	0
1214	5.588235294	2.676470588	0
1215	5.588235294	2.81372549	0
1216	5.588235294	2.950980392	0
1217	5.588235294	3.088235294	0
1218	5.588235294	3.225490196	0
1219	5.588235294	3.362745098	0
1220	5.588235294	3.5	0
1221	5.588235294	3.637254902	0
1222	5.588235294	3.774509804	0
1223	5.588235294	3.911764706	0
1224	5.588235294	4.049019608	0
1225	5.588235294	4.18627451	0
1226	5.588235294	4.323529412	0
1227	5.588235294	4.460784314	0
1228	5.588235294	4.598039216	0
1229	5.588235294	4.735294118	0
1230	5.588235294	4.87254902	0
1231	5.588235294	5.009803922	0
1232	5.588235294	5.147058824	0
1233	5.588235294	5.284313725	0
1234	5.588235294	5.421568627	0
1235	5.588235294	5.558823529	0
1236	5.784313725	0.2058823529	0
1237	5.784313725	0.3431372549	0
1238	5.784313725	0.4803921569	0
1239	5.784313725	0.6176470588	0
1240	5.784313725	0.7549019608	0
1241	5.784313725	0.8921568627	0
1242	5.784313725	1.029411765	0
1243	5.784313725	1.166666667	0
1244	5.784313725	1.303921569	0
1245	5.784313725	1.441176471	0
1246	5.784313725	1.578431373	0
1247	5.784313725	1.715686275	0
1248	5.784313725	1.852941176	0
1249	5.784313725	1.990196078	0
1250	5.784313725	2.12745098	0
1251	5.784313725	2.264705882	0
1252	5.784313725	2.401960784	0
1253	5.784313725	2.539215686	0
1254	5.784313725	2.676470588	0
1255	5.784313725	2.81372549	0
1256	5.784313725	2.950980392	0
1257	5.784313725	3.088235294	0
1258	5.784313725	3.225490196	0
1259	5.784313725	3.362745098	0
1260	5.784313725	3.5	0
1261	5.784313725	3.637254902	0
1262	5.784313725	3.774509804	0
1263	5.784313725	3.911764706	0
1264	5.784313725	4.049019608	0
1265	5.784313725	4.18627451	0
1266	5.784313725	4.323529412	0
1267	5.784313725	4.460784314	0
1268	5.784313725	4.598039216	0
1269	5.784313725	4.735294118	0
1270	5.784313725	4.87254902	0
1271	5.784313725	5.009803922	0
1272	5.784313725	5.147058824	0
1273	5.784313725	5.284313725	0
1274	5.784313725	5.421568627	0
1275	5.784313725	5.558823529	0
1276	5.980392157	0.2058823529	0
1277	5.980392157	0.3431372549	0
1278	5.980392157	0.4803921569	0
1279	5.980392157	0.6176470588	0
1280	5.980392157	0.7549019608	0
1281	5.980392157	0.8921568627	0
1282	5.980392157	1.029411765	0
1283	5.980392157	1.166666667	0
1284	5.980392157	1.303921569	0
1285	5.980392157	1.441176471	0
1286	5.980392157	1.578431373	0
1287	5.980392157	1.715686275	0
1288	5.980392157	1.852941176	0
1289	5.980392157	1.990196078	0
1290	5.980392157	2.12745098	0
1291	5.980392157	2.264705882	0
1292	5.980392157	2.401960784	0
1293	5.980392157	2.539215686	0
1294	5.980392157	2.676470588	0
1295	5.980392157	2.81372549	0
1296	5.980392157	2.950980392	0
1297	5.980392157	3.088235294	0
1298	5.980392157	3.225490196	0
1299	5.980392157	3.362745098	0
1300	5.980392157	3.5	0
1301	5.980392157	3.637254902	0
1302	5.980392157	3.774509804	0
1303	5.980392157	3.911764706	0
1304	5.980392157	4.049019608	0
1305	5.980392157	4.18627451	0
1306	5.980392157	4.323529412	0
1307	5.980392157	4.460784314	0
1308	5.980392157	4.598039216	0
1309	5.980392157	4.735294118	0
1310	5.980392157	4.87254902	0
1311	5.980392157	5.009803922	0
1312	5.980392157	5.147058824	0
1313	5.980392157	5.284313725	0
1314	5.980392157	5.421568627	0
1315	5.980392157	5.558823529	0
1316	6.176470588	0.2058823529	0
1317	6.176470588	0.3431372549	0
1318	6.176470588	0.4803921569	0
1319	6.176470588	0.6176470588	0
1320	6.176470588	0.7549019608	0
1321	6.176470588	0.8921568627	0
1322	6.176470588	1.029411765	0
1323	6.176470588	1.166666667	0
1324	6.176470588	1.303921569	0
1325	6.176470588	1.441176471	0
1326	6.176470588	1.578431373	0
1327	6.176470588	1.715686275	0
1328	6.176470588	1.852941176	0
1329	6.176470588	1.990196078	0
1330	6.176470588	2.12745098	0
1331	6.176470588	2.264705882	0
1332	6.176470588	2.401960784	0
1333	6.176470588	2.539215686	0
1334	6.176470588	2.676470588	0
1335	6.176470588	2.81372549	0
1336	6.176470588	2.950980392	0
1337	6.176470588	3.088235294	0
1338	6.176470588	3.225490196	0
1339	6.176470588	3.362745098	0
1340	6.176470588	3.5	0
1341	6.176470588	3.637254902	0
1342	6.176470588	3.774509804	0
1343	6.176470588	3.911764706	0
1344	6.176470588	4.049019608	0
1345	6.176470588	4.18627451	0
1346	6.176470588	4.323529412	0
1347	6.176470588	4.460784314	0
1348	6.176470588	4.598039216	0
1349	6.176470588	4.735294118	0
1350	6.176470588	4.87254902	0
1351	6.176470588	5.009803922	0
1352	6.176470588	5.147058824	0
1353	6.176470588	5.284313725	0
1354	6.176470588	5.421568627	0
1355	6.37254902	0.2058823529	0
1356	6.37254902	0.3431372549	0
1357	6.37254902	0.4803921569	0
1358	6.37254902	0.6176470588	0
1359	6.37254902	0.7549019608	0
1360	6.37254902	0.8921568627	0
1361	6.37254902	1.029411765	0
1362	6.37254902	1.166666667	0
1363	6.37254902	1.303921569	0
1364	6.37254902	1.441176471	0
1365	6.37254902	1.578431373	0
1366	6.37254902	1.715686275	0
1367	6.37254902	1.852941176	0
1368	6.37254902	1.990196078	0
1369	6.37254902	2.12745098	0
1370	6.37254902	2.264705882	0
1371	6.37254902	2.401960784	0
1372	6.37254902	2.539215686	0
1373	6.37254902	2.676470588	0
1374	6.37254902	2.81372549	0
1375	6.37254902	2.950980392	0
1376	6.37254902	3.088235294	0
1377	6.37254902	3.225490196	0
1378	6.37254902	3.362745098	0
1379	6.37254902	3.5	0
1380	6.37254902	3.637254902	0
1381	6.37254902	3.774509804	0
1382	6.37254902	3.911764706	0
1383	6.37254902	4.049019608	0
1384	6.37254902	4.18627451	0
1385	6.37254902	4.323529412	0
1386	6.37254902	4.460784314	0
1387	6.37254902	4.598039216	0
1388	6.37254902	4.735294118	0
1389	6.37254902	4.87254902	0
1390	6.37254902	5.009803922	0
1391	6.37254902	5.147058824	0
1392	6.37254902	5.284313725	0
1393	6.37254902	5.421568627	0
1394	6.568627451	0.2058823529	0
1395	6.568627451	0.3431372549	0
1396	6.568627451	0.4803921569	0
1397	6.568627451	0.6176470588	0
1398	6.568627451	0.7549019608	0
1399	6.568627451	0.8921568627	0
1400	6.568627451	1.029411765	0
1401	6.568627451	1.166666667	0
1402	6.568627451	1.303921569	0
1403	6.568627451	1.441176471	0
1404	6.568627451	1.578431373	0
1405	6.568627451	1.715686275	0
1406	6.568627451	1.852941176	0
1407	6.568627451	1.990196078	0
1408	6.568627451	2.12745098	0
1409	6.568627451	2.264705882	0
1410	6.568627451	2.401960784	0
1411	6.568627451	2.539215686	0
1412	6.568627451	2.676470588	0
1413	6.568627451	2.81372549	0
1414	6.568627451	2.950980392	0
1415	6.568627451	3.088235294	0
1416	6.568627451	3.225490196	0
1417	6.568627451	3.362745098	0
1418	6.568627451	3.5	0
1419	6.568627451	3.637254902	0
1420	6.568627451	3.774509804	0
1421	6.568627451	3.911764706	0
1422	6.568627451	4.049019608	0
1423	6.568627451	4.18627451	0
1424	6.568627451	4.323529412	0
1425	6.568627451	4.460784314	0
1426	6.568627451	4.598039216	0
1427	6.568627451	4.735294118	0
1428	6.568627451	4.87254902	0
1429	6.568627451	5.009803922	0
1430	6.568627451	5.147058824	0
1431	6.568627451	5.284313725	0
1432	6.568627451	5.421568627	0
1433	6.764705882	0.2058823529	0
1434	6.764705882	0.3431372549	0
1435	6.764705882	0.4803921569	0
1436	6.764705882	0.6176470588	0
1437	6.764705882	0.7549019608	0
1438	6.764705882	0.8921568627	0
1439	6.764705882	1.029411765	0
1440	6.764705882	1.166666667	0
1441	6.764705882	1.303921569	0
1442	6.764705882	1.441176471	0
1443	6.764705882	1.578431373	0
1444	6.764705882	1.715686275	0
1445	6.764705882	1.852941176	0
1446	6.764705882	1.990196078	0
1447	6.764705882	2.12745098	0
1448	6.764705882	2.264705882	0
1449	6.764705882	2.401960784	0
1450	6.764705882	2.539215686	0
1451	6.764705882	2.676470588	0
1452	6.764705882	2.81372549	0
1453	6.764705882	2.950980392	0
1454	6.764705882	3.088235294	0
1455	6.764705882	3.225490196	0
1456	6.764705882	3.362745098	0
1457	6.764705882	3.5	0
1458	6.764705882	3.637254902	0
1459	6.764705882	3.774509804	0
1460	6.764705882	3.911764706	0
1461	6.764705882	4.049019608	0
1462	6.764705882	4.18627451	0
1463	6.764705882	4.323529412	0
1464	6.764705882	4.460784314	0
1465	6.764705882	4.598039216	0
1466	6.764705882	4.735294118	0
1467	6.764705882	4.87254902	0
1468	6.764705882	5.009803922	0
1469	6.764705882	5.147058824	0
1470	6.764705882	5.284313725	0
1471	6.764705882	5.421568627	0
1472	6.960784314	0.2058823529	0
1473	6.960784314	0.3431372549	0
1474	6.960784314	0.4803921569	0
1475	6.960784314	0.6176470588	0
1476	6.960784314	0.7549019608	0
1477	6.960784314	0.8921568627	0
1478	6.960784314	1.029411765	0
1479	6.960784314	1.166666667	0
1480	6.960784314	1.303921569	0
1481	6.960784314	1.441176471	0
1482	6.960784314	1.578431373	0
1483	6.960784314	1.715686275	0
1484	6.960784314	1.852941176	0
1485	6.960784314	1.990196078	0
1486	6.960784314	2.12745098	0
1487	6.960784314	2.264705882	0
1488	6.960784314	2.401960784	0
1489	6.960784314	2.539215686	0
1490	6.960784314	2.676470588	0
1491	6.960784314	2.81372549	0
1492	6.960784314	2.950980392	0
1493	6.960784314	3.088235294	0
1494	6.960784314	3.225490196	0
1495	6.960784314	3.362745098	0
1496	6.960784314	3.5	0
1497	6.960784314	3.637254902	0
1498	6.960784314	3.774509804	0
1499	6.960784314	3.911764706	0
1500	6.960784314	4.049019608	0
1501	6.960784314	4.18627451	0
1502	6.960784314	4.323529412	0
1503	6.960784314	4.460784314	0
1504	6.960784314	4.598039216	0
1505	6.960784314	4.735294118	0
1506	6.960784314	4.87254902	0
1507	6.960784314	5.009803922	0
1508	6.960784314	5.147058824	0
1509	6.960784314	5.284313725	0
1510	7.156862745	0.2058823529	0
1511	7.156862745	0.3431372549	0
1512	7.156862745	0.4803921569	0
1513	7.156862745	0.6176470588	0
1514	7.156862745	0.7549019608	0
1515	7.156862745	0.8921568627	0
1516	7.156862745	1.029411765	0
1517	7.156862745	1.166666667	0
1518	7.156862745	1.303921569	0
1519	7.156862745	1.441176471	0
1520	7.156862745	1.578431373	0
1521	7.156862745	1.715686275	0
1522	7.156862745	1.852941176	0
1523	7.156862745	1.990196078	0
1524	7.156862745	2.12745098	0
1525	7.156862745	2.264705882	0
1526	7.156862745	2.401960784	0
1527	7.156862745	2.539215686	0
1528	7.156862745	2.676470588	0
1529	7.156862745	2.81372549	0
1530	7.156862745	2.950980392	0
1531	7.156862745	3.088235294	0
1532	7.156862745	3.225490196	0
1533	7.156862745	3.362745098	0
1534	7.156862745	3.5	0
1535	7.156862745	3.637254902	0
1536	7.156862745	3.774509804	0
1537	7.156862745	3.911764706	0
1538	7.156862745	4.049019608	0
1539	7.156862745	4.18627451	0
1540	7.156862745	4.323529412	0
1541	7.156862745	4.460784314	0
1542	7.156862745	4.598039216	0
1543	7.156862745	4.735294118	0
1544	7.156862745	4.87254902	0
1545	7.156862745	5.009803922	0
1546	7.156862745	5.147058824	0
1547	7.156862745	5.284313725	0
1548	7.352941176	0.2058823529	0
1549	7.352941176	0.3431372549	0
1550	7.352941176	0.4803921569	0
1551	7.352941176	0.6176470588	0
1552	7.352941176	0.7549019608	0
1553	7.352941176	0.8921568627	0
1554	7.352941176	1.029411765	0
1555	7.352941176	1.166666667	0
1556	7.352941176	1.303921569	0
1557	7.352941176	1.441176471	0
1558	7.352941176	1.578431373	0
1559	7.352941176	1.715686275	0
1560	7.352941176	1.852941176	0
1561	7.352941176	1.990196078	0
1562	7.352941176	2.12745098	0
1563	7.352941176	2.264705882	0
1564	7.352941176	2.401960784	0
1565	7.352941176	2.539215686	0
1566	7.352941176	2.676470588	0
1567	7.352941176	2.81372549	0
1568	7.352941176	2.950980392	0
1569	7.352941176	3.088235294	0
1570	7.352941176	3.225490196	0
1571	7.352941176	3.362745098	0
1572	7.352941176	3.5	0
1573	7.352941176	3.637254902	0
1574	7.352941176	3.774509804	0
1575	7.352941176	3.911764706	0
1576	7.352941176	4.049019608	0
1577	7.352941176	4.18627451	0
1578	7.352941176	4.323529412	0
1579	7.352941176	4.460784314	0
1580	7.352941176	4.598039216	0
1581	7.352941176	4.735294118	0
1582	7.352941176	4.87254902	0
1583	7.352941176	5.009803922	0
1584	7.352941176	5.147058824	0
1585	7.352941176	5.284313725	0
1586	7.549019608	0.2058823529	0
1587	7.549019608	0.3431372549	0
1588	7.549019608	0.4803921569	0
1589	7.549019608	0.6176470588	0
1590	7.549019608	0.7549019608	0
1591	7.549019608	0.8921568627	0
1592	7.549019608	1.029411765	0
1593	7.549019608	1.166666667	0
1594	7.549019608	1.303921569	0
1595	7.549019608	1.441176471	0
1596	7.549019608	1.578431373	0
1597	7.549019608	1.715686275	0
1598	7.549019608	1.852941176	0
1599	7.549019608	1.990196078	0
1600	7.549019608	2.12745098	0
1601	7.549019608	2.264705882	0
1602	7.549019608	2.401960784	0
1603	7.549019608	2.539215686	0
1604	7.549019608	2.676470588	0
1605	7.549019608	2.81372549	0
1606	7.549019608	2.950980392	0
1607	7.549019608	3.088235294	0
1608	7.549019608	3.225490196	0
1609	7.549019608	3.362745098	0
1610	7.549019608	3.5	0
1611	7.549019608	3.637254902	0
1612	7.549019608	3.774509804	0
1613	7.549019608	3.911764706	0
1614	7.549019608	4.049019608	0
1615	7.549019608	4.18627451	0
1616	7.549019608	4.323529412	0
1617	7.549019608	4.460784314	0
1618	7.549019608	4.598039216	0
1619	7.549019608	4.735294118	0
1620	7.549019608	4.87254902	0
1621	7.549019608	5.009803922	0
1622	7.549019608	5.147058824	0
1623	7.745098039	0.2058823529	0
1624	7.745098039	0.3431372549	0
1625	7.745098039	0.4803921569	0
1626	7.745098039	0.6176470588	0
1627	7.745098039	0.7549019608	0
1628	7.745098039	0.8921568627	0
1629	7.745098039	1.029411765	0
1630	7.745098039	1.166666667	0
1631	7.745098039	1.303921569	0
1632	7.745098039	1.441176471	0
1633	7.745098039	1.578431373	0
1634	7.745098039	1.715686275	0
1635	7.745098039	1.852941176	0
1636	7.745098039	1.990196078	0
1637	7.745098039	2.12745098	0
1638	7.745098039	2.264705882	0
1639	7.745098039	2.401960784	0
1640	7.745098039	2.539215686	0
1641	7.745098039	2.676470588	0
1642	7.745098039	2.81372549	0
1643	7.745098039	2.950980392	0
1644	7.745098039	3.088235294	0
1645	7.745098039	3.225490196	0
1646	7.745098039	3.362745098	0
1647	7.745098039	3.5	0
1648	7.745098039	3.637254902	0
1649	7.745098039	3.774509804	0
1650	7.745098039	3.911764706	0
1651	7.745098039	4.049019608	0
1652	7.745098039	4.18627451	0
1653	7.745098039	4.323529412	0
1654	7.745098039	4.460784314	0
1655	7.745098039	4.598039216	0
1656	7.745098039	4.735294118	0
1657	7.745098039	4.87254902	0
1658	7.745098039	5.009803922	0
1659	7.745098039	5.147058824	0
1660	7.941176471	0.2058823529	0
1661	7.941176471	0.3431372549	0
1662	7.941176471	0.4803921569	0
1663	7.941176471	0.6176470588	0
1664	7.941176471	0.7549019608	0
1665	7.941176471	0.8921568627	0
1666	7.941176471	1.029411765	0
1667	7.941176471	1.166666667	0
1668	7.941176471	1.303921569	0
1669	7.941176471	1.441176471	0
1670	7.941176471	1.578431373	0
1671	7.941176471	1.715686275	0
1672	7.941176471	1.852941176	0
1673	7.941176471	1.990196078	0
1674	7.941176471	2.12745098	0
1675	7.941176471	2.264705882	0
1676	7.941176471	2.401960784	0
1677	7.941176471	2.539215686	0
1678	7.941176471	2.676470588	0
1679	7.941176471	2.81372549	0
1680	7.941176471	2.950980392	0
1681	7.941176471	3.088235294	0
1682	7.941176471	3.225490196	0
1683	7.941176471	3.362745098	0
1684	7.941176471	3.5	0
1685	7.941176471	3.637254902	0
1686	7.941176471	3.774509804	0
1687	7.941176471	3.911764706	0
1688	7.941176471	4.049019608	0
1689	7.941176471	4.18627451	0
1690	7.941176471	4.323529412	0
1691	7.941176471	4.460784314	0
1692	7.941176471	4.598039216	0
1693	7.941176471	4.735294118	0
1694	7.941176471	4.87254902	0
1695	7.941176471	5.009803922	0
1696	7.941176471	5.147058824	0
1697	8.137254902	0.2058823529	0
1698	8.137254902	0.3431372549	0
1699	8.137254902	0.4803921569	0
1700	8.137254902	0.6176470588	0
1701	8.137254902	0.7549019608	0
1702	8.137254902	0.8921568627	0
1703	8.137254902	1.029411765	0
1704	8.137254902	1.166666667	0
1705	8.137254902	1.303921569	0
1706	8.137254902	1.441176471	0
1707	8.137254902	1.578431373	0
1708	8.137254902	1.715686275	0
1709	8.137254902	1.852941176	0
1710	8.137254902	1.990196078	0
1711	8.137254902	2.12745098	0
1712	8.137254902	2.264705882	0
1713	8.137254902	2.401960784	0
1714	8.137254902	2.539215686	0
1715	8.137254902	2.676470588	0
1716	8.137254902	2.81372549	0
1717	8.137254902	2.950980392	0
1718	8.137254902	3.088235294	0
1719	8.137254902	3.225490196	0
1720	8.137254902	3.362745098	0
1721	8.137254902	3.5	0
1722	8.137254902	3.637254902	0
1723	8.137254902	3.774509804	0
1724	8.137254902	3.911764706	0
1725	8.137254902	4.049019608	0
1726	8.137254902	4.18627451	0
1727	8.137254902	4.323529412	0
1728	8.137254902	4.460784314	0
1729	8.137254902	4.598039216	0
1730	8.137254902	4.735294118	0
1731	8.137254902	4.87254902	0
1732	8.137254902	5.009803922	0
1733	8.137254902	5.147058824	0
1734	8.333333333	0.2058823529	0
1735	8.333333333	0.3431372549	0
1736	8.333333333	0.4803921569	0
1737	8.333333333	0.6176470588	0
1738	8.333333333	0.7549019608	0
1739	8.333333333	0.8921568627	0
1740	8.333333333	1.029411765	0
1741	8.333333333	1.166666667	0
1742	8.333333333	1.303921569	0
1743	8.333333333	1.441176471	0
1744	8.333333333	1.578431373	0
1745	8.333333333	1.715686275	0
1746	8.333333333	1.852941176	0
1747	8.333333333	1.990196078	0
1748	8.333333333	2.12745098	0
1749	8.333333333	2.264705882	0
1750	8.333333333	2.401960784	0
1751	8.333333333	2.539215686	0
1752	8.333333333	2.676470588	0
1753	8.333333333	2.81372549	0
1754	8.333333333	2.950980392	0
1755	8.333333333	3.088235294	0
1756	8.333333333	3.225490196	0
1757	8.333333333	3.362745098	0
1758	8.333333333	3.5	0
1759	8.333333333	3.637254902	0
1760	8.333333333	3.774509804	0
1761	8.333333333	3.911764706	0
1762	8.333333333	4.049019608	0
1763	8.333333333	4.18627451	0
1764	8.333333333	4.323529412	0
1765	8.333333333	4.460784314	0
1766	8.333333333	4.598039216	0
1767	8.333333333	4.735294118	0
1768	8.333333333	4.87254902	0
1769	8.333333333	5.009803922	0
1770	8.529411765	0.2058823529	0
1771	8.529411765	0.3431372549	0
1772	8.529411765	0.4803921569	0
1773	8.529411765	0.6176470588	0
1774	8.529411765	0.7549019608	0
1775	8.529411765	0.8921568627	0
1776	8.529411765	1.029411765	0
1777	8.529411765	1.166666667	0
1778	8.529411765	1.303921569	0
1779	8.529411765	1.441176471	0
1780	8.529411765	1.578431373	0
1781	8.529411765	1.715686275	0
1782	8.529411765	1.852941176	0
1783	8.529411765	1.990196078	0
1784	8.529411765	2.12745098	0
1785	8.529411765	2.264705882	0
1786	8.529411765	2.401960784	0
1787	8.529411765	2.539215686	0
1788	8.529411765	2.676470588	0
1789	8.529411765	2.81372549	0
1790	8.529411765	2.950980392	0
1791	8.529411765	3.088235294	0
1792	8.529411765	3.225490196	0
1793	8.529411765	3.362745098	0
1794	8.529411765	3.5	0
1795	8.529411765	3.637254902	0
1796	8.529411765	3.774509804	0
1797	8.529411765	3.911764706	0
1798	8.529411765	4.049019608	0
1799	8.529411765	4.18627451	0
1800	8.529411765	4.323529412	0
1801	8.529411765	4.460784314	0
1802	8.529411765	4.598039216	0
1803	8.529411765	4.735294118	0
1804	8.529411765	4.87254902	0
1805	8.529411765	5.009803922	0
1806	8.725490196	0.2058823529	0
1807	8.725490196	0.3431372549	0
1808	8.725490196	0.4803921569	0
1809	8.725490196	0.6176470588	0
1810	8.725490196	0.7549019608	0
1811	8.725490196	0.8921568627	0
1812	8.725490196	1.029411765	0
1813	8.725490196	1.166666667	0
1814	8.725490196	1.303921569	0
1815	8.725490196	1.441176471	0
1816	8.725490196	1.578431373	0
1817	8.725490196	1.715686275	0
1818	8.725490196	1.852941176	0
1819	8.725490196	1.990196078	0
1820	8.725490196	2.12745098	0
1821	8.725490196	2.264705882	0
1822	8.725490196	2.401960784	0
1823	8.725490196	2.539215686	0
1824	8.725490196	2.676470588	0
1825	8.725490196	2.81372549	0
1826	8.725490196	2.950980392	0
1827	8.725490196	3.088235294	0
1828	8.725490196	3.225490196	0
1829	8.725490196	3.362745098	0
1830	8.725490196	3.5	0
1831	8.725490196	3.637254902	0
1832	8.725490196	3.774509804	0
1833	8.725490196	3.911764706	0
1834	8.725490196	4.049019608	0
1835	8.725490196	4.18627451	0
1836	8.725490196	4.323529412	0
1837	8.725490196	4.460784314	0
1838	8.725490196	4.598039216	0
1839	8.725490196	4.735294118	0
1840	8.725490196	4.87254902	0
1841	8.725490196	5.009803922	0
1842	8.921568627	0.2058823529	0
1843	8.921568627	0.3431372549	0
1844	8.921568627	0.4803921569	0
1845	8.921568627	0.6176470588	0
1846	8.921568627	0.7549019608	0
1847	8.921568627	0.8921568627	0
1848	8.921568627	1.029411765	0
1849	8.921568627	1.166666667	0
1850	8.921568627	1.303921569	0
1851	8.921568627	1.441176471	0
1852	8.921568627	1.578431373	0
1853	8.921568627	1.715686275	0
1854	8.921568627	1.852941176	0
1855	8.921568627	1.990196078	0
1856	8.921568627	2.12745098	0
1857	8.921568627	2.264705882	0
1858	8.921568627	2.401960784	0
1859	8.921568627	2.539215686	0
1860	8.921568627	2.676470588	0
1861	8.921568627	2.81372549	0
1862	8.921568627	2.950980392	0
1863	8.921568627	3.088235294	0
1864	8.921568627	3.225490196	0
1865	8.921568627	3.362745098	0
1866	8.921568627	3.5	0
1867	8.921568627	3.637254902	0
1868	8.921568627	3.774509804	0
1869	8.921568627	3.911764706	0
1870	8.921568627	4.049019608	0
1871	8.921568627	4.18627451	0
1872	8.921568627	4.323529412	0
1873	8.921568627	4.460784314	0
1874	8.921568627	4.598039216	0
1875	8.921568627	4.735294118	0
1876	8.921568627	4.87254902	0
1877	9.117647059	0.2058823529	0
1878	9.117647059	0.3431372549	0
1879	9.117647059	0.4803921569	0
1880	9.117647059	0.6176470588	0
1881	9.117647059	0.7549019608	0
1882	9.117647059	0.8921568627	0
1883	9.117647059	1.029411765	0
1884	9.117647059	1.166666667	0
1885	9.117647059	1.303921569	0
1886	9.117647059	1.441176471	0
1887	9.117647059	1.578431373	0
1888	9.117647059	1.715686275	0
1889	9.117647059	1.852941176	0
1890	9.117647059	1.990196078	0
1891	9.117647059	2.12745098	0
1892	9.117647059	2.264705882	0
1893	9.117647059	2.401960784	0
1894	9.117647059	2.539215686	0
1895	9.117647059	2.676470588	0
1896	9.117647059	2.81372549	0
1897	9.117647059	2.950980392	0
1898	9.117647059	3.088235294	0
1899	9.117647059	3.225490196	0
1900	9.117647059	3.362745098	0
1901	9.117647059	3.5	0
1902	9.117647059	3.637254902	0
1903	9.117647059	3.774509804	0
1904	9.117647059	3.911764706	0
1905	9.117647059	4.049019608	0
1906	9.117647059	4.18627451	0
1907	9.117647059	4.323529412	0
1908	9.117647059	4.460784314	0
1909	9.117647059	4.598039216	0
1910	9.117647059	4.735294118	0
1911	9.117647059	4.87254902	0
1912	9.31372549	0.2058823529	0
1913	9.31372549	0.3431372549	0
1914	9.31372549	0.4803921569	0
1915	9.31372549	0.6176470588	0
1916	9.31372549	0.7549019608	0
1917	9.31372549	0.8921568627	0
1918	9.31372549	1.029411765	0
1919	9.31372549	1.166666667	0
1920	9.31372549	1.303921569	0
1921	9.31372549	1.441176471	0
1922	9.31372549	1.578431373	0
1923	9.31372549	1.715686275	0
1924	9.31372549	1.852941176	0
1925	9.31372549	1.990196078	0
1926	9.31372549	2.12745098	0
1927	9.31372549	2.264705882	0
1928	9.31372549	2.401960784	0
1929	9.31372549	2.539215686	0
1930	9.31372549	2.676470588	0
1931	9.31372549	2.81372549	0
1932	9.31372549	2.950980392	0
1933	9.31372549	3.088235294	0
1934	9.31372549	3.225490196	0
1935	9.31372549	3.362745098	0
1936	9.31372549	3.5	0
1937	9.31372549	3.637254902	0
1938	9.31372549	3.774509804	0
1939	9.31372549	3.911764706	0
1940	9.31372549	4.049019608	0
1941	9.31372549	4.18627451	0
1942	9.31372549	4.323529412	0
1943	9.31372549	4.460784314	0
1944	9.31372549	4.598039216	0
1945	9.31372549	4.735294118	0
1946	9.31372549	4.87254902	0
1947	9.509803922	0.2058823529	0
1948	9.509803922	0.3431372549	0
1949	9.509803922	0.4803921569	0
1950	9.509803922	0.6176470588	0
1951	9.509803922	0.7549019608	0
1952	9.509803922	0.8921568627	0
1953	9.509803922	1.029411765	0
1954	9.509803922	1.166666667	0
1955	9.509803922	1.303921569	0
1956	9.509803922	1.441176471	0
1957	9.509803922	1.578431373	0
1958	9.509803922	1.715686275	0
1959	9.509803922	1.852941176	0
1960	9.509803922	1.990196078	0
1961	9.509803922	2.12745098	0
1962	9.509803922	2.264705882	0
1963	9.509803922	2.401960784	0
1964	9.509803922	2.539215686	0
1965	9.509803922	2.676470588	0
1966	9.509803922	2.81372549	0
1967	9.509803922	2.950980392	0
1968	9.509803922	3.088235294	0
1969	9.509803922	3.225490196	0
1970	9.509803922	3.362745098	0
1971	9.509803922	3.5	0
1972	9.509803922	3.637254902	0
1973	9.509803922	3.774509804	0
1974	9.509803922	3.911764706	0
1975	9.509803922	4.049019608	0
1976	9.509803922	4.18627451	0
1977	9.509803922	4.323529412	0
1978	9.509803922	4.460784314	0
1979	9.509803922	4.598039216	0
1980	9.509803922	4.735294118	0
1981	9.509803922	4.87254902	0
1982	9.705882353	0.2058823529	0
1983	9.705882353	0.3431372549	0
1984	9.705882353	0.4803921569	0
1985	9.705882353	0.6176470588	0
1986	9.705882353	0.7549019608	0
1987	9.705882353	0.8921568627	0
1988	9.705882353	1.029411765	0
1989	9.705882353	1.166666667	0
1990	9.705882353	1.303921569	0
1991	9.705882353	1.441176471	0
1992	9.705882353	1.578431373	0
1993	9.705882353	1.715686275	0
1994	9.705882353	1.852941176	0
1995	9.705882353	1.990196078	0
1996	9.705882353	2.12745098	0
1997	9.705882353	2.264705882	0
1998	9.705882353	2.401960784	0
1999	9.705882353	2.539215686	0
2000	9.705882353	2.676470588	0
2001	9.705882353	2.81372549	0
2002	9.705882353	2.950980392	0
2003	9.705882353	3.088235294	0
2004	9.705882353	3.225490196	0
2005	9.705882353	3.362745098	0
2006	9.705882353	3.5	0
2007	9.705882353	3.637254902	0
2008	9.705882353	3.774509804	0
2009	9.705882353	3.911764706	0
2010	9.705882353	4.049019608	0
2011	9.705882353	4.18627451	0
2012	9.705882353	4.323529412	0
2013	9.705882353	4.460784314	0
2014	9.705882353	4.598039216	0
2015	9.705882353	4.735294118	0
2016	0.07	6.65	0
2017	0.07	6.51	0
2018	0.07	6.37	0
2019	0.07	6.23	0
2020	0.07	6.09	0
2021	0.07	5.95	0
2022	0.07	5.81	0
2023	0.07	5.67	0
2024	0.07	5.53	0
2025	0.07	5.39	0
2026	0.07	5.25	0
2027	0.07	5.11	0
2028	0.07	4.97	0
2029	0.07	4.83	0
2030	0.07	4.69	0
2031	0.07	4.55	0
2032	0.07	4.41	0
2033	0.07	4.27	0
2034	0.07	4.13	0
2035	0.07	3.99	0
2036	0.07	3.85	0
2037	0.07	3.71	0
2038	0.07	3.57	0
2039	0.07	3.43	0
2040	0.07	3.29	0
2041	0.07	3.15	0
2042	0.07	3.01	0
2043	0.07	2.87	0
2044	0.07	2.73	0
2045	0.07	2.59	0
2046	0.07	2.45	0
2047	0.07	2.31	0
2048	0.07	2.17	0
2049	0.07	2.03	0
2050	0.07	1.89	0
2051	0.07	1.75	0
2052	0.07	1.61	0
2053	0.07	1.47	0
2054	0.07	1.33	0
2055	0.07	1.19	0
2056	0.07	1.05	0
2057	0.07	0.91	0
2058	0.07	0.77	0
2059	0.07	0.63	0
2060	0.07	0.49	0
2061	0.07	0.35	0
2062	0.07	0.21	0
2063	0.1	0.1	0
2064	0.3	0.1	0
2065	0.5	0.1	0
2066	0.7	0.1	0
2067	0.9	0.1	0
2068	1.1	0.1	0
2069	1.3	0.1	0
2070	1.5	0.1	0
2071	1.7	0.1	0
2072	1.9	0.1	0
2073	2.1	0.1	0
2074	2.3	0.1	0
2075	2.5	0.1	0
2076	2.7	0.1	0
2077	2.9	0.1	0
2078	3.1	0.1	0
2079	3.3	0.1	0
2080	3.5	0.1	0
2081	3.7	0.1	0
2082	3.9	0.1	0
2083	4.1	0.1	0
2084	4.3	0.1	0
2085	4.5	0.1	0
2086	4.7	0.1	0
2087	4.9	0.1	0
2088	5.1	0.1	0
2089	5.3	0.1	0
2090	5.5	0.1	0
2091	5.7	0.1	0
2092	5.9	0.1	0
2093	6.1	0.1	0
2094	6.3	0.1	0
2095	6.5	0.1	0
2096	6.7	0.1	0
2097	6.9	0.1	0
2098	7.1	0.1	0
2099	7.3	0.1	0
2100	7.5	0.1	0
2101	7.7	0.1	0
2102	7.9	0.1	0
2103	8.1	0.1	0
2104	8.3	0.1	0
2105	8.5	0.1	0
2106	8.7	0.1	0
2107	8.9	0.1	0
2108	9.1	0.1	0
2109	9.3	0.1	0
2110	9.5	0.1	0
2111	9.7	0.1	0
2112	9.928571429	0.07142857143	0
2113	9.928571429	0.2142857143	0
2114	9.928571429	0.3571428571	0
2115	9.928571429	0.5	0
2116	9.928571429	0.6428571429	0
2117	9.928571429	0.7857142857	0
2118	9.928571429	0.9285714286	0
2119	9.928571429	1.071428571	0
2120	9.928571429	1.214285714	0
2121	9.928571429	1.357142857	0
2122	9.928571429	1.5	0
2123	9.928571429	1.642857143	0
2124	9.928571429	1.785714286	0
2125	9.928571429	1.928571429	0
2126	9.928571429	2.071428571	0
2127	9.928571429	2.214285714	0
2128	9.928571429	2.357142857	0
2129	9.928571429	2.5	0
2130	9.928571429	2.642857143	0
2131	9.928571429	2.785714286	0
2132	9.928571429	2.928571429	0
2133	9.928571429	3.071428571	0
2134	9.928571429	3.214285714	0
2135	9.928571429	3.357142857	0
2136	9.928571429	3.5	0
2137	9.928571429	3.642857143	0
2138	9.928571429	3.785714286	0
2139	9.928571429	3.928571429	0
2140	9.928571429	4.071428571	0
2141	9.928571429	4.214285714	0
2142	9.928571429	4.357142857	0
2143	9.928571429	4.5	0
2144	9.928571429	4.642857143	0
2145	9.928571429	4.785714286	0
2146	9.88	4.92	0
2147	9.68	4.96	0
2148	9.48	5	0
2149	9.28	5.04	0
2150	9.08	5.08	0
2151	8.88	5.12	0
2152	8.68	5.16	0
2153	8.48	5.2	0
2154	8.28	5.24	0
2155	8.08	5.28	0
2156	7.88	5.32	0
2157	7.68	5.36	0
2158	7.48	5.4	0
2159	7.28	5.44	0
2160	7.08	5.48	0
2161	6.88	5.52	0
2162	6.68	5.56	0
2163	6.48	5.6	0
2164	6.28	5.64	0
2165	6.08	5.68	0
2166	5.88	5.72	0
2167	5.68	5.76	0
2168	5.48	5.8	0
2169	5.28	5.84	0
2170	5.08	5.88	0
2171	4.88	5.92	0
2172	4.68	5.96	0
2173	4.48	6	0
2174	4.28	6.04	0
2175	4.08	6.08	0
2176	3.88	6.12	0
2177	3.68	6.16	0
2178	3.48	6.2	0
2179	3.28	6.24	0
2180	3.08	6.28	0
2181	2.88	6.32	0
2182	2.68	6.36	0
2183	2.48	6.4	0
2184	2.28	6.44	0
2185	2.08	6.48	0
2186	1.88	6.52	0
2187	1.68	6.56	0
2188	1.48	6.6	0
2189	1.28	6.64	0
2190	1.08	6.68	0
2191	0.88	6.72	0
2192	0.68	6.76	0
2193	0.48	6.8	0
2194	0.28	6.84	0
2195	0.08	6.88	0
