# R2D2 dual grid
0	112	49	54.92857143	366	49.2	361.2	55.375	359.875	
0	49	4	54.92857143	366	55.375	359.875	58.5	366	
0	4	5	1	54.92857143	366	58.5	366	58.5	371.3333333	54.92857143	371.3333333	
0	1	110	54.92857143	366	54.92857143	371.3333333	49.2	367.6	
0	110	112	54.92857143	366	49.2	367.6	49.2	361.2	
1	5	6	2	54.92857143	371.3333333	58.5	371.3333333	58.5	376.6666667	54.92857143	376.6666667	
1	2	108	54.92857143	371.3333333	54.92857143	376.6666667	49.2	374	
1	108	110	54.92857143	371.3333333	49.2	374	49.2	367.6	
2	6	7	3	54.92857143	376.6666667	58.5	376.6666667	58.5	382	54.92857143	382	
2	3	106	54.92857143	376.6666667	54.92857143	382	49.2	380.4	
2	106	108	54.92857143	376.6666667	49.2	380.4	49.2	374	
3	7	102	54.92857143	382	58.5	382	58.70833333	385.2083333	
3	102	103	54.92857143	382	58.70833333	385.2083333	54.95833333	386.0416667	
3	103	104	54.92857143	382	54.95833333	386.0416667	49.2	386.8	
3	104	106	54.92857143	382	49.2	386.8	49.2	380.4	
4	51	8	58.5	366	59.125	359.875	62.07142857	366	
4	8	9	5	58.5	366	62.07142857	366	62.07142857	371.3333333	58.5	371.3333333	
4	49	51	58.5	366	55.375	359.875	59.125	359.875	
5	9	10	6	58.5	371.3333333	62.07142857	371.3333333	62.07142857	376.6666667	58.5	376.6666667	
6	10	11	7	58.5	376.6666667	62.07142857	376.6666667	62.07142857	382	58.5	382	
7	11	102	58.5	382	62.07142857	382	58.70833333	385.2083333	
8	53	12	62.07142857	366	62.875	359.875	65.64285714	366	
8	12	13	9	62.07142857	366	65.64285714	366	65.64285714	371.3333333	62.07142857	371.3333333	
8	51	53	62.07142857	366	59.125	359.875	62.875	359.875	
9	13	14	10	62.07142857	371.3333333	65.64285714	371.3333333	65.64285714	376.6666667	62.07142857	376.6666667	
10	14	11	62.07142857	376.6666667	65.64285714	376.6666667	62.07142857	382	
11	14	100	62.07142857	382	65.64285714	376.6666667	66.20833333	383.5416667	
11	100	101	62.07142857	382	66.20833333	383.5416667	62.45833333	384.375	
11	101	102	62.07142857	382	62.45833333	384.375	58.70833333	385.2083333	
12	55	15	65.64285714	366	66.625	359.875	69.21428571	366	
12	15	16	13	65.64285714	366	69.21428571	366	69.21428571	371.3333333	65.64285714	371.3333333	
12	53	55	65.64285714	366	62.875	359.875	66.625	359.875	
13	16	17	14	65.64285714	371.3333333	69.21428571	371.3333333	69.21428571	376.6666667	65.64285714	376.6666667	
14	17	99	65.64285714	376.6666667	69.21428571	376.6666667	69.95833333	382.7083333	
14	99	100	65.64285714	376.6666667	69.95833333	382.7083333	66.20833333	383.5416667	
15	57	18	69.21428571	366	70.375	359.875	72.78571429	366	
15	18	19	16	69.21428571	366	72.78571429	366	72.78571429	371.3333333	69.21428571	371.3333333	
15	55	57	69.21428571	366	66.625	359.875	70.375	359.875	
16	19	20	17	69.21428571	371.3333333	72.78571429	371.3333333	72.78571429	376.6666667	69.21428571	376.6666667	
17	20	99	69.21428571	376.6666667	72.78571429	376.6666667	69.95833333	382.7083333	
18	59	21	72.78571429	366	74.125	359.875	76.35714286	366	
18	21	22	19	72.78571429	366	76.35714286	366	76.35714286	371.3333333	72.78571429	371.3333333	
18	57	59	72.78571429	366	70.375	359.875	74.125	359.875	
19	22	23	20	72.78571429	371.3333333	76.35714286	371.3333333	76.35714286	376.6666667	72.78571429	376.6666667	
20	23	98	72.78571429	376.6666667	76.35714286	376.6666667	73.70833333	381.875	
20	98	99	72.78571429	376.6666667	73.70833333	381.875	69.95833333	382.7083333	
21	61	24	76.35714286	366	77.875	359.875	79.92857143	366	
21	24	25	22	76.35714286	366	79.92857143	366	79.92857143	371.3333333	76.35714286	371.3333333	
21	59	61	76.35714286	366	74.125	359.875	77.875	359.875	
22	25	26	23	76.35714286	371.3333333	79.92857143	371.3333333	79.92857143	376.6666667	76.35714286	376.6666667	
23	26	97	76.35714286	376.6666667	79.92857143	376.6666667	77.45833333	381.0416667	
23	97	98	76.35714286	376.6666667	77.45833333	381.0416667	73.70833333	381.875	
24	63	27	79.92857143	366	81.625	359.875	83.5	366	
24	27	28	25	79.92857143	366	83.5	366	83.5	371.3333333	79.92857143	371.3333333	
24	61	63	79.92857143	366	77.875	359.875	81.625	359.875	
25	28	29	26	79.92857143	371.3333333	83.5	371.3333333	83.5	376.6666667	79.92857143	376.6666667	
26	29	96	79.92857143	376.6666667	83.5	376.6666667	81.20833333	380.2083333	
26	96	97	79.92857143	376.6666667	81.20833333	380.2083333	77.45833333	381.0416667	
27	65	30	83.5	366	85.375	359.875	87.07142857	366	
27	30	31	28	83.5	366	87.07142857	366	87.07142857	371.3333333	83.5	371.3333333	
27	63	65	83.5	366	81.625	359.875	85.375	359.875	
28	31	32	29	83.5	371.3333333	87.07142857	371.3333333	87.07142857	376.6666667	83.5	376.6666667	
29	32	95	83.5	376.6666667	87.07142857	376.6666667	84.95833333	379.375	
29	95	96	83.5	376.6666667	84.95833333	379.375	81.20833333	380.2083333	
30	67	33	87.07142857	366	89.125	359.875	90.64285714	366	
30	33	34	31	87.07142857	366	90.64285714	366	90.64285714	371.3333333	87.07142857	371.3333333	
30	65	67	87.07142857	366	85.375	359.875	89.125	359.875	
31	34	32	87.07142857	371.3333333	90.64285714	371.3333333	87.07142857	376.6666667	
32	34	93	87.07142857	376.6666667	90.64285714	371.3333333	92.75	377.25	
32	93	94	87.07142857	376.6666667	92.75	377.25	88.70833333	378.5416667	
32	94	95	87.07142857	376.6666667	88.70833333	378.5416667	84.95833333	379.375	
33	69	35	90.64285714	366	92.875	359.875	94.21428571	366	
33	35	36	34	90.64285714	366	94.21428571	366	94.21428571	371.3333333	90.64285714	371.3333333	
33	67	69	90.64285714	366	89.125	359.875	92.875	359.875	
34	36	93	90.64285714	371.3333333	94.21428571	371.3333333	92.75	377.25	
35	71	37	94.21428571	366	96.625	359.875	97.78571429	366	
35	37	38	36	94.21428571	366	97.78571429	366	97.78571429	371.3333333	94.21428571	371.3333333	
35	69	71	94.21428571	366	92.875	359.875	96.625	359.875	
36	38	92	94.21428571	371.3333333	97.78571429	371.3333333	97.25	376.25	
36	92	93	94.21428571	371.3333333	97.25	376.25	92.75	377.25	
37	73	39	97.78571429	366	100.375	359.875	101.3571429	366	
37	39	40	38	97.78571429	366	101.3571429	366	101.3571429	371.3333333	97.78571429	371.3333333	
37	71	73	97.78571429	366	96.625	359.875	100.375	359.875	
38	40	91	97.78571429	371.3333333	101.3571429	371.3333333	101.75	375.25	
38	91	92	97.78571429	371.3333333	101.75	375.25	97.25	376.25	
39	75	41	101.3571429	366	104.125	359.875	104.9285714	366	
39	41	42	40	101.3571429	366	104.9285714	366	104.9285714	371.3333333	101.3571429	371.3333333	
39	73	75	101.3571429	366	100.375	359.875	104.125	359.875	
40	42	91	101.3571429	371.3333333	104.9285714	371.3333333	101.75	375.25	
41	77	43	104.9285714	366	107.875	359.875	108.5	366	
41	43	44	42	104.9285714	366	108.5	366	108.5	371.3333333	104.9285714	371.3333333	
41	75	77	104.9285714	366	104.125	359.875	107.875	359.875	
42	44	90	104.9285714	371.3333333	108.5	371.3333333	106.25	374.25	
42	90	91	104.9285714	371.3333333	106.25	374.25	101.75	375.25	
43	79	45	108.5	366	111.625	359.875	112.0714286	366	
43	45	46	44	108.5	366	112.0714286	366	112.0714286	371.3333333	108.5	371.3333333	
43	77	79	108.5	366	107.875	359.875	111.625	359.875	
44	46	89	108.5	371.3333333	112.0714286	371.3333333	110.8333333	373.8333333	
44	89	90	108.5	371.3333333	110.8333333	373.8333333	106.25	374.25	
45	85	46	112.0714286	366	116.75	370.75	112.0714286	371.3333333	
45	79	83	112.0714286	366	111.625	359.875	116.75	362.25	
45	83	85	112.0714286	366	116.75	362.25	116.75	370.75	
46	85	88	112.0714286	371.3333333	116.75	370.75	114.8333333	373.5	
46	88	89	112.0714286	371.3333333	114.8333333	373.5	110.8333333	373.8333333	
47	112	113	47.875	356.125	49.2	361.2	42.8	361.2	
47	113	-1	47.875	356.125	42.8	361.2	0	356.125	
47	-1	-1	47.875	356.125	0	356.125	47.875	300	
47	-1	-1	48	47.875	356.125	47.875	300	51.625	300	51.625	356.125	
47	48	112	47.875	356.125	51.625	356.125	49.2	361.2	
48	-1	-1	50	51.625	356.125	51.625	300	55.375	300	55.375	356.125	
48	50	49	51.625	356.125	55.375	356.125	55.375	359.875	
48	49	112	51.625	356.125	55.375	359.875	49.2	361.2	
49	50	52	51	55.375	359.875	55.375	356.125	59.125	356.125	59.125	359.875	
50	-1	-1	52	55.375	356.125	55.375	300	59.125	300	59.125	356.125	
51	52	54	53	59.125	359.875	59.125	356.125	62.875	356.125	62.875	359.875	
52	-1	-1	54	59.125	356.125	59.125	300	62.875	300	62.875	356.125	
53	54	56	55	62.875	359.875	62.875	356.125	66.625	356.125	66.625	359.875	
54	-1	-1	56	62.875	356.125	62.875	300	66.625	300	66.625	356.125	
55	56	58	57	66.625	359.875	66.625	356.125	70.375	356.125	70.375	359.875	
56	-1	-1	58	66.625	356.125	66.625	300	70.375	300	70.375	356.125	
57	58	60	59	70.375	359.875	70.375	356.125	74.125	356.125	74.125	359.875	
58	-1	-1	60	70.375	356.125	70.375	300	74.125	300	74.125	356.125	
59	60	62	61	74.125	359.875	74.125	356.125	77.875	356.125	77.875	359.875	
60	-1	-1	62	74.125	356.125	74.125	300	77.875	300	77.875	356.125	
61	62	64	63	77.875	359.875	77.875	356.125	81.625	356.125	81.625	359.875	
62	-1	-1	64	77.875	356.125	77.875	300	81.625	300	81.625	356.125	
63	64	66	65	81.625	359.875	81.625	356.125	85.375	356.125	85.375	359.875	
64	-1	-1	66	81.625	356.125	81.625	300	85.375	300	85.375	356.125	
65	66	68	67	85.375	359.875	85.375	356.125	89.125	356.125	89.125	359.875	
66	-1	-1	68	85.375	356.125	85.375	300	89.125	300	89.125	356.125	
67	68	70	69	89.125	359.875	89.125	356.125	92.875	356.125	92.875	359.875	
68	-1	-1	70	89.125	356.125	89.125	300	92.875	300	92.875	356.125	
69	70	72	71	92.875	359.875	92.875	356.125	96.625	356.125	96.625	359.875	
70	-1	-1	72	92.875	356.125	92.875	300	96.625	300	96.625	356.125	
71	72	74	73	96.625	359.875	96.625	356.125	100.375	356.125	100.375	359.875	
72	-1	-1	74	96.625	356.125	96.625	300	100.375	300	100.375	356.125	
73	74	76	75	100.375	359.875	100.375	356.125	104.125	356.125	104.125	359.875	
74	-1	-1	76	100.375	356.125	100.375	300	104.125	300	104.125	356.125	
75	76	78	77	104.125	359.875	104.125	356.125	107.875	356.125	107.875	359.875	
76	-1	-1	78	104.125	356.125	104.125	300	107.875	300	107.875	356.125	
77	78	80	79	107.875	359.875	107.875	356.125	111.625	356.125	111.625	359.875	
78	-1	-1	80	107.875	356.125	107.875	300	111.625	300	111.625	356.125	
79	80	81	111.625	359.875	111.625	356.125	115.375	356.125	
79	81	83	111.625	359.875	115.375	356.125	116.75	362.25	
80	-1	-1	81	111.625	356.125	111.625	300	115.375	300	115.375	356.125	
81	-1	-1	82	115.375	356.125	115.375	300	119.125	300	119.125	356.125	
81	82	83	115.375	356.125	119.125	356.125	116.75	362.25	
82	-1	84	119.125	356.125	119.125	300	125.25	362.25	
82	84	83	119.125	356.125	125.25	362.25	116.75	362.25	
83	84	86	85	116.75	362.25	125.25	362.25	125.25	370.75	116.75	370.75	
84	-1	-1	125.25	362.25	125.25	300	430	362.25	
84	-1	-1	125.25	362.25	430	362.25	125.1342911	357.6216427	
84	-1	-1	125.25	362.25	125.1342911	357.6216427	126.0199049	371.9508012	
84	-1	-1	125.25	362.25	126.0199049	371.9508012	125.25	356	
84	-1	-1	125.25	362.25	125.25	356	126.9538462	375.8807692	
84	-1	-1	125.25	362.25	126.9538462	375.8807692	127.4709121	378.043153	
84	-1	86	125.25	362.25	127.4709121	378.043153	125.25	370.75	
85	86	87	116.75	370.75	125.25	370.75	118.8333333	373.1666667	
85	87	88	116.75	370.75	118.8333333	373.1666667	114.8333333	373.5	
86	-1	-1	125.25	370.75	126.298779	378.2079842	126.34	378.38	
86	-1	-1	125.25	370.75	126.34	378.38	125.5944073	374.5876814	
86	-1	87	125.25	370.75	125.5944073	374.5876814	118.8333333	373.1666667	
87	-1	-1	118.8333333	373.1666667	119.0138594	375.1782434	119	375.1666667	
87	-1	-1	88	118.8333333	373.1666667	119	375.1666667	115	375.5	114.8333333	373.5	
88	-1	-1	89	114.8333333	373.5	115	375.5	111	375.8333333	110.8333333	373.8333333	
89	-1	-1	110.8333333	373.8333333	111	375.8333333	111.2058824	375.5098039	
89	-1	90	110.8333333	373.8333333	111.2058824	375.5098039	106.25	374.25	
90	-1	-1	91	106.25	374.25	106.75	376.5	102.25	377.5	101.75	375.25	
91	-1	-1	92	101.75	375.25	102.25	377.5	97.75	378.5	97.25	376.25	
92	-1	-1	93	97.25	376.25	97.75	378.5	93.25	379.5	92.75	377.25	
93	-1	94	92.75	377.25	93.25	379.5	88.70833333	378.5416667	
94	-1	-1	88.70833333	378.5416667	89.125	380.4166667	89.125	380.4166667	
94	-1	-1	95	88.70833333	378.5416667	89.125	380.4166667	85.375	381.25	84.95833333	379.375	
95	-1	-1	96	84.95833333	379.375	85.375	381.25	81.625	382.0833333	81.20833333	380.2083333	
96	-1	-1	97	81.20833333	380.2083333	81.625	382.0833333	77.875	382.9166667	77.45833333	381.0416667	
97	-1	-1	98	77.45833333	381.0416667	77.875	382.9166667	74.125	383.75	73.70833333	381.875	
98	-1	-1	99	73.70833333	381.875	74.125	383.75	70.375	384.5833333	69.95833333	382.7083333	
99	-1	-1	100	69.95833333	382.7083333	70.375	384.5833333	66.625	385.4166667	66.20833333	383.5416667	
100	-1	-1	101	66.20833333	383.5416667	66.625	385.4166667	62.875	386.25	62.45833333	384.375	
101	-1	-1	102	62.45833333	384.375	62.875	386.25	59.125	387.0833333	58.70833333	385.2083333	
102	-1	-1	103	58.70833333	385.2083333	59.125	387.0833333	55.375	387.9166667	54.95833333	386.0416667	
103	-1	104	54.95833333	386.0416667	55.375	387.9166667	49.2	386.8	
104	-1	105	49.2	386.8	49.72705882	389.1717647	42.8	386.8	
104	105	107	106	49.2	386.8	42.8	386.8	42.8	380.4	49.2	380.4	
105	-1	-1	42.8	386.8	43.53846154	390.4923077	43.36244541	391.0183406	
105	-1	-1	42.8	386.8	43.36244541	391.0183406	43.09276018	392.9479638	
105	-1	-1	42.8	386.8	43.09276018	392.9479638	0	386.8	
105	-1	-1	107	42.8	386.8	0	386.8	0	380.4	42.8	380.4	
106	107	109	108	49.2	380.4	42.8	380.4	42.8	374	49.2	374	
107	-1	-1	109	42.8	380.4	0	380.4	0	374	42.8	374	
108	109	111	110	49.2	374	42.8	374	42.8	367.6	49.2	367.6	
109	-1	-1	111	42.8	374	0	374	0	367.6	42.8	367.6	
110	111	113	112	49.2	367.6	42.8	367.6	42.8	361.2	49.2	361.2	
111	-1	-1	113	42.8	367.6	0	367.6	0	361.2	42.8	361.2	
