# R2D2 grid neighbours information
1	54.9286	366	50	5	2	111	113	
2	54.9286	371.333	1	6	3	109	111	
3	54.9286	376.667	2	7	4	107	109	
4	54.9286	382	3	8	103	104	105	107	
5	58.5	366	9	6	1	50	52	
6	58.5	371.333	7	2	5	10	
7	58.5	376.667	8	3	6	11	
8	58.5	382	4	7	12	103	
9	62.0714	366	13	10	5	52	54	
10	62.0714	371.333	11	6	9	14	
11	62.0714	376.667	12	7	10	15	
12	62.0714	382	8	11	15	101	102	103	
13	65.6429	366	16	14	9	54	56	
14	65.6429	371.333	15	10	13	17	
15	65.6429	376.667	12	11	14	18	100	101	
16	69.2143	366	19	17	13	56	58	
17	69.2143	371.333	18	14	16	20	
18	69.2143	376.667	15	17	21	100	
19	72.7857	366	22	20	16	58	60	
20	72.7857	371.333	21	17	19	23	
21	72.7857	376.667	18	20	24	99	100	
22	76.3571	366	25	23	19	60	62	
23	76.3571	371.333	24	20	22	26	
24	76.3571	376.667	21	23	27	98	99	
25	79.9286	366	28	26	22	62	64	
26	79.9286	371.333	27	23	25	29	
27	79.9286	376.667	24	26	30	97	98	
28	83.5	366	31	29	25	64	66	
29	83.5	371.333	30	26	28	32	
30	83.5	376.667	27	29	33	96	97	
31	87.0714	366	34	32	28	66	68	
32	87.0714	371.333	33	29	31	35	
33	87.0714	376.667	30	32	35	94	95	96	
34	90.6429	366	36	35	31	68	70	
35	90.6429	371.333	33	32	34	37	94	
36	94.2143	366	38	37	34	70	72	
37	94.2143	371.333	35	36	39	93	94	
38	97.7857	366	40	39	36	72	74	
39	97.7857	371.333	37	38	41	92	93	
40	101.357	366	42	41	38	74	76	
41	101.357	371.333	39	40	43	92	
42	104.929	366	44	43	40	76	78	
43	104.929	371.333	41	42	45	91	92	
44	108.5	366	46	45	42	78	80	
45	108.5	371.333	43	44	47	90	91	
46	112.071	366	47	44	80	84	86	
47	112.071	371.333	45	46	86	89	90	
48	47.875	356.125	114	49	113	
49	51.625	356.125	48	51	50	113	
50	55.375	359.875	49	51	52	5	1	113	
51	55.375	356.125	49	53	50	
52	59.125	359.875	5	50	53	54	9	
53	59.125	356.125	51	55	52	
54	62.875	359.875	9	52	55	56	13	
55	62.875	356.125	53	57	54	
56	66.625	359.875	13	54	57	58	16	
57	66.625	356.125	55	59	56	
58	70.375	359.875	16	56	59	60	19	
59	70.375	356.125	57	61	58	
60	74.125	359.875	19	58	61	62	22	
61	74.125	356.125	59	63	60	
62	77.875	359.875	22	60	63	64	25	
63	77.875	356.125	61	65	62	
64	81.625	359.875	25	62	65	66	28	
65	81.625	356.125	63	67	64	
66	85.375	359.875	28	64	67	68	31	
67	85.375	356.125	65	69	66	
68	89.125	359.875	31	66	69	70	34	
69	89.125	356.125	67	71	68	
70	92.875	359.875	34	68	71	72	36	
71	92.875	356.125	69	73	70	
72	96.625	359.875	36	70	73	74	38	
73	96.625	356.125	71	75	72	
74	100.375	359.875	38	72	75	76	40	
75	100.375	356.125	73	77	74	
76	104.125	359.875	40	74	77	78	42	
77	104.125	356.125	75	79	76	
78	107.875	359.875	42	76	79	80	44	
79	107.875	356.125	77	81	78	
80	111.625	359.875	46	44	78	81	82	84	
81	111.625	356.125	79	82	80	
82	115.375	356.125	81	83	84	80	
83	119.125	356.125	82	85	84	
84	116.75	362.25	46	80	82	83	85	86	
85	125.25	362.25	83	87	84	
86	116.75	370.75	87	88	89	47	46	84	
87	125.25	370.75	85	88	86	
88	118.833	373.167	87	89	86	
89	114.833	373.5	88	90	47	86	
90	110.833	373.833	89	91	45	47	
91	106.25	374.25	90	92	43	45	
92	101.75	375.25	91	93	39	41	43	
93	97.25	376.25	92	94	37	39	
94	92.75	377.25	93	95	33	35	37	
95	88.7083	378.542	94	96	33	
96	84.9583	379.375	95	97	30	33	
97	81.2083	380.208	96	98	27	30	
98	77.4583	381.042	97	99	24	27	
99	73.7083	381.875	98	100	21	24	
100	69.9583	382.708	99	101	15	18	21	
101	66.2083	383.542	100	102	12	15	
102	62.4583	384.375	101	103	12	
103	58.7083	385.208	102	104	4	8	12	
104	54.9583	386.042	103	105	4	
105	49.2	386.8	104	106	107	4	
106	42.8	386.8	105	108	
107	49.2	380.4	3	4	105	108	109	
108	42.8	380.4	106	110	107	
109	49.2	374	2	3	107	110	111	
110	42.8	374	108	112	109	
111	49.2	367.6	1	2	109	112	113	
112	42.8	367.6	110	114	111	
113	49.2	361.2	114	48	49	50	1	111	
114	42.8	361.2	112	48	113	
