# R2D2 grid information
0	4.215686275	310.245098	0
1	4.215686275	312.1078431	0
2	4.215686275	313.9705882	0
3	4.215686275	315.8333333	0
4	4.215686275	317.6960784	0
5	4.215686275	319.5588235	0
6	4.215686275	321.4215686	0
7	4.215686275	323.2843137	0
8	4.215686275	325.1470588	0
9	4.215686275	327.0098039	0
10	4.215686275	328.872549	0
11	4.215686275	330.7352941	0
12	4.215686275	332.5980392	0
13	4.215686275	334.4607843	0
14	4.215686275	336.3235294	0
15	4.215686275	338.1862745	0
16	4.215686275	340.0490196	0
17	4.215686275	341.9117647	0
18	4.215686275	343.7745098	0
19	4.215686275	345.6372549	0
20	4.215686275	347.5	0
21	4.215686275	349.3627451	0
22	4.215686275	351.2254902	0
23	4.215686275	353.0882353	0
24	4.215686275	354.9509804	0
25	4.215686275	356.8137255	0
26	4.215686275	358.6764706	0
27	4.215686275	360.5392157	0
28	4.215686275	362.4019608	0
29	4.215686275	364.2647059	0
30	4.215686275	366.127451	0
31	4.215686275	367.9901961	0
32	4.215686275	369.8529412	0
33	4.215686275	371.7156863	0
34	4.215686275	373.5784314	0
35	4.215686275	375.4411765	0
36	4.215686275	377.3039216	0
37	4.215686275	379.1666667	0
38	4.215686275	381.0294118	0
39	4.215686275	382.8921569	0
40	12.64705882	310.245098	0
41	12.64705882	312.1078431	0
42	12.64705882	313.9705882	0
43	12.64705882	315.8333333	0
44	12.64705882	317.6960784	0
45	12.64705882	319.5588235	0
46	12.64705882	321.4215686	0
47	12.64705882	323.2843137	0
48	12.64705882	325.1470588	0
49	12.64705882	327.0098039	0
50	12.64705882	328.872549	0
51	12.64705882	330.7352941	0
52	12.64705882	332.5980392	0
53	12.64705882	334.4607843	0
54	12.64705882	336.3235294	0
55	12.64705882	338.1862745	0
56	12.64705882	340.0490196	0
57	12.64705882	341.9117647	0
58	12.64705882	343.7745098	0
59	12.64705882	345.6372549	0
60	12.64705882	347.5	0
61	12.64705882	349.3627451	0
62	12.64705882	351.2254902	0
63	12.64705882	353.0882353	0
64	12.64705882	354.9509804	0
65	12.64705882	356.8137255	0
66	12.64705882	358.6764706	0
67	12.64705882	360.5392157	0
68	12.64705882	362.4019608	0
69	12.64705882	364.2647059	0
70	12.64705882	366.127451	0
71	12.64705882	367.9901961	0
72	12.64705882	369.8529412	0
73	12.64705882	371.7156863	0
74	12.64705882	373.5784314	0
75	12.64705882	375.4411765	0
76	12.64705882	377.3039216	0
77	12.64705882	379.1666667	0
78	12.64705882	381.0294118	0
79	12.64705882	382.8921569	0
80	21.07843137	310.245098	0
81	21.07843137	312.1078431	0
82	21.07843137	313.9705882	0
83	21.07843137	315.8333333	0
84	21.07843137	317.6960784	0
85	21.07843137	319.5588235	0
86	21.07843137	321.4215686	0
87	21.07843137	323.2843137	0
88	21.07843137	325.1470588	0
89	21.07843137	327.0098039	0
90	21.07843137	328.872549	0
91	21.07843137	330.7352941	0
92	21.07843137	332.5980392	0
93	21.07843137	334.4607843	0
94	21.07843137	336.3235294	0
95	21.07843137	338.1862745	0
96	21.07843137	340.0490196	0
97	21.07843137	341.9117647	0
98	21.07843137	343.7745098	0
99	21.07843137	345.6372549	0
100	21.07843137	347.5	0
101	21.07843137	349.3627451	0
102	21.07843137	351.2254902	0
103	21.07843137	353.0882353	0
104	21.07843137	354.9509804	0
105	21.07843137	356.8137255	0
106	21.07843137	358.6764706	0
107	21.07843137	360.5392157	0
108	21.07843137	362.4019608	0
109	21.07843137	364.2647059	0
110	21.07843137	366.127451	0
111	21.07843137	367.9901961	0
112	21.07843137	369.8529412	0
113	21.07843137	371.7156863	0
114	21.07843137	373.5784314	0
115	21.07843137	375.4411765	0
116	21.07843137	377.3039216	0
117	29.50980392	310.245098	0
118	29.50980392	312.1078431	0
119	29.50980392	313.9705882	0
120	29.50980392	315.8333333	0
121	29.50980392	317.6960784	0
122	29.50980392	319.5588235	0
123	29.50980392	321.4215686	0
124	29.50980392	323.2843137	0
125	29.50980392	325.1470588	0
126	29.50980392	327.0098039	0
127	29.50980392	328.872549	0
128	29.50980392	330.7352941	0
129	29.50980392	332.5980392	0
130	29.50980392	334.4607843	0
131	29.50980392	336.3235294	0
132	29.50980392	338.1862745	0
133	29.50980392	340.0490196	0
134	29.50980392	341.9117647	0
135	29.50980392	343.7745098	0
136	29.50980392	345.6372549	0
137	29.50980392	347.5	0
138	29.50980392	349.3627451	0
139	29.50980392	351.2254902	0
140	29.50980392	353.0882353	0
141	29.50980392	354.9509804	0
142	29.50980392	356.8137255	0
143	29.50980392	358.6764706	0
144	29.50980392	360.5392157	0
145	29.50980392	362.4019608	0
146	29.50980392	364.2647059	0
147	29.50980392	366.127451	0
148	29.50980392	367.9901961	0
149	29.50980392	369.8529412	0
150	29.50980392	371.7156863	0
151	29.50980392	373.5784314	0
152	29.50980392	375.4411765	0
153	29.50980392	377.3039216	0
154	37.94117647	310.245098	0
155	37.94117647	312.1078431	0
156	37.94117647	313.9705882	0
157	37.94117647	315.8333333	0
158	37.94117647	317.6960784	0
159	37.94117647	319.5588235	0
160	37.94117647	321.4215686	0
161	37.94117647	323.2843137	0
162	37.94117647	325.1470588	0
163	37.94117647	327.0098039	0
164	37.94117647	328.872549	0
165	37.94117647	330.7352941	0
166	37.94117647	332.5980392	0
167	37.94117647	334.4607843	0
168	37.94117647	336.3235294	0
169	37.94117647	338.1862745	0
170	37.94117647	340.0490196	0
171	37.94117647	341.9117647	0
172	37.94117647	343.7745098	0
173	37.94117647	345.6372549	0
174	37.94117647	347.5	0
175	37.94117647	349.3627451	0
176	37.94117647	351.2254902	0
177	37.94117647	353.0882353	0
178	37.94117647	354.9509804	0
179	37.94117647	356.8137255	0
180	37.94117647	358.6764706	0
181	37.94117647	360.5392157	0
182	37.94117647	362.4019608	0
183	37.94117647	364.2647059	0
184	37.94117647	366.127451	0
185	37.94117647	367.9901961	0
186	37.94117647	369.8529412	0
187	37.94117647	371.7156863	0
188	37.94117647	373.5784314	0
189	37.94117647	375.4411765	0
190	37.94117647	377.3039216	0
191	37.94117647	379.1666667	0
192	37.94117647	381.0294118	0
193	46.37254902	310.245098	0
194	46.37254902	312.1078431	0
195	46.37254902	313.9705882	0
196	46.37254902	315.8333333	0
197	46.37254902	317.6960784	0
198	46.37254902	319.5588235	0
199	46.37254902	321.4215686	0
200	46.37254902	323.2843137	0
201	46.37254902	325.1470588	0
202	46.37254902	327.0098039	0
203	46.37254902	328.872549	0
204	46.37254902	330.7352941	0
205	46.37254902	332.5980392	0
206	46.37254902	334.4607843	0
207	46.37254902	336.3235294	0
208	46.37254902	338.1862745	0
209	46.37254902	340.0490196	0
210	46.37254902	341.9117647	0
211	46.37254902	343.7745098	0
212	46.37254902	345.6372549	0
213	46.37254902	347.5	0
214	46.37254902	349.3627451	0
215	46.37254902	351.2254902	0
216	46.37254902	353.0882353	0
217	46.37254902	354.9509804	0
218	46.37254902	356.8137255	0
219	46.37254902	358.6764706	0
220	46.37254902	360.5392157	0
221	46.37254902	362.4019608	0
222	46.37254902	364.2647059	0
223	46.37254902	366.127451	0
224	46.37254902	367.9901961	0
225	46.37254902	369.8529412	0
226	46.37254902	371.7156863	0
227	46.37254902	373.5784314	0
228	46.37254902	375.4411765	0
229	46.37254902	377.3039216	0
230	46.37254902	379.1666667	0
231	54.80392157	310.245098	0
232	54.80392157	312.1078431	0
233	54.80392157	313.9705882	0
234	54.80392157	315.8333333	0
235	54.80392157	317.6960784	0
236	54.80392157	319.5588235	0
237	54.80392157	321.4215686	0
238	54.80392157	323.2843137	0
239	54.80392157	325.1470588	0
240	54.80392157	327.0098039	0
241	54.80392157	328.872549	0
242	54.80392157	330.7352941	0
243	54.80392157	332.5980392	0
244	54.80392157	334.4607843	0
245	54.80392157	336.3235294	0
246	54.80392157	338.1862745	0
247	54.80392157	340.0490196	0
248	54.80392157	341.9117647	0
249	54.80392157	343.7745098	0
250	54.80392157	345.6372549	0
251	54.80392157	347.5	0
252	54.80392157	349.3627451	0
253	54.80392157	351.2254902	0
254	54.80392157	353.0882353	0
255	54.80392157	354.9509804	0
256	54.80392157	356.8137255	0
257	54.80392157	358.6764706	0
258	54.80392157	360.5392157	0
259	54.80392157	362.4019608	0
260	54.80392157	364.2647059	0
261	54.80392157	366.127451	0
262	54.80392157	367.9901961	0
263	54.80392157	369.8529412	0
264	54.80392157	371.7156863	0
265	54.80392157	373.5784314	0
266	54.80392157	375.4411765	0
267	54.80392157	377.3039216	0
268	63.23529412	310.245098	0
269	63.23529412	312.1078431	0
270	63.23529412	313.9705882	0
271	63.23529412	315.8333333	0
272	63.23529412	317.6960784	0
273	63.23529412	319.5588235	0
274	63.23529412	321.4215686	0
275	63.23529412	323.2843137	0
276	63.23529412	325.1470588	0
277	63.23529412	327.0098039	0
278	63.23529412	328.872549	0
279	63.23529412	330.7352941	0
280	63.23529412	332.5980392	0
281	63.23529412	334.4607843	0
282	63.23529412	336.3235294	0
283	63.23529412	338.1862745	0
284	63.23529412	340.0490196	0
285	63.23529412	341.9117647	0
286	63.23529412	343.7745098	0
287	63.23529412	345.6372549	0
288	63.23529412	347.5	0
289	63.23529412	349.3627451	0
290	63.23529412	351.2254902	0
291	63.23529412	353.0882353	0
292	63.23529412	354.9509804	0
293	63.23529412	356.8137255	0
294	63.23529412	358.6764706	0
295	63.23529412	360.5392157	0
296	63.23529412	362.4019608	0
297	63.23529412	364.2647059	0
298	63.23529412	366.127451	0
299	63.23529412	367.9901961	0
300	63.23529412	369.8529412	0
301	63.23529412	371.7156863	0
302	63.23529412	373.5784314	0
303	63.23529412	375.4411765	0
304	71.66666667	310.245098	0
305	71.66666667	312.1078431	0
306	71.66666667	313.9705882	0
307	71.66666667	315.8333333	0
308	71.66666667	317.6960784	0
309	71.66666667	319.5588235	0
310	71.66666667	321.4215686	0
311	71.66666667	323.2843137	0
312	71.66666667	325.1470588	0
313	71.66666667	327.0098039	0
314	71.66666667	328.872549	0
315	71.66666667	330.7352941	0
316	71.66666667	332.5980392	0
317	71.66666667	334.4607843	0
318	71.66666667	336.3235294	0
319	71.66666667	338.1862745	0
320	71.66666667	340.0490196	0
321	71.66666667	341.9117647	0
322	71.66666667	343.7745098	0
323	71.66666667	345.6372549	0
324	71.66666667	347.5	0
325	71.66666667	349.3627451	0
326	71.66666667	351.2254902	0
327	71.66666667	353.0882353	0
328	71.66666667	354.9509804	0
329	71.66666667	356.8137255	0
330	71.66666667	358.6764706	0
331	71.66666667	360.5392157	0
332	71.66666667	362.4019608	0
333	71.66666667	364.2647059	0
334	71.66666667	366.127451	0
335	71.66666667	367.9901961	0
336	71.66666667	369.8529412	0
337	71.66666667	371.7156863	0
338	71.66666667	373.5784314	0
339	80.09803922	310.245098	0
340	80.09803922	312.1078431	0
341	80.09803922	313.9705882	0
342	80.09803922	315.8333333	0
343	80.09803922	317.6960784	0
344	80.09803922	319.5588235	0
345	80.09803922	321.4215686	0
346	80.09803922	323.2843137	0
347	80.09803922	325.1470588	0
348	80.09803922	327.0098039	0
349	80.09803922	328.872549	0
350	80.09803922	330.7352941	0
351	80.09803922	332.5980392	0
352	80.09803922	334.4607843	0
353	80.09803922	336.3235294	0
354	80.09803922	338.1862745	0
355	80.09803922	340.0490196	0
356	80.09803922	341.9117647	0
357	80.09803922	343.7745098	0
358	80.09803922	345.6372549	0
359	80.09803922	347.5	0
360	80.09803922	349.3627451	0
361	80.09803922	351.2254902	0
362	80.09803922	353.0882353	0
363	80.09803922	354.9509804	0
364	80.09803922	356.8137255	0
365	80.09803922	358.6764706	0
366	80.09803922	360.5392157	0
367	80.09803922	362.4019608	0
368	80.09803922	364.2647059	0
369	80.09803922	366.127451	0
370	80.09803922	367.9901961	0
371	80.09803922	369.8529412	0
372	80.09803922	371.7156863	0
373	88.52941176	310.245098	0
374	88.52941176	312.1078431	0
375	88.52941176	313.9705882	0
376	88.52941176	315.8333333	0
377	88.52941176	317.6960784	0
378	88.52941176	319.5588235	0
379	88.52941176	321.4215686	0
380	88.52941176	323.2843137	0
381	88.52941176	325.1470588	0
382	88.52941176	327.0098039	0
383	88.52941176	328.872549	0
384	88.52941176	330.7352941	0
385	88.52941176	332.5980392	0
386	88.52941176	334.4607843	0
387	88.52941176	336.3235294	0
388	88.52941176	338.1862745	0
389	88.52941176	340.0490196	0
390	88.52941176	341.9117647	0
391	88.52941176	343.7745098	0
392	88.52941176	345.6372549	0
393	88.52941176	347.5	0
394	88.52941176	349.3627451	0
395	88.52941176	351.2254902	0
396	88.52941176	353.0882353	0
397	88.52941176	354.9509804	0
398	88.52941176	356.8137255	0
399	88.52941176	358.6764706	0
400	88.52941176	360.5392157	0
401	88.52941176	362.4019608	0
402	88.52941176	364.2647059	0
403	88.52941176	366.127451	0
404	88.52941176	367.9901961	0
405	88.52941176	369.8529412	0
406	96.96078431	310.245098	0
407	96.96078431	312.1078431	0
408	96.96078431	313.9705882	0
409	96.96078431	315.8333333	0
410	96.96078431	317.6960784	0
411	96.96078431	319.5588235	0
412	96.96078431	321.4215686	0
413	96.96078431	323.2843137	0
414	96.96078431	325.1470588	0
415	96.96078431	327.0098039	0
416	96.96078431	328.872549	0
417	96.96078431	330.7352941	0
418	96.96078431	332.5980392	0
419	96.96078431	334.4607843	0
420	96.96078431	336.3235294	0
421	96.96078431	338.1862745	0
422	96.96078431	340.0490196	0
423	96.96078431	341.9117647	0
424	96.96078431	343.7745098	0
425	96.96078431	345.6372549	0
426	96.96078431	347.5	0
427	96.96078431	349.3627451	0
428	96.96078431	351.2254902	0
429	96.96078431	353.0882353	0
430	96.96078431	354.9509804	0
431	96.96078431	356.8137255	0
432	96.96078431	358.6764706	0
433	96.96078431	360.5392157	0
434	96.96078431	362.4019608	0
435	96.96078431	364.2647059	0
436	96.96078431	366.127451	0
437	96.96078431	367.9901961	0
438	105.3921569	310.245098	0
439	105.3921569	312.1078431	0
440	105.3921569	313.9705882	0
441	105.3921569	315.8333333	0
442	105.3921569	317.6960784	0
443	105.3921569	319.5588235	0
444	105.3921569	321.4215686	0
445	105.3921569	323.2843137	0
446	105.3921569	325.1470588	0
447	105.3921569	327.0098039	0
448	105.3921569	328.872549	0
449	105.3921569	330.7352941	0
450	105.3921569	332.5980392	0
451	105.3921569	334.4607843	0
452	105.3921569	336.3235294	0
453	105.3921569	338.1862745	0
454	105.3921569	340.0490196	0
455	105.3921569	341.9117647	0
456	105.3921569	343.7745098	0
457	105.3921569	345.6372549	0
458	105.3921569	347.5	0
459	105.3921569	349.3627451	0
460	105.3921569	351.2254902	0
461	105.3921569	353.0882353	0
462	105.3921569	354.9509804	0
463	105.3921569	356.8137255	0
464	105.3921569	358.6764706	0
465	105.3921569	360.5392157	0
466	105.3921569	362.4019608	0
467	105.3921569	364.2647059	0
468	105.3921569	366.127451	0
469	113.8235294	310.245098	0
470	113.8235294	312.1078431	0
471	113.8235294	313.9705882	0
472	113.8235294	315.8333333	0
473	113.8235294	317.6960784	0
474	113.8235294	319.5588235	0
475	113.8235294	321.4215686	0
476	113.8235294	323.2843137	0
477	113.8235294	325.1470588	0
478	113.8235294	327.0098039	0
479	113.8235294	328.872549	0
480	113.8235294	330.7352941	0
481	113.8235294	332.5980392	0
482	113.8235294	334.4607843	0
483	113.8235294	336.3235294	0
484	113.8235294	338.1862745	0
485	113.8235294	340.0490196	0
486	113.8235294	341.9117647	0
487	113.8235294	343.7745098	0
488	113.8235294	345.6372549	0
489	113.8235294	347.5	0
490	113.8235294	349.3627451	0
491	113.8235294	351.2254902	0
492	113.8235294	353.0882353	0
493	113.8235294	354.9509804	0
494	113.8235294	356.8137255	0
495	113.8235294	358.6764706	0
496	113.8235294	360.5392157	0
497	113.8235294	362.4019608	0
498	113.8235294	364.2647059	0
499	113.8235294	366.127451	0
500	122.254902	310.245098	0
501	122.254902	312.1078431	0
502	122.254902	313.9705882	0
503	122.254902	315.8333333	0
504	122.254902	317.6960784	0
505	122.254902	319.5588235	0
506	122.254902	321.4215686	0
507	122.254902	323.2843137	0
508	122.254902	325.1470588	0
509	122.254902	327.0098039	0
510	122.254902	328.872549	0
511	122.254902	330.7352941	0
512	122.254902	332.5980392	0
513	122.254902	334.4607843	0
514	122.254902	336.3235294	0
515	122.254902	338.1862745	0
516	122.254902	340.0490196	0
517	122.254902	341.9117647	0
518	122.254902	343.7745098	0
519	122.254902	345.6372549	0
520	122.254902	347.5	0
521	122.254902	349.3627451	0
522	122.254902	351.2254902	0
523	122.254902	353.0882353	0
524	122.254902	354.9509804	0
525	122.254902	356.8137255	0
526	122.254902	358.6764706	0
527	122.254902	360.5392157	0
528	122.254902	362.4019608	0
529	122.254902	364.2647059	0
530	130.6862745	310.245098	0
531	130.6862745	312.1078431	0
532	130.6862745	313.9705882	0
533	130.6862745	315.8333333	0
534	130.6862745	317.6960784	0
535	130.6862745	319.5588235	0
536	130.6862745	321.4215686	0
537	130.6862745	323.2843137	0
538	130.6862745	325.1470588	0
539	130.6862745	327.0098039	0
540	130.6862745	328.872549	0
541	130.6862745	330.7352941	0
542	130.6862745	332.5980392	0
543	130.6862745	334.4607843	0
544	130.6862745	336.3235294	0
545	130.6862745	338.1862745	0
546	130.6862745	340.0490196	0
547	130.6862745	341.9117647	0
548	130.6862745	343.7745098	0
549	130.6862745	345.6372549	0
550	130.6862745	347.5	0
551	130.6862745	349.3627451	0
552	130.6862745	351.2254902	0
553	130.6862745	353.0882353	0
554	130.6862745	354.9509804	0
555	130.6862745	356.8137255	0
556	130.6862745	358.6764706	0
557	130.6862745	360.5392157	0
558	130.6862745	362.4019608	0
559	130.6862745	364.2647059	0
560	139.1176471	310.245098	0
561	139.1176471	312.1078431	0
562	139.1176471	313.9705882	0
563	139.1176471	315.8333333	0
564	139.1176471	317.6960784	0
565	139.1176471	319.5588235	0
566	139.1176471	321.4215686	0
567	139.1176471	323.2843137	0
568	139.1176471	325.1470588	0
569	139.1176471	327.0098039	0
570	139.1176471	328.872549	0
571	139.1176471	330.7352941	0
572	139.1176471	332.5980392	0
573	139.1176471	334.4607843	0
574	139.1176471	336.3235294	0
575	139.1176471	338.1862745	0
576	139.1176471	340.0490196	0
577	139.1176471	341.9117647	0
578	139.1176471	343.7745098	0
579	139.1176471	345.6372549	0
580	139.1176471	347.5	0
581	139.1176471	349.3627451	0
582	139.1176471	351.2254902	0
583	139.1176471	353.0882353	0
584	139.1176471	354.9509804	0
585	139.1176471	356.8137255	0
586	139.1176471	358.6764706	0
587	139.1176471	360.5392157	0
588	139.1176471	362.4019608	0
589	147.5490196	310.245098	0
590	147.5490196	312.1078431	0
591	147.5490196	313.9705882	0
592	147.5490196	315.8333333	0
593	147.5490196	317.6960784	0
594	147.5490196	319.5588235	0
595	147.5490196	321.4215686	0
596	147.5490196	323.2843137	0
597	147.5490196	325.1470588	0
598	147.5490196	327.0098039	0
599	147.5490196	328.872549	0
600	147.5490196	330.7352941	0
601	147.5490196	332.5980392	0
602	147.5490196	334.4607843	0
603	147.5490196	336.3235294	0
604	147.5490196	338.1862745	0
605	147.5490196	340.0490196	0
606	147.5490196	341.9117647	0
607	147.5490196	343.7745098	0
608	147.5490196	345.6372549	0
609	147.5490196	347.5	0
610	147.5490196	349.3627451	0
611	147.5490196	351.2254902	0
612	147.5490196	353.0882353	0
613	147.5490196	354.9509804	0
614	147.5490196	356.8137255	0
615	147.5490196	358.6764706	0
616	147.5490196	360.5392157	0
617	147.5490196	362.4019608	0
618	155.9803922	310.245098	0
619	155.9803922	312.1078431	0
620	155.9803922	313.9705882	0
621	155.9803922	315.8333333	0
622	155.9803922	317.6960784	0
623	155.9803922	319.5588235	0
624	155.9803922	321.4215686	0
625	155.9803922	323.2843137	0
626	155.9803922	325.1470588	0
627	155.9803922	327.0098039	0
628	155.9803922	328.872549	0
629	155.9803922	330.7352941	0
630	155.9803922	332.5980392	0
631	155.9803922	334.4607843	0
632	155.9803922	336.3235294	0
633	155.9803922	338.1862745	0
634	155.9803922	340.0490196	0
635	155.9803922	341.9117647	0
636	155.9803922	343.7745098	0
637	155.9803922	345.6372549	0
638	155.9803922	347.5	0
639	155.9803922	349.3627451	0
640	155.9803922	351.2254902	0
641	155.9803922	353.0882353	0
642	155.9803922	354.9509804	0
643	155.9803922	356.8137255	0
644	155.9803922	358.6764706	0
645	155.9803922	360.5392157	0
646	155.9803922	362.4019608	0
647	164.4117647	310.245098	0
648	164.4117647	312.1078431	0
649	164.4117647	313.9705882	0
650	164.4117647	315.8333333	0
651	164.4117647	317.6960784	0
652	164.4117647	319.5588235	0
653	164.4117647	321.4215686	0
654	164.4117647	323.2843137	0
655	164.4117647	325.1470588	0
656	164.4117647	327.0098039	0
657	164.4117647	328.872549	0
658	164.4117647	330.7352941	0
659	164.4117647	332.5980392	0
660	164.4117647	334.4607843	0
661	164.4117647	336.3235294	0
662	164.4117647	338.1862745	0
663	164.4117647	340.0490196	0
664	164.4117647	341.9117647	0
665	164.4117647	343.7745098	0
666	164.4117647	345.6372549	0
667	164.4117647	347.5	0
668	164.4117647	349.3627451	0
669	164.4117647	351.2254902	0
670	164.4117647	353.0882353	0
671	164.4117647	354.9509804	0
672	164.4117647	356.8137255	0
673	164.4117647	358.6764706	0
674	164.4117647	360.5392157	0
675	172.8431373	310.245098	0
676	172.8431373	312.1078431	0
677	172.8431373	313.9705882	0
678	172.8431373	315.8333333	0
679	172.8431373	317.6960784	0
680	172.8431373	319.5588235	0
681	172.8431373	321.4215686	0
682	172.8431373	323.2843137	0
683	172.8431373	325.1470588	0
684	172.8431373	327.0098039	0
685	172.8431373	328.872549	0
686	172.8431373	330.7352941	0
687	172.8431373	332.5980392	0
688	172.8431373	334.4607843	0
689	172.8431373	336.3235294	0
690	172.8431373	338.1862745	0
691	172.8431373	340.0490196	0
692	172.8431373	341.9117647	0
693	172.8431373	343.7745098	0
694	172.8431373	345.6372549	0
695	172.8431373	347.5	0
696	172.8431373	349.3627451	0
697	172.8431373	351.2254902	0
698	172.8431373	353.0882353	0
699	172.8431373	354.9509804	0
700	172.8431373	356.8137255	0
701	172.8431373	358.6764706	0
702	172.8431373	360.5392157	0
703	181.2745098	310.245098	0
704	181.2745098	312.1078431	0
705	181.2745098	313.9705882	0
706	181.2745098	315.8333333	0
707	181.2745098	317.6960784	0
708	181.2745098	319.5588235	0
709	181.2745098	321.4215686	0
710	181.2745098	323.2843137	0
711	181.2745098	325.1470588	0
712	181.2745098	327.0098039	0
713	181.2745098	328.872549	0
714	181.2745098	330.7352941	0
715	181.2745098	332.5980392	0
716	181.2745098	334.4607843	0
717	181.2745098	336.3235294	0
718	181.2745098	338.1862745	0
719	181.2745098	340.0490196	0
720	181.2745098	341.9117647	0
721	181.2745098	343.7745098	0
722	181.2745098	345.6372549	0
723	181.2745098	347.5	0
724	181.2745098	349.3627451	0
725	181.2745098	351.2254902	0
726	181.2745098	353.0882353	0
727	181.2745098	354.9509804	0
728	181.2745098	356.8137255	0
729	181.2745098	358.6764706	0
730	189.7058824	310.245098	0
731	189.7058824	312.1078431	0
732	189.7058824	313.9705882	0
733	189.7058824	315.8333333	0
734	189.7058824	317.6960784	0
735	189.7058824	319.5588235	0
736	189.7058824	321.4215686	0
737	189.7058824	323.2843137	0
738	189.7058824	325.1470588	0
739	189.7058824	327.0098039	0
740	189.7058824	328.872549	0
741	189.7058824	330.7352941	0
742	189.7058824	332.5980392	0
743	189.7058824	334.4607843	0
744	189.7058824	336.3235294	0
745	189.7058824	338.1862745	0
746	189.7058824	340.0490196	0
747	189.7058824	341.9117647	0
748	189.7058824	343.7745098	0
749	189.7058824	345.6372549	0
750	189.7058824	347.5	0
751	189.7058824	349.3627451	0
752	189.7058824	351.2254902	0
753	189.7058824	353.0882353	0
754	189.7058824	354.9509804	0
755	189.7058824	356.8137255	0
756	189.7058824	358.6764706	0
757	198.1372549	310.245098	0
758	206.5686275	310.245098	0
759	206.5686275	312.1078431	0
760	206.5686275	313.9705882	0
761	206.5686275	315.8333333	0
762	206.5686275	317.6960784	0
763	206.5686275	319.5588235	0
764	206.5686275	321.4215686	0
765	206.5686275	323.2843137	0
766	206.5686275	325.1470588	0
767	206.5686275	327.0098039	0
768	206.5686275	328.872549	0
769	206.5686275	330.7352941	0
770	206.5686275	332.5980392	0
771	206.5686275	334.4607843	0
772	206.5686275	336.3235294	0
773	206.5686275	338.1862745	0
774	206.5686275	340.0490196	0
775	206.5686275	341.9117647	0
776	206.5686275	343.7745098	0
777	206.5686275	345.6372549	0
778	206.5686275	347.5	0
779	206.5686275	349.3627451	0
780	206.5686275	351.2254902	0
781	206.5686275	353.0882353	0
782	206.5686275	354.9509804	0
783	206.5686275	356.8137255	0
784	215	310.245098	0
785	215	312.1078431	0
786	215	313.9705882	0
787	215	315.8333333	0
788	215	317.6960784	0
789	215	319.5588235	0
790	215	321.4215686	0
791	215	323.2843137	0
792	215	325.1470588	0
793	215	327.0098039	0
794	215	328.872549	0
795	215	330.7352941	0
796	215	332.5980392	0
797	215	334.4607843	0
798	215	336.3235294	0
799	215	338.1862745	0
800	215	340.0490196	0
801	215	341.9117647	0
802	215	343.7745098	0
803	215	345.6372549	0
804	215	347.5	0
805	215	349.3627451	0
806	215	351.2254902	0
807	215	353.0882353	0
808	215	354.9509804	0
809	223.4313725	310.245098	0
810	223.4313725	312.1078431	0
811	223.4313725	313.9705882	0
812	223.4313725	315.8333333	0
813	223.4313725	317.6960784	0
814	223.4313725	319.5588235	0
815	223.4313725	321.4215686	0
816	223.4313725	323.2843137	0
817	223.4313725	325.1470588	0
818	223.4313725	327.0098039	0
819	223.4313725	328.872549	0
820	223.4313725	330.7352941	0
821	223.4313725	332.5980392	0
822	223.4313725	334.4607843	0
823	223.4313725	336.3235294	0
824	223.4313725	338.1862745	0
825	223.4313725	340.0490196	0
826	223.4313725	341.9117647	0
827	223.4313725	343.7745098	0
828	223.4313725	345.6372549	0
829	223.4313725	347.5	0
830	223.4313725	349.3627451	0
831	223.4313725	351.2254902	0
832	223.4313725	353.0882353	0
833	223.4313725	354.9509804	0
834	231.8627451	310.245098	0
835	231.8627451	312.1078431	0
836	231.8627451	313.9705882	0
837	231.8627451	315.8333333	0
838	231.8627451	317.6960784	0
839	231.8627451	319.5588235	0
840	231.8627451	321.4215686	0
841	231.8627451	323.2843137	0
842	231.8627451	325.1470588	0
843	231.8627451	327.0098039	0
844	231.8627451	328.872549	0
845	231.8627451	330.7352941	0
846	231.8627451	332.5980392	0
847	231.8627451	334.4607843	0
848	231.8627451	336.3235294	0
849	231.8627451	338.1862745	0
850	231.8627451	340.0490196	0
851	231.8627451	341.9117647	0
852	231.8627451	343.7745098	0
853	231.8627451	345.6372549	0
854	231.8627451	347.5	0
855	231.8627451	349.3627451	0
856	231.8627451	351.2254902	0
857	231.8627451	353.0882353	0
858	240.2941176	310.245098	0
859	240.2941176	312.1078431	0
860	240.2941176	313.9705882	0
861	240.2941176	315.8333333	0
862	240.2941176	317.6960784	0
863	240.2941176	319.5588235	0
864	240.2941176	321.4215686	0
865	240.2941176	323.2843137	0
866	240.2941176	325.1470588	0
867	240.2941176	327.0098039	0
868	240.2941176	328.872549	0
869	240.2941176	330.7352941	0
870	240.2941176	332.5980392	0
871	240.2941176	334.4607843	0
872	240.2941176	336.3235294	0
873	240.2941176	338.1862745	0
874	240.2941176	340.0490196	0
875	240.2941176	341.9117647	0
876	240.2941176	343.7745098	0
877	240.2941176	345.6372549	0
878	240.2941176	347.5	0
879	240.2941176	349.3627451	0
880	240.2941176	351.2254902	0
881	248.7254902	310.245098	0
882	248.7254902	312.1078431	0
883	248.7254902	313.9705882	0
884	248.7254902	315.8333333	0
885	248.7254902	317.6960784	0
886	248.7254902	319.5588235	0
887	248.7254902	321.4215686	0
888	248.7254902	323.2843137	0
889	248.7254902	325.1470588	0
890	248.7254902	327.0098039	0
891	248.7254902	328.872549	0
892	248.7254902	330.7352941	0
893	248.7254902	332.5980392	0
894	248.7254902	334.4607843	0
895	248.7254902	336.3235294	0
896	248.7254902	338.1862745	0
897	248.7254902	340.0490196	0
898	248.7254902	341.9117647	0
899	248.7254902	343.7745098	0
900	248.7254902	345.6372549	0
901	248.7254902	347.5	0
902	248.7254902	349.3627451	0
903	248.7254902	351.2254902	0
904	257.1568627	310.245098	0
905	257.1568627	312.1078431	0
906	257.1568627	313.9705882	0
907	257.1568627	315.8333333	0
908	257.1568627	317.6960784	0
909	257.1568627	319.5588235	0
910	257.1568627	321.4215686	0
911	257.1568627	323.2843137	0
912	257.1568627	325.1470588	0
913	257.1568627	327.0098039	0
914	257.1568627	328.872549	0
915	257.1568627	330.7352941	0
916	257.1568627	332.5980392	0
917	257.1568627	334.4607843	0
918	257.1568627	336.3235294	0
919	257.1568627	338.1862745	0
920	257.1568627	340.0490196	0
921	257.1568627	341.9117647	0
922	257.1568627	343.7745098	0
923	257.1568627	345.6372549	0
924	257.1568627	347.5	0
925	257.1568627	349.3627451	0
926	265.5882353	310.245098	0
927	265.5882353	312.1078431	0
928	265.5882353	313.9705882	0
929	265.5882353	315.8333333	0
930	265.5882353	317.6960784	0
931	265.5882353	319.5588235	0
932	265.5882353	321.4215686	0
933	265.5882353	323.2843137	0
934	265.5882353	325.1470588	0
935	265.5882353	327.0098039	0
936	265.5882353	328.872549	0
937	265.5882353	330.7352941	0
938	265.5882353	332.5980392	0
939	265.5882353	334.4607843	0
940	265.5882353	336.3235294	0
941	265.5882353	338.1862745	0
942	265.5882353	340.0490196	0
943	265.5882353	341.9117647	0
944	265.5882353	343.7745098	0
945	265.5882353	345.6372549	0
946	265.5882353	347.5	0
947	274.0196078	310.245098	0
948	274.0196078	312.1078431	0
949	274.0196078	313.9705882	0
950	274.0196078	315.8333333	0
951	274.0196078	317.6960784	0
952	274.0196078	319.5588235	0
953	274.0196078	321.4215686	0
954	274.0196078	323.2843137	0
955	274.0196078	325.1470588	0
956	274.0196078	327.0098039	0
957	274.0196078	328.872549	0
958	274.0196078	330.7352941	0
959	274.0196078	332.5980392	0
960	274.0196078	334.4607843	0
961	274.0196078	336.3235294	0
962	274.0196078	338.1862745	0
963	274.0196078	340.0490196	0
964	282.4509804	310.245098	0
965	282.4509804	312.1078431	0
966	282.4509804	313.9705882	0
967	282.4509804	315.8333333	0
968	282.4509804	317.6960784	0
969	282.4509804	319.5588235	0
970	282.4509804	321.4215686	0
971	282.4509804	323.2843137	0
972	282.4509804	325.1470588	0
973	282.4509804	327.0098039	0
974	282.4509804	328.872549	0
975	282.4509804	330.7352941	0
976	282.4509804	332.5980392	0
977	282.4509804	334.4607843	0
978	282.4509804	336.3235294	0
979	282.4509804	338.1862745	0
980	282.4509804	340.0490196	0
981	290.8823529	310.245098	0
982	290.8823529	312.1078431	0
983	290.8823529	313.9705882	0
984	290.8823529	315.8333333	0
985	290.8823529	317.6960784	0
986	290.8823529	319.5588235	0
987	290.8823529	321.4215686	0
988	290.8823529	323.2843137	0
989	290.8823529	325.1470588	0
990	290.8823529	327.0098039	0
991	290.8823529	328.872549	0
992	290.8823529	330.7352941	0
993	290.8823529	332.5980392	0
994	290.8823529	334.4607843	0
995	290.8823529	336.3235294	0
996	290.8823529	338.1862745	0
997	290.8823529	340.0490196	0
998	290.8823529	341.9117647	0
999	290.8823529	343.7745098	0
1000	290.8823529	345.6372549	0
1001	299.3137255	310.245098	0
1002	299.3137255	312.1078431	0
1003	299.3137255	313.9705882	0
1004	299.3137255	315.8333333	0
1005	299.3137255	317.6960784	0
1006	299.3137255	319.5588235	0
1007	299.3137255	321.4215686	0
1008	299.3137255	323.2843137	0
1009	299.3137255	325.1470588	0
1010	299.3137255	327.0098039	0
1011	299.3137255	328.872549	0
1012	299.3137255	330.7352941	0
1013	299.3137255	332.5980392	0
1014	299.3137255	334.4607843	0
1015	299.3137255	336.3235294	0
1016	299.3137255	338.1862745	0
1017	299.3137255	340.0490196	0
1018	299.3137255	341.9117647	0
1019	299.3137255	343.7745098	0
1020	299.3137255	345.6372549	0
1021	307.745098	310.245098	0
1022	307.745098	312.1078431	0
1023	307.745098	313.9705882	0
1024	307.745098	315.8333333	0
1025	307.745098	317.6960784	0
1026	307.745098	319.5588235	0
1027	307.745098	321.4215686	0
1028	307.745098	323.2843137	0
1029	307.745098	325.1470588	0
1030	307.745098	327.0098039	0
1031	307.745098	328.872549	0
1032	307.745098	330.7352941	0
1033	307.745098	332.5980392	0
1034	307.745098	334.4607843	0
1035	307.745098	336.3235294	0
1036	307.745098	338.1862745	0
1037	307.745098	340.0490196	0
1038	307.745098	341.9117647	0
1039	307.745098	343.7745098	0
1040	307.745098	345.6372549	0
1041	316.1764706	310.245098	0
1042	316.1764706	312.1078431	0
1043	316.1764706	313.9705882	0
1044	316.1764706	315.8333333	0
1045	316.1764706	317.6960784	0
1046	316.1764706	319.5588235	0
1047	316.1764706	321.4215686	0
1048	316.1764706	323.2843137	0
1049	316.1764706	325.1470588	0
1050	316.1764706	327.0098039	0
1051	316.1764706	328.872549	0
1052	316.1764706	330.7352941	0
1053	316.1764706	332.5980392	0
1054	316.1764706	334.4607843	0
1055	316.1764706	336.3235294	0
1056	316.1764706	338.1862745	0
1057	316.1764706	340.0490196	0
1058	316.1764706	341.9117647	0
1059	316.1764706	343.7745098	0
1060	316.1764706	345.6372549	0
1061	324.6078431	310.245098	0
1062	324.6078431	312.1078431	0
1063	324.6078431	313.9705882	0
1064	324.6078431	315.8333333	0
1065	324.6078431	317.6960784	0
1066	324.6078431	319.5588235	0
1067	324.6078431	321.4215686	0
1068	324.6078431	323.2843137	0
1069	324.6078431	325.1470588	0
1070	324.6078431	327.0098039	0
1071	324.6078431	328.872549	0
1072	324.6078431	330.7352941	0
1073	324.6078431	332.5980392	0
1074	324.6078431	334.4607843	0
1075	324.6078431	336.3235294	0
1076	324.6078431	338.1862745	0
1077	324.6078431	340.0490196	0
1078	324.6078431	341.9117647	0
1079	324.6078431	343.7745098	0
1080	324.6078431	345.6372549	0
1081	333.0392157	310.245098	0
1082	333.0392157	312.1078431	0
1083	333.0392157	313.9705882	0
1084	333.0392157	315.8333333	0
1085	333.0392157	317.6960784	0
1086	333.0392157	319.5588235	0
1087	333.0392157	321.4215686	0
1088	333.0392157	323.2843137	0
1089	333.0392157	325.1470588	0
1090	333.0392157	327.0098039	0
1091	333.0392157	328.872549	0
1092	333.0392157	330.7352941	0
1093	333.0392157	332.5980392	0
1094	333.0392157	334.4607843	0
1095	333.0392157	336.3235294	0
1096	333.0392157	338.1862745	0
1097	333.0392157	340.0490196	0
1098	333.0392157	341.9117647	0
1099	333.0392157	343.7745098	0
1100	333.0392157	345.6372549	0
1101	341.4705882	310.245098	0
1102	341.4705882	312.1078431	0
1103	341.4705882	313.9705882	0
1104	341.4705882	315.8333333	0
1105	341.4705882	317.6960784	0
1106	341.4705882	319.5588235	0
1107	341.4705882	321.4215686	0
1108	341.4705882	323.2843137	0
1109	341.4705882	325.1470588	0
1110	341.4705882	327.0098039	0
1111	341.4705882	328.872549	0
1112	341.4705882	330.7352941	0
1113	341.4705882	332.5980392	0
1114	341.4705882	334.4607843	0
1115	341.4705882	336.3235294	0
1116	341.4705882	338.1862745	0
1117	341.4705882	340.0490196	0
1118	341.4705882	341.9117647	0
1119	341.4705882	343.7745098	0
1120	341.4705882	345.6372549	0
1121	349.9019608	310.245098	0
1122	349.9019608	312.1078431	0
1123	349.9019608	313.9705882	0
1124	349.9019608	315.8333333	0
1125	349.9019608	317.6960784	0
1126	349.9019608	319.5588235	0
1127	349.9019608	321.4215686	0
1128	349.9019608	323.2843137	0
1129	349.9019608	325.1470588	0
1130	349.9019608	327.0098039	0
1131	349.9019608	328.872549	0
1132	349.9019608	330.7352941	0
1133	349.9019608	332.5980392	0
1134	349.9019608	334.4607843	0
1135	349.9019608	336.3235294	0
1136	349.9019608	338.1862745	0
1137	349.9019608	340.0490196	0
1138	349.9019608	341.9117647	0
1139	349.9019608	343.7745098	0
1140	358.3333333	310.245098	0
1141	358.3333333	312.1078431	0
1142	358.3333333	313.9705882	0
1143	358.3333333	315.8333333	0
1144	358.3333333	317.6960784	0
1145	358.3333333	319.5588235	0
1146	358.3333333	321.4215686	0
1147	358.3333333	323.2843137	0
1148	358.3333333	325.1470588	0
1149	358.3333333	327.0098039	0
1150	358.3333333	328.872549	0
1151	358.3333333	330.7352941	0
1152	358.3333333	332.5980392	0
1153	358.3333333	334.4607843	0
1154	358.3333333	336.3235294	0
1155	358.3333333	338.1862745	0
1156	358.3333333	340.0490196	0
1157	358.3333333	341.9117647	0
1158	358.3333333	343.7745098	0
1159	366.7647059	310.245098	0
1160	366.7647059	312.1078431	0
1161	366.7647059	313.9705882	0
1162	366.7647059	315.8333333	0
1163	366.7647059	317.6960784	0
1164	366.7647059	319.5588235	0
1165	366.7647059	321.4215686	0
1166	366.7647059	323.2843137	0
1167	366.7647059	325.1470588	0
1168	366.7647059	327.0098039	0
1169	366.7647059	328.872549	0
1170	366.7647059	330.7352941	0
1171	366.7647059	332.5980392	0
1172	366.7647059	334.4607843	0
1173	366.7647059	336.3235294	0
1174	366.7647059	338.1862745	0
1175	366.7647059	340.0490196	0
1176	366.7647059	341.9117647	0
1177	366.7647059	343.7745098	0
1178	375.1960784	310.245098	0
1179	375.1960784	312.1078431	0
1180	375.1960784	313.9705882	0
1181	375.1960784	315.8333333	0
1182	375.1960784	317.6960784	0
1183	375.1960784	319.5588235	0
1184	375.1960784	321.4215686	0
1185	375.1960784	323.2843137	0
1186	375.1960784	325.1470588	0
1187	375.1960784	327.0098039	0
1188	375.1960784	328.872549	0
1189	375.1960784	330.7352941	0
1190	375.1960784	332.5980392	0
1191	375.1960784	334.4607843	0
1192	375.1960784	336.3235294	0
1193	375.1960784	338.1862745	0
1194	375.1960784	340.0490196	0
1195	375.1960784	341.9117647	0
1196	383.627451	310.245098	0
1197	383.627451	312.1078431	0
1198	383.627451	313.9705882	0
1199	383.627451	315.8333333	0
1200	383.627451	317.6960784	0
1201	383.627451	319.5588235	0
1202	383.627451	321.4215686	0
1203	383.627451	323.2843137	0
1204	383.627451	325.1470588	0
1205	383.627451	327.0098039	0
1206	383.627451	328.872549	0
1207	383.627451	330.7352941	0
1208	383.627451	332.5980392	0
1209	383.627451	334.4607843	0
1210	383.627451	336.3235294	0
1211	383.627451	338.1862745	0
1212	383.627451	340.0490196	0
1213	383.627451	341.9117647	0
1214	392.0588235	310.245098	0
1215	392.0588235	312.1078431	0
1216	392.0588235	313.9705882	0
1217	392.0588235	315.8333333	0
1218	392.0588235	317.6960784	0
1219	392.0588235	319.5588235	0
1220	392.0588235	321.4215686	0
1221	392.0588235	323.2843137	0
1222	392.0588235	325.1470588	0
1223	392.0588235	327.0098039	0
1224	392.0588235	328.872549	0
1225	392.0588235	330.7352941	0
1226	392.0588235	332.5980392	0
1227	392.0588235	334.4607843	0
1228	392.0588235	336.3235294	0
1229	392.0588235	338.1862745	0
1230	392.0588235	340.0490196	0
1231	400.4901961	310.245098	0
1232	400.4901961	312.1078431	0
1233	400.4901961	313.9705882	0
1234	400.4901961	315.8333333	0
1235	400.4901961	317.6960784	0
1236	400.4901961	319.5588235	0
1237	400.4901961	321.4215686	0
1238	400.4901961	323.2843137	0
1239	400.4901961	325.1470588	0
1240	400.4901961	327.0098039	0
1241	400.4901961	328.872549	0
1242	400.4901961	330.7352941	0
1243	400.4901961	332.5980392	0
1244	400.4901961	334.4607843	0
1245	400.4901961	336.3235294	0
1246	400.4901961	338.1862745	0
1247	400.4901961	340.0490196	0
1248	408.9215686	310.245098	0
1249	408.9215686	312.1078431	0
1250	408.9215686	313.9705882	0
1251	408.9215686	315.8333333	0
1252	408.9215686	317.6960784	0
1253	408.9215686	319.5588235	0
1254	408.9215686	321.4215686	0
1255	408.9215686	323.2843137	0
1256	408.9215686	325.1470588	0
1257	408.9215686	327.0098039	0
1258	408.9215686	328.872549	0
1259	408.9215686	330.7352941	0
1260	408.9215686	332.5980392	0
1261	408.9215686	334.4607843	0
1262	408.9215686	336.3235294	0
1263	408.9215686	338.1862745	0
1264	408.9215686	340.0490196	0
1265	417.3529412	310.245098	0
1266	417.3529412	312.1078431	0
1267	417.3529412	313.9705882	0
1268	417.3529412	315.8333333	0
1269	417.3529412	317.6960784	0
1270	417.3529412	319.5588235	0
1271	417.3529412	321.4215686	0
1272	417.3529412	323.2843137	0
1273	417.3529412	325.1470588	0
1274	417.3529412	327.0098039	0
1275	417.3529412	328.872549	0
1276	417.3529412	330.7352941	0
1277	417.3529412	332.5980392	0
1278	417.3529412	334.4607843	0
1279	417.3529412	336.3235294	0
1280	417.3529412	338.1862745	0
1281	417.3529412	340.0490196	0
1282	425.7843137	310.245098	0
1283	425.7843137	312.1078431	0
1284	425.7843137	313.9705882	0
1285	425.7843137	315.8333333	0
1286	425.7843137	317.6960784	0
1287	425.7843137	319.5588235	0
1288	425.7843137	321.4215686	0
1289	425.7843137	323.2843137	0
1290	425.7843137	325.1470588	0
1291	425.7843137	327.0098039	0
1292	425.7843137	328.872549	0
1293	425.7843137	330.7352941	0
1294	425.7843137	332.5980392	0
1295	425.7843137	334.4607843	0
1296	425.7843137	336.3235294	0
1297	425.7843137	338.1862745	0
1298	425.7843137	340.0490196	0
1299	4.3	304.3	0
1300	12.9	304.3	0
1301	21.5	304.3	0
1302	30.1	304.3	0
1303	38.7	304.3	0
1304	47.3	304.3	0
1305	55.9	304.3	0
1306	64.5	304.3	0
1307	73.1	304.3	0
1308	81.7	304.3	0
1309	90.3	304.3	0
1310	98.9	304.3	0
1311	107.5	304.3	0
1312	116.1	304.3	0
1313	124.7	304.3	0
1314	133.3	304.3	0
1315	141.9	304.3	0
1316	150.5	304.3	0
1317	159.1	304.3	0
1318	167.7	304.3	0
1319	176.3	304.3	0
1320	184.9	304.3	0
1321	202.1	304.3	0
1322	210.7	304.3	0
1323	219.3	304.3	0
1324	227.9	304.3	0
1325	236.5	304.3	0
1326	245.1	304.3	0
1327	253.7	304.3	0
1328	262.3	304.3	0
1329	270.9	304.3	0
1330	279.5	304.3	0
1331	288.1	304.3	0
1332	296.7	304.3	0
1333	305.3	304.3	0
1334	313.9	304.3	0
1335	322.5	304.3	0
1336	331.1	304.3	0
1337	339.7	304.3	0
1338	348.3	304.3	0
1339	356.9	304.3	0
1340	365.5	304.3	0
1341	374.1	304.3	0
1342	382.7	304.3	0
1343	391.3	304.3	0
1344	399.9	304.3	0
1345	408.5	304.3	0
1346	417.1	304.3	0
1347	425.7	304.3	0
1348	429.0384615	300.9615385	0
1349	429.0384615	302.8846154	0
1350	429.0384615	304.8076923	0
1351	429.0384615	306.7307692	0
1352	429.0384615	308.6538462	0
1353	429.0384615	310.5769231	0
1354	429.0384615	312.5	0
1355	429.0384615	314.4230769	0
1356	429.0384615	316.3461538	0
1357	429.0384615	318.2692308	0
1358	429.0384615	320.1923077	0
1359	429.0384615	322.1153846	0
1360	429.0384615	324.0384615	0
1361	429.0384615	325.9615385	0
1362	429.0384615	327.8846154	0
1363	429.0384615	329.8076923	0
1364	429.0384615	331.7307692	0
1365	429.0384615	333.6538462	0
1366	429.0384615	335.5769231	0
1367	429.0384615	337.5	0
1368	429.0384615	339.4230769	0
1369	424.875	345.125	0
1370	414.875	345.375	0
1371	404.875	345.625	0
1372	394.875	345.875	0
1373	385.1428571	346.8571429	0
1374	376.1428571	347.5714286	0
1375	367.1428571	348.2857143	0
1376	358.1428571	349	0
1377	349.1428571	349.7142857	0
1378	340.1428571	350.4285714	0
1379	331.1428571	351.1428571	0
1380	321.875	350.875	0
1381	311.625	350.875	0
1382	301.375	350.875	0
1383	291.125	350.875	0
1384	277	349	0
1385	264.7857143	354.0714286	0
1386	255.6428571	355.3571429	0
1387	246.5	356.6428571	0
1388	237.3571429	357.9285714	0
1389	228.2142857	359.2142857	0
1390	219.0714286	360.5	0
1391	209.9285714	361.7857143	0
1392	194.1	363.9	0
1393	185.1	364.7	0
1394	176.1	365.5	0
1395	167.1	366.3	0
1396	158.1	367.1	0
1397	149.1	367.9	0
1398	140.1	368.7	0
1399	131.1	369.5	0
1400	122.1	370.3	0
1401	113.1	371.1	0
1402	103.5	372.5	0
1403	94.5	374.5	0
1404	85.41666667	376.4166667	0
1405	76.25	378.4166667	0
1406	67.08333333	380.4166667	0
1407	57.91666667	382.4166667	0
1408	48.75	384.4166667	0
1409	39.58333333	386.4166667	0
1410	27.5	385.5	0
1411	15.5	389	0
1412	5	389.5	0
1413	0.95	394.05	0
1414	0.95	392.15	0
1415	0.95	390.25	0
1416	0.95	388.35	0
1417	0.95	386.45	0
1418	0.95	384.55	0
1419	0.95	382.65	0
1420	0.95	380.75	0
1421	0.95	378.85	0
1422	0.95	376.95	0
1423	0.95	375.05	0
1424	0.95	373.15	0
1425	0.95	371.25	0
1426	0.95	369.35	0
1427	0.95	367.45	0
1428	0.95	365.55	0
1429	0.95	363.65	0
1430	0.95	361.75	0
1431	0.95	359.85	0
1432	0.95	357.95	0
1433	0.95	356.05	0
1434	0.95	354.15	0
1435	0.95	352.25	0
1436	0.95	350.35	0
1437	0.95	348.45	0
1438	0.95	346.55	0
1439	0.95	344.65	0
1440	0.95	342.75	0
1441	0.95	340.85	0
1442	0.95	338.95	0
1443	0.95	337.05	0
1444	0.95	335.15	0
1445	0.95	333.25	0
1446	0.95	331.35	0
1447	0.95	329.45	0
1448	0.95	327.55	0
1449	0.95	325.65	0
1450	0.95	323.75	0
1451	0.95	321.85	0
1452	0.95	319.95	0
1453	0.95	318.05	0
1454	0.95	316.15	0
1455	0.95	314.25	0
1456	0.95	312.35	0
1457	0.95	310.45	0
1458	0.95	308.55	0
1459	0.95	306.65	0
1460	0.95	304.75	0
1461	0.95	302.85	0
1462	0.95	300.95	0
