# R2D2 grid neighbours information
1	6.38614	306.786	857	13	2	997	998	
2	6.38614	311.31	1	14	3	996	997	
3	6.38614	315.833	2	15	4	995	996	
4	6.38614	320.357	3	16	5	994	995	
5	6.38614	324.881	4	17	6	993	994	
6	6.38614	329.405	5	18	7	992	993	
7	6.38614	333.929	6	19	8	991	992	
8	6.38614	338.452	7	20	9	990	991	
9	6.38614	342.976	8	21	10	989	990	
10	6.38614	347.5	9	22	11	988	989	
11	6.38614	352.024	10	23	12	987	988	
12	6.38614	356.548	986	987	11	24	985	
13	10.6436	306.786	25	14	1	857	858	
14	10.6436	311.31	15	2	13	26	
15	10.6436	315.833	16	3	14	27	
16	10.6436	320.357	17	4	15	28	
17	10.6436	324.881	18	5	16	29	
18	10.6436	329.405	19	6	17	30	
19	10.6436	333.929	20	7	18	31	
20	10.6436	338.452	21	8	19	32	
21	10.6436	342.976	22	9	20	33	
22	10.6436	347.5	23	10	21	34	
23	10.6436	352.024	24	11	22	35	
24	10.6436	356.548	12	23	36	984	985	
25	14.901	306.786	37	26	13	858	859	
26	14.901	311.31	27	14	25	38	
27	14.901	315.833	28	15	26	39	
28	14.901	320.357	29	16	27	40	
29	14.901	324.881	30	17	28	41	
30	14.901	329.405	31	18	29	42	
31	14.901	333.929	32	19	30	43	
32	14.901	338.452	33	20	31	44	
33	14.901	342.976	34	21	32	45	
34	14.901	347.5	35	22	33	46	
35	14.901	352.024	36	23	34	47	
36	14.901	356.548	24	35	48	983	984	
37	19.1584	306.786	49	38	25	859	860	
38	19.1584	311.31	39	26	37	50	
39	19.1584	315.833	40	27	38	51	
40	19.1584	320.357	41	28	39	52	
41	19.1584	324.881	42	29	40	53	
42	19.1584	329.405	43	30	41	54	
43	19.1584	333.929	44	31	42	55	
44	19.1584	338.452	45	32	43	56	
45	19.1584	342.976	46	33	44	57	
46	19.1584	347.5	47	34	45	58	
47	19.1584	352.024	48	35	46	59	
48	19.1584	356.548	36	47	60	982	983	
49	23.4158	306.786	61	50	37	860	861	
50	23.4158	311.31	38	49	61	51	
51	23.4158	315.833	52	39	50	62	
52	23.4158	320.357	53	40	51	63	
53	23.4158	324.881	54	41	52	64	
54	23.4158	329.405	55	42	53	65	
55	23.4158	333.929	56	43	54	66	
56	23.4158	338.452	57	44	55	67	
57	23.4158	342.976	58	45	56	68	
58	23.4158	347.5	59	46	57	69	
59	23.4158	352.024	60	47	58	70	
60	23.4158	356.548	48	59	71	981	982	
61	27.6733	311.31	861	82	83	72	62	50	49	
62	27.6733	315.833	63	51	61	72	
63	27.6733	320.357	64	52	62	72	
64	27.6733	324.881	65	53	63	72	
65	27.6733	329.405	54	64	72	66	
66	27.6733	333.929	67	55	65	73	
67	27.6733	338.452	68	56	66	74	
68	27.6733	342.976	69	57	67	75	
69	27.6733	347.5	70	58	68	76	
70	27.6733	352.024	71	59	69	77	
71	27.6733	356.548	60	70	78	981	
72	31.9307	329.405	79	73	65	64	63	62	61	83	84	85	86	87	
73	31.9307	333.929	74	66	72	79	
74	31.9307	338.452	75	67	73	79	
75	31.9307	342.976	76	68	74	79	
76	31.9307	347.5	69	75	79	77	
77	31.9307	352.024	78	70	76	80	
78	31.9307	356.548	71	77	81	981	
79	36.1881	347.5	80	76	75	74	73	72	87	88	89	90	91	
80	36.1881	352.024	81	77	79	92	
81	36.1881	356.548	93	981	78	80	
82	121.337	306.786	61	862	94	83	
83	121.337	311.31	84	72	61	82	95	
84	121.337	315.833	85	72	83	96	
85	121.337	320.357	86	72	84	97	
86	121.337	324.881	87	72	85	98	
87	121.337	329.405	88	79	72	86	99	
88	121.337	333.929	89	79	87	100	
89	121.337	338.452	90	79	88	101	
90	121.337	342.976	91	79	89	102	
91	121.337	347.5	92	79	90	103	
92	121.337	352.024	93	80	91	104	
93	121.337	356.548	105	81	92	
94	125.594	306.786	106	95	82	862	863	
95	125.594	311.31	96	83	94	107	
96	125.594	315.833	97	84	95	108	
97	125.594	320.357	98	85	96	109	
98	125.594	324.881	99	86	97	110	
99	125.594	329.405	100	87	98	111	
100	125.594	333.929	101	88	99	112	
101	125.594	338.452	102	89	100	113	
102	125.594	342.976	103	90	101	114	
103	125.594	347.5	104	91	102	115	
104	125.594	352.024	105	92	103	116	
105	125.594	356.548	117	93	104	
106	129.851	306.786	118	107	94	863	864	
107	129.851	311.31	108	95	106	119	
108	129.851	315.833	109	96	107	120	
109	129.851	320.357	110	97	108	121	
110	129.851	324.881	111	98	109	122	
111	129.851	329.405	112	99	110	123	
112	129.851	333.929	113	100	111	124	
113	129.851	338.452	114	101	112	125	
114	129.851	342.976	115	102	113	126	
115	129.851	347.5	116	103	114	127	
116	129.851	352.024	117	104	115	128	
117	129.851	356.548	129	105	116	
118	134.109	306.786	130	119	106	864	865	
119	134.109	311.31	120	107	118	131	
120	134.109	315.833	121	108	119	132	
121	134.109	320.357	122	109	120	133	
122	134.109	324.881	123	110	121	134	
123	134.109	329.405	124	111	122	135	
124	134.109	333.929	125	112	123	136	
125	134.109	338.452	126	113	124	137	
126	134.109	342.976	127	114	125	138	
127	134.109	347.5	128	115	126	139	
128	134.109	352.024	129	116	127	140	
129	134.109	356.548	141	117	128	
130	138.366	306.786	142	131	118	865	866	
131	138.366	311.31	132	119	130	143	
132	138.366	315.833	133	120	131	144	
133	138.366	320.357	134	121	132	145	
134	138.366	324.881	135	122	133	146	
135	138.366	329.405	136	123	134	147	
136	138.366	333.929	137	124	135	148	
137	138.366	338.452	138	125	136	149	
138	138.366	342.976	139	126	137	150	
139	138.366	347.5	140	127	138	151	
140	138.366	352.024	141	128	139	152	
141	138.366	356.548	153	129	140	
142	142.624	306.786	154	143	130	866	867	
143	142.624	311.31	144	131	142	155	
144	142.624	315.833	145	132	143	156	
145	142.624	320.357	146	133	144	157	
146	142.624	324.881	147	134	145	158	
147	142.624	329.405	148	135	146	159	
148	142.624	333.929	149	136	147	160	
149	142.624	338.452	150	137	148	161	
150	142.624	342.976	151	138	149	162	
151	142.624	347.5	152	139	150	163	
152	142.624	352.024	153	140	151	164	
153	142.624	356.548	165	141	152	
154	146.881	306.786	166	155	142	867	868	
155	146.881	311.31	156	143	154	167	
156	146.881	315.833	157	144	155	168	
157	146.881	320.357	158	145	156	169	
158	146.881	324.881	159	146	157	170	
159	146.881	329.405	160	147	158	171	
160	146.881	333.929	161	148	159	172	
161	146.881	338.452	162	149	160	173	
162	146.881	342.976	163	150	161	174	
163	146.881	347.5	164	151	162	175	
164	146.881	352.024	165	152	163	176	
165	146.881	356.548	177	153	164	
166	151.139	306.786	178	167	154	868	869	
167	151.139	311.31	168	155	166	179	
168	151.139	315.833	169	156	167	180	
169	151.139	320.357	170	157	168	181	
170	151.139	324.881	171	158	169	182	
171	151.139	329.405	172	159	170	183	
172	151.139	333.929	173	160	171	184	
173	151.139	338.452	174	161	172	185	
174	151.139	342.976	175	162	173	186	
175	151.139	347.5	176	163	174	187	
176	151.139	352.024	177	164	175	188	
177	151.139	356.548	189	165	176	
178	155.396	306.786	190	179	166	869	870	
179	155.396	311.31	180	167	178	191	
180	155.396	315.833	181	168	179	192	
181	155.396	320.357	182	169	180	193	
182	155.396	324.881	183	170	181	194	
183	155.396	329.405	184	171	182	195	
184	155.396	333.929	185	172	183	196	
185	155.396	338.452	186	173	184	197	
186	155.396	342.976	187	174	185	198	
187	155.396	347.5	188	175	186	199	
188	155.396	352.024	189	176	187	200	
189	155.396	356.548	201	177	188	
190	159.653	306.786	202	191	178	870	871	
191	159.653	311.31	192	179	190	203	
192	159.653	315.833	193	180	191	204	
193	159.653	320.357	194	181	192	205	
194	159.653	324.881	195	182	193	206	
195	159.653	329.405	196	183	194	207	
196	159.653	333.929	197	184	195	208	
197	159.653	338.452	198	185	196	209	
198	159.653	342.976	199	186	197	210	
199	159.653	347.5	200	187	198	211	
200	159.653	352.024	201	188	199	212	
201	159.653	356.548	213	189	200	
202	163.911	306.786	214	203	190	871	872	
203	163.911	311.31	204	191	202	215	
204	163.911	315.833	205	192	203	216	
205	163.911	320.357	206	193	204	217	
206	163.911	324.881	207	194	205	218	
207	163.911	329.405	208	195	206	219	
208	163.911	333.929	209	196	207	220	
209	163.911	338.452	210	197	208	221	
210	163.911	342.976	211	198	209	222	
211	163.911	347.5	212	199	210	223	
212	163.911	352.024	213	200	211	224	
213	163.911	356.548	225	201	212	
214	168.168	306.786	226	215	202	872	873	
215	168.168	311.31	216	203	214	227	
216	168.168	315.833	217	204	215	228	
217	168.168	320.357	218	205	216	229	
218	168.168	324.881	219	206	217	230	
219	168.168	329.405	220	207	218	231	
220	168.168	333.929	221	208	219	232	
221	168.168	338.452	222	209	220	233	
222	168.168	342.976	223	210	221	234	
223	168.168	347.5	224	211	222	235	
224	168.168	352.024	225	212	223	236	
225	168.168	356.548	237	213	224	
226	172.426	306.786	238	227	214	873	874	
227	172.426	311.31	228	215	226	239	
228	172.426	315.833	229	216	227	240	
229	172.426	320.357	230	217	228	241	
230	172.426	324.881	231	218	229	242	
231	172.426	329.405	232	219	230	243	
232	172.426	333.929	233	220	231	244	
233	172.426	338.452	234	221	232	245	
234	172.426	342.976	235	222	233	246	
235	172.426	347.5	236	223	234	247	
236	172.426	352.024	237	224	235	248	
237	172.426	356.548	249	225	236	
238	176.683	306.786	250	239	226	874	875	
239	176.683	311.31	240	227	238	251	
240	176.683	315.833	241	228	239	252	
241	176.683	320.357	242	229	240	253	
242	176.683	324.881	243	230	241	254	
243	176.683	329.405	244	231	242	255	
244	176.683	333.929	245	232	243	256	
245	176.683	338.452	246	233	244	257	
246	176.683	342.976	247	234	245	258	
247	176.683	347.5	248	235	246	259	
248	176.683	352.024	249	236	247	260	
249	176.683	356.548	261	237	248	
250	180.941	306.786	262	251	238	875	876	
251	180.941	311.31	252	239	250	263	
252	180.941	315.833	253	240	251	264	
253	180.941	320.357	254	241	252	265	
254	180.941	324.881	255	242	253	266	
255	180.941	329.405	256	243	254	267	
256	180.941	333.929	257	244	255	268	
257	180.941	338.452	258	245	256	269	
258	180.941	342.976	259	246	257	270	
259	180.941	347.5	260	247	258	271	
260	180.941	352.024	261	248	259	272	
261	180.941	356.548	273	249	260	
262	185.198	306.786	274	263	250	876	877	
263	185.198	311.31	264	251	262	275	
264	185.198	315.833	265	252	263	276	
265	185.198	320.357	266	253	264	277	
266	185.198	324.881	267	254	265	278	
267	185.198	329.405	268	255	266	279	
268	185.198	333.929	269	256	267	280	
269	185.198	338.452	270	257	268	281	
270	185.198	342.976	271	258	269	282	
271	185.198	347.5	272	259	270	283	
272	185.198	352.024	273	260	271	284	
273	185.198	356.548	285	261	272	
274	189.455	306.786	286	275	262	877	878	
275	189.455	311.31	276	263	274	287	
276	189.455	315.833	277	264	275	288	
277	189.455	320.357	278	265	276	289	
278	189.455	324.881	279	266	277	290	
279	189.455	329.405	280	267	278	291	
280	189.455	333.929	281	268	279	292	
281	189.455	338.452	282	269	280	293	
282	189.455	342.976	283	270	281	294	
283	189.455	347.5	284	271	282	295	
284	189.455	352.024	285	272	283	296	
285	189.455	356.548	297	273	284	
286	193.713	306.786	298	287	274	878	879	
287	193.713	311.31	288	275	286	299	
288	193.713	315.833	289	276	287	300	
289	193.713	320.357	290	277	288	301	
290	193.713	324.881	291	278	289	302	
291	193.713	329.405	292	279	290	303	
292	193.713	333.929	293	280	291	304	
293	193.713	338.452	294	281	292	305	
294	193.713	342.976	295	282	293	306	
295	193.713	347.5	296	283	294	307	
296	193.713	352.024	297	284	295	308	
297	193.713	356.548	309	285	296	
298	197.97	306.786	310	299	286	879	880	
299	197.97	311.31	300	287	298	311	
300	197.97	315.833	301	288	299	312	
301	197.97	320.357	302	289	300	313	
302	197.97	324.881	303	290	301	314	
303	197.97	329.405	304	291	302	315	
304	197.97	333.929	305	292	303	316	
305	197.97	338.452	306	293	304	317	
306	197.97	342.976	307	294	305	318	
307	197.97	347.5	308	295	306	319	
308	197.97	352.024	309	296	307	320	
309	197.97	356.548	321	297	308	
310	202.228	306.786	322	311	298	880	881	
311	202.228	311.31	312	299	310	323	
312	202.228	315.833	313	300	311	324	
313	202.228	320.357	314	301	312	325	
314	202.228	324.881	315	302	313	326	
315	202.228	329.405	316	303	314	327	
316	202.228	333.929	317	304	315	328	
317	202.228	338.452	318	305	316	329	
318	202.228	342.976	319	306	317	330	
319	202.228	347.5	320	307	318	331	
320	202.228	352.024	321	308	319	332	
321	202.228	356.548	333	309	320	
322	206.485	306.786	334	323	310	881	882	
323	206.485	311.31	324	311	322	335	
324	206.485	315.833	325	312	323	336	
325	206.485	320.357	326	313	324	337	
326	206.485	324.881	327	314	325	338	
327	206.485	329.405	328	315	326	339	
328	206.485	333.929	329	316	327	340	
329	206.485	338.452	330	317	328	341	
330	206.485	342.976	331	318	329	342	
331	206.485	347.5	332	319	330	343	
332	206.485	352.024	333	320	331	344	
333	206.485	356.548	345	321	332	
334	210.743	306.786	346	335	322	882	883	
335	210.743	311.31	336	323	334	347	
336	210.743	315.833	337	324	335	348	
337	210.743	320.357	338	325	336	349	
338	210.743	324.881	339	326	337	350	
339	210.743	329.405	340	327	338	351	
340	210.743	333.929	341	328	339	352	
341	210.743	338.452	342	329	340	353	
342	210.743	342.976	343	330	341	354	
343	210.743	347.5	344	331	342	355	
344	210.743	352.024	345	332	343	356	
345	210.743	356.548	357	333	344	
346	215	306.786	358	347	334	883	884	
347	215	311.31	348	335	346	359	
348	215	315.833	349	336	347	360	
349	215	320.357	350	337	348	361	
350	215	324.881	351	338	349	362	
351	215	329.405	352	339	350	363	
352	215	333.929	353	340	351	364	
353	215	338.452	354	341	352	365	
354	215	342.976	355	342	353	366	
355	215	347.5	356	343	354	367	
356	215	352.024	357	344	355	368	
357	215	356.548	369	345	356	
358	219.257	306.786	370	359	346	884	885	
359	219.257	311.31	360	347	358	371	
360	219.257	315.833	361	348	359	372	
361	219.257	320.357	362	349	360	373	
362	219.257	324.881	363	350	361	374	
363	219.257	329.405	364	351	362	375	
364	219.257	333.929	365	352	363	376	
365	219.257	338.452	366	353	364	377	
366	219.257	342.976	367	354	365	378	
367	219.257	347.5	368	355	366	379	
368	219.257	352.024	369	356	367	380	
369	219.257	356.548	381	357	368	
370	223.515	306.786	382	371	358	885	886	
371	223.515	311.31	372	359	370	383	
372	223.515	315.833	373	360	371	384	
373	223.515	320.357	374	361	372	385	
374	223.515	324.881	375	362	373	386	
375	223.515	329.405	376	363	374	387	
376	223.515	333.929	377	364	375	388	
377	223.515	338.452	378	365	376	389	
378	223.515	342.976	379	366	377	390	
379	223.515	347.5	380	367	378	391	
380	223.515	352.024	381	368	379	392	
381	223.515	356.548	393	369	380	
382	227.772	306.786	394	383	370	886	887	
383	227.772	311.31	384	371	382	395	
384	227.772	315.833	385	372	383	396	
385	227.772	320.357	386	373	384	397	
386	227.772	324.881	387	374	385	398	
387	227.772	329.405	388	375	386	399	
388	227.772	333.929	389	376	387	400	
389	227.772	338.452	390	377	388	401	
390	227.772	342.976	391	378	389	402	
391	227.772	347.5	392	379	390	403	
392	227.772	352.024	393	380	391	404	
393	227.772	356.548	405	381	392	
394	232.03	306.786	406	395	382	887	888	
395	232.03	311.31	396	383	394	407	
396	232.03	315.833	397	384	395	408	
397	232.03	320.357	398	385	396	409	
398	232.03	324.881	399	386	397	410	
399	232.03	329.405	400	387	398	411	
400	232.03	333.929	401	388	399	412	
401	232.03	338.452	402	389	400	413	
402	232.03	342.976	403	390	401	414	
403	232.03	347.5	404	391	402	415	
404	232.03	352.024	405	392	403	416	
405	232.03	356.548	417	393	404	
406	236.287	306.786	418	407	394	888	889	
407	236.287	311.31	408	395	406	419	
408	236.287	315.833	409	396	407	420	
409	236.287	320.357	410	397	408	421	
410	236.287	324.881	411	398	409	422	
411	236.287	329.405	412	399	410	423	
412	236.287	333.929	413	400	411	424	
413	236.287	338.452	414	401	412	425	
414	236.287	342.976	415	402	413	426	
415	236.287	347.5	416	403	414	427	
416	236.287	352.024	417	404	415	428	
417	236.287	356.548	429	405	416	
418	240.545	306.786	430	419	406	889	890	
419	240.545	311.31	420	407	418	431	
420	240.545	315.833	421	408	419	432	
421	240.545	320.357	422	409	420	433	
422	240.545	324.881	423	410	421	434	
423	240.545	329.405	424	411	422	435	
424	240.545	333.929	425	412	423	436	
425	240.545	338.452	426	413	424	437	
426	240.545	342.976	427	414	425	438	
427	240.545	347.5	428	415	426	439	
428	240.545	352.024	429	416	427	440	
429	240.545	356.548	441	417	428	
430	244.802	306.786	442	431	418	890	891	
431	244.802	311.31	432	419	430	443	
432	244.802	315.833	433	420	431	444	
433	244.802	320.357	434	421	432	445	
434	244.802	324.881	435	422	433	446	
435	244.802	329.405	436	423	434	447	
436	244.802	333.929	437	424	435	448	
437	244.802	338.452	438	425	436	449	
438	244.802	342.976	439	426	437	450	
439	244.802	347.5	440	427	438	451	
440	244.802	352.024	441	428	439	452	
441	244.802	356.548	980	429	440	452	
442	249.059	306.786	453	443	430	891	892	
443	249.059	311.31	444	431	442	454	
444	249.059	315.833	445	432	443	455	
445	249.059	320.357	446	433	444	456	
446	249.059	324.881	447	434	445	457	
447	249.059	329.405	448	435	446	458	
448	249.059	333.929	449	436	447	459	
449	249.059	338.452	450	437	448	460	
450	249.059	342.976	451	438	449	461	
451	249.059	347.5	452	439	450	462	
452	249.059	352.024	441	440	451	463	980	
453	253.317	306.786	464	454	442	892	893	
454	253.317	311.31	455	443	453	465	
455	253.317	315.833	456	444	454	466	
456	253.317	320.357	457	445	455	467	
457	253.317	324.881	458	446	456	468	
458	253.317	329.405	459	447	457	469	
459	253.317	333.929	460	448	458	470	
460	253.317	338.452	461	449	459	471	
461	253.317	342.976	462	450	460	472	
462	253.317	347.5	463	451	461	473	
463	253.317	352.024	452	462	474	980	
464	257.574	306.786	475	465	453	893	894	
465	257.574	311.31	466	454	464	476	
466	257.574	315.833	467	455	465	477	
467	257.574	320.357	468	456	466	478	
468	257.574	324.881	469	457	467	479	
469	257.574	329.405	470	458	468	480	
470	257.574	333.929	471	459	469	481	
471	257.574	338.452	472	460	470	482	
472	257.574	342.976	473	461	471	483	
473	257.574	347.5	474	462	472	484	
474	257.574	352.024	463	473	485	979	980	
475	261.832	306.786	486	476	464	894	895	
476	261.832	311.31	477	465	475	487	
477	261.832	315.833	478	466	476	488	
478	261.832	320.357	479	467	477	489	
479	261.832	324.881	480	468	478	490	
480	261.832	329.405	481	469	479	491	
481	261.832	333.929	482	470	480	492	
482	261.832	338.452	483	471	481	493	
483	261.832	342.976	484	472	482	494	
484	261.832	347.5	485	473	483	495	
485	261.832	352.024	474	484	496	978	979	
486	266.089	306.786	497	487	475	895	896	
487	266.089	311.31	488	476	486	498	
488	266.089	315.833	489	477	487	499	
489	266.089	320.357	490	478	488	500	
490	266.089	324.881	491	479	489	501	
491	266.089	329.405	492	480	490	502	
492	266.089	333.929	493	481	491	503	
493	266.089	338.452	494	482	492	504	
494	266.089	342.976	495	483	493	505	
495	266.089	347.5	496	484	494	506	
496	266.089	352.024	485	495	507	977	978	
497	270.347	306.786	508	498	486	896	897	
498	270.347	311.31	499	487	497	509	
499	270.347	315.833	500	488	498	510	
500	270.347	320.357	501	489	499	511	
501	270.347	324.881	502	490	500	512	
502	270.347	329.405	503	491	501	513	
503	270.347	333.929	504	492	502	514	
504	270.347	338.452	505	493	503	515	
505	270.347	342.976	506	494	504	516	
506	270.347	347.5	507	495	505	517	
507	270.347	352.024	496	506	517	976	977	
508	274.604	306.786	518	509	497	897	898	
509	274.604	311.31	510	498	508	519	
510	274.604	315.833	511	499	509	520	
511	274.604	320.357	512	500	510	521	
512	274.604	324.881	513	501	511	522	
513	274.604	329.405	514	502	512	523	
514	274.604	333.929	515	503	513	524	
515	274.604	338.452	516	504	514	525	
516	274.604	342.976	517	505	515	526	
517	274.604	347.5	507	506	516	527	975	976	
518	278.861	306.786	528	519	508	898	899	
519	278.861	311.31	520	509	518	529	
520	278.861	315.833	521	510	519	530	
521	278.861	320.357	522	511	520	531	
522	278.861	324.881	523	512	521	532	
523	278.861	329.405	524	513	522	533	
524	278.861	333.929	525	514	523	534	
525	278.861	338.452	526	515	524	535	
526	278.861	342.976	527	516	525	536	
527	278.861	347.5	517	526	537	974	975	
528	283.119	306.786	538	529	518	899	900	
529	283.119	311.31	530	519	528	539	
530	283.119	315.833	531	520	529	540	
531	283.119	320.357	532	521	530	541	
532	283.119	324.881	533	522	531	542	
533	283.119	329.405	534	523	532	543	
534	283.119	333.929	535	524	533	544	
535	283.119	338.452	536	525	534	545	
536	283.119	342.976	537	526	535	546	
537	283.119	347.5	527	536	547	974	
538	287.376	306.786	548	539	528	900	901	
539	287.376	311.31	540	529	538	549	
540	287.376	315.833	541	530	539	550	
541	287.376	320.357	542	531	540	551	
542	287.376	324.881	543	532	541	552	
543	287.376	329.405	544	533	542	553	
544	287.376	333.929	545	534	543	554	
545	287.376	338.452	546	535	544	555	
546	287.376	342.976	547	536	545	556	
547	287.376	347.5	537	546	557	973	974	
548	291.634	306.786	558	549	538	901	902	
549	291.634	311.31	550	539	548	559	
550	291.634	315.833	551	540	549	560	
551	291.634	320.357	552	541	550	561	
552	291.634	324.881	553	542	551	562	
553	291.634	329.405	554	543	552	563	
554	291.634	333.929	555	544	553	564	
555	291.634	338.452	556	545	554	565	
556	291.634	342.976	557	546	555	566	
557	291.634	347.5	547	556	567	972	973	
558	295.891	306.786	568	559	548	902	903	
559	295.891	311.31	560	549	558	569	
560	295.891	315.833	561	550	559	570	
561	295.891	320.357	562	551	560	571	
562	295.891	324.881	563	552	561	572	
563	295.891	329.405	564	553	562	573	
564	295.891	333.929	565	554	563	574	
565	295.891	338.452	566	555	564	575	
566	295.891	342.976	567	556	565	576	
567	295.891	347.5	557	566	577	971	972	
568	300.149	306.786	578	569	558	903	904	
569	300.149	311.31	570	559	568	579	
570	300.149	315.833	571	560	569	580	
571	300.149	320.357	572	561	570	581	
572	300.149	324.881	573	562	571	582	
573	300.149	329.405	574	563	572	583	
574	300.149	333.929	575	564	573	584	
575	300.149	338.452	576	565	574	585	
576	300.149	342.976	577	566	575	586	
577	300.149	347.5	567	576	587	970	971	
578	304.406	306.786	588	579	568	904	905	
579	304.406	311.31	580	569	578	589	
580	304.406	315.833	581	570	579	590	
581	304.406	320.357	582	571	580	591	
582	304.406	324.881	583	572	581	592	
583	304.406	329.405	584	573	582	593	
584	304.406	333.929	585	574	583	594	
585	304.406	338.452	586	575	584	595	
586	304.406	342.976	587	576	585	596	
587	304.406	347.5	577	586	597	969	970	
588	308.663	306.786	598	589	578	905	906	
589	308.663	311.31	590	579	588	599	
590	308.663	315.833	591	580	589	600	
591	308.663	320.357	592	581	590	601	
592	308.663	324.881	593	582	591	602	
593	308.663	329.405	594	583	592	603	
594	308.663	333.929	595	584	593	604	
595	308.663	338.452	596	585	594	605	
596	308.663	342.976	597	586	595	606	
597	308.663	347.5	587	596	607	968	969	
598	312.921	306.786	608	599	588	906	907	
599	312.921	311.31	600	589	598	609	
600	312.921	315.833	601	590	599	610	
601	312.921	320.357	602	591	600	611	
602	312.921	324.881	603	592	601	612	
603	312.921	329.405	604	593	602	613	
604	312.921	333.929	605	594	603	614	
605	312.921	338.452	606	595	604	615	
606	312.921	342.976	607	596	605	616	
607	312.921	347.5	597	606	617	967	968	
608	317.178	306.786	618	609	598	907	908	
609	317.178	311.31	610	599	608	619	
610	317.178	315.833	611	600	609	620	
611	317.178	320.357	612	601	610	621	
612	317.178	324.881	613	602	611	622	
613	317.178	329.405	614	603	612	623	
614	317.178	333.929	615	604	613	624	
615	317.178	338.452	616	605	614	625	
616	317.178	342.976	617	606	615	626	
617	317.178	347.5	607	616	627	966	967	
618	321.436	306.786	628	619	608	908	909	
619	321.436	311.31	620	609	618	629	
620	321.436	315.833	621	610	619	630	
621	321.436	320.357	622	611	620	631	
622	321.436	324.881	623	612	621	632	
623	321.436	329.405	624	613	622	633	
624	321.436	333.929	625	614	623	634	
625	321.436	338.452	626	615	624	635	
626	321.436	342.976	627	616	625	636	
627	321.436	347.5	617	626	637	965	966	
628	325.693	306.786	638	629	618	909	910	
629	325.693	311.31	630	619	628	639	
630	325.693	315.833	631	620	629	640	
631	325.693	320.357	632	621	630	641	
632	325.693	324.881	633	622	631	642	
633	325.693	329.405	634	623	632	643	
634	325.693	333.929	635	624	633	644	
635	325.693	338.452	636	625	634	645	
636	325.693	342.976	637	626	635	646	
637	325.693	347.5	627	636	647	964	965	
638	329.95	306.786	648	639	628	910	911	
639	329.95	311.31	640	629	638	649	
640	329.95	315.833	641	630	639	650	
641	329.95	320.357	642	631	640	651	
642	329.95	324.881	643	632	641	652	
643	329.95	329.405	644	633	642	653	
644	329.95	333.929	645	634	643	654	
645	329.95	338.452	646	635	644	655	
646	329.95	342.976	647	636	645	656	
647	329.95	347.5	637	646	657	963	964	
648	334.208	306.786	658	649	638	911	912	
649	334.208	311.31	650	639	648	659	
650	334.208	315.833	651	640	649	660	
651	334.208	320.357	652	641	650	661	
652	334.208	324.881	653	642	651	662	
653	334.208	329.405	654	643	652	663	
654	334.208	333.929	655	644	653	664	
655	334.208	338.452	656	645	654	665	
656	334.208	342.976	657	646	655	666	
657	334.208	347.5	647	656	667	962	963	
658	338.465	306.786	668	659	648	912	913	
659	338.465	311.31	660	649	658	669	
660	338.465	315.833	661	650	659	670	
661	338.465	320.357	662	651	660	671	
662	338.465	324.881	663	652	661	672	
663	338.465	329.405	664	653	662	673	
664	338.465	333.929	665	654	663	674	
665	338.465	338.452	666	655	664	675	
666	338.465	342.976	667	656	665	676	
667	338.465	347.5	657	666	677	961	962	
668	342.723	306.786	678	669	658	913	914	
669	342.723	311.31	670	659	668	679	
670	342.723	315.833	671	660	669	680	
671	342.723	320.357	672	661	670	681	
672	342.723	324.881	673	662	671	682	
673	342.723	329.405	674	663	672	683	
674	342.723	333.929	675	664	673	684	
675	342.723	338.452	676	665	674	685	
676	342.723	342.976	677	666	675	686	
677	342.723	347.5	667	676	687	960	961	
678	346.98	306.786	688	679	668	914	915	
679	346.98	311.31	680	669	678	689	
680	346.98	315.833	681	670	679	690	
681	346.98	320.357	682	671	680	691	
682	346.98	324.881	683	672	681	692	
683	346.98	329.405	684	673	682	693	
684	346.98	333.929	685	674	683	694	
685	346.98	338.452	686	675	684	695	
686	346.98	342.976	687	676	685	696	
687	346.98	347.5	677	686	697	960	
688	351.238	306.786	698	689	678	915	916	
689	351.238	311.31	690	679	688	699	
690	351.238	315.833	691	680	689	700	
691	351.238	320.357	692	681	690	701	
692	351.238	324.881	693	682	691	702	
693	351.238	329.405	694	683	692	703	
694	351.238	333.929	695	684	693	704	
695	351.238	338.452	696	685	694	705	
696	351.238	342.976	697	686	695	706	
697	351.238	347.5	687	696	707	959	960	
698	355.495	306.786	708	699	688	916	917	
699	355.495	311.31	700	689	698	709	
700	355.495	315.833	701	690	699	710	
701	355.495	320.357	702	691	700	711	
702	355.495	324.881	703	692	701	712	
703	355.495	329.405	704	693	702	713	
704	355.495	333.929	705	694	703	714	
705	355.495	338.452	706	695	704	715	
706	355.495	342.976	707	696	705	716	
707	355.495	347.5	697	706	717	958	959	
708	359.752	306.786	718	709	698	917	918	
709	359.752	311.31	710	699	708	719	
710	359.752	315.833	711	700	709	720	
711	359.752	320.357	712	701	710	721	
712	359.752	324.881	713	702	711	722	
713	359.752	329.405	714	703	712	723	
714	359.752	333.929	715	704	713	724	
715	359.752	338.452	716	705	714	725	
716	359.752	342.976	717	706	715	726	
717	359.752	347.5	707	716	727	957	958	
718	364.01	306.786	728	719	708	918	919	
719	364.01	311.31	720	709	718	729	
720	364.01	315.833	721	710	719	730	
721	364.01	320.357	722	711	720	731	
722	364.01	324.881	723	712	721	732	
723	364.01	329.405	724	713	722	733	
724	364.01	333.929	725	714	723	734	
725	364.01	338.452	726	715	724	735	
726	364.01	342.976	727	716	725	736	
727	364.01	347.5	717	726	737	956	957	
728	368.267	306.786	738	729	718	919	920	
729	368.267	311.31	730	719	728	739	
730	368.267	315.833	731	720	729	740	
731	368.267	320.357	732	721	730	741	
732	368.267	324.881	733	722	731	742	
733	368.267	329.405	734	723	732	743	
734	368.267	333.929	735	724	733	744	
735	368.267	338.452	736	725	734	745	
736	368.267	342.976	737	726	735	746	
737	368.267	347.5	727	736	747	955	956	
738	372.525	306.786	748	739	728	920	921	
739	372.525	311.31	740	729	738	749	
740	372.525	315.833	741	730	739	750	
741	372.525	320.357	742	731	740	751	
742	372.525	324.881	743	732	741	752	
743	372.525	329.405	744	733	742	753	
744	372.525	333.929	745	734	743	754	
745	372.525	338.452	746	735	744	755	
746	372.525	342.976	747	736	745	756	
747	372.525	347.5	737	746	757	954	955	
748	376.782	306.786	758	749	738	921	922	
749	376.782	311.31	750	739	748	759	
750	376.782	315.833	751	740	749	760	
751	376.782	320.357	752	741	750	761	
752	376.782	324.881	753	742	751	762	
753	376.782	329.405	754	743	752	763	
754	376.782	333.929	755	744	753	764	
755	376.782	338.452	756	745	754	765	
756	376.782	342.976	757	746	755	766	
757	376.782	347.5	747	756	766	953	954	
758	381.04	306.786	767	759	748	922	923	
759	381.04	311.31	760	749	758	768	
760	381.04	315.833	761	750	759	769	
761	381.04	320.357	762	751	760	770	
762	381.04	324.881	763	752	761	771	
763	381.04	329.405	764	753	762	772	
764	381.04	333.929	765	754	763	773	
765	381.04	338.452	766	755	764	774	
766	381.04	342.976	757	756	765	775	952	953	
767	385.297	306.786	776	768	758	923	924	
768	385.297	311.31	769	759	767	777	
769	385.297	315.833	770	760	768	778	
770	385.297	320.357	771	761	769	779	
771	385.297	324.881	772	762	770	780	
772	385.297	329.405	773	763	771	781	
773	385.297	333.929	774	764	772	782	
774	385.297	338.452	775	765	773	783	
775	385.297	342.976	766	774	784	951	952	
776	389.554	306.786	785	777	767	924	925	
777	389.554	311.31	778	768	776	786	
778	389.554	315.833	779	769	777	787	
779	389.554	320.357	780	770	778	788	
780	389.554	324.881	781	771	779	789	
781	389.554	329.405	782	772	780	790	
782	389.554	333.929	783	773	781	791	
783	389.554	338.452	784	774	782	792	
784	389.554	342.976	775	783	793	950	951	
785	393.812	306.786	794	786	776	925	926	
786	393.812	311.31	787	777	785	795	
787	393.812	315.833	788	778	786	796	
788	393.812	320.357	789	779	787	797	
789	393.812	324.881	790	780	788	798	
790	393.812	329.405	791	781	789	799	
791	393.812	333.929	792	782	790	800	
792	393.812	338.452	793	783	791	801	
793	393.812	342.976	784	792	802	949	950	
794	398.069	306.786	803	795	785	926	927	
795	398.069	311.31	796	786	794	804	
796	398.069	315.833	797	787	795	805	
797	398.069	320.357	798	788	796	806	
798	398.069	324.881	799	789	797	807	
799	398.069	329.405	800	790	798	808	
800	398.069	333.929	801	791	799	809	
801	398.069	338.452	802	792	800	810	
802	398.069	342.976	793	801	811	948	949	
803	402.327	306.786	812	804	794	927	928	
804	402.327	311.31	805	795	803	813	
805	402.327	315.833	806	796	804	814	
806	402.327	320.357	807	797	805	815	
807	402.327	324.881	808	798	806	816	
808	402.327	329.405	809	799	807	817	
809	402.327	333.929	810	800	808	818	
810	402.327	338.452	811	801	809	819	
811	402.327	342.976	802	810	820	947	948	
812	406.584	306.786	821	813	803	928	929	
813	406.584	311.31	814	804	812	822	
814	406.584	315.833	815	805	813	823	
815	406.584	320.357	816	806	814	824	
816	406.584	324.881	817	807	815	825	
817	406.584	329.405	818	808	816	826	
818	406.584	333.929	819	809	817	827	
819	406.584	338.452	820	810	818	828	
820	406.584	342.976	811	819	829	946	947	
821	410.842	306.786	830	822	812	929	930	
822	410.842	311.31	823	813	821	831	
823	410.842	315.833	824	814	822	832	
824	410.842	320.357	825	815	823	833	
825	410.842	324.881	826	816	824	834	
826	410.842	329.405	827	817	825	835	
827	410.842	333.929	828	818	826	836	
828	410.842	338.452	829	819	827	837	
829	410.842	342.976	820	828	838	945	946	
830	415.099	306.786	839	831	821	930	931	
831	415.099	311.31	832	822	830	840	
832	415.099	315.833	833	823	831	841	
833	415.099	320.357	834	824	832	842	
834	415.099	324.881	835	825	833	843	
835	415.099	329.405	836	826	834	844	
836	415.099	333.929	837	827	835	845	
837	415.099	338.452	838	828	836	846	
838	415.099	342.976	829	837	847	944	945	
839	419.356	306.786	848	840	830	931	932	
840	419.356	311.31	841	831	839	849	
841	419.356	315.833	842	832	840	850	
842	419.356	320.357	843	833	841	851	
843	419.356	324.881	844	834	842	852	
844	419.356	329.405	845	835	843	853	
845	419.356	333.929	846	836	844	854	
846	419.356	338.452	847	837	845	855	
847	419.356	342.976	838	846	856	943	944	
848	423.614	306.786	849	839	932	933	934	
849	423.614	311.31	850	840	848	934	935	
850	423.614	315.833	851	841	849	935	936	
851	423.614	320.357	852	842	850	936	937	
852	423.614	324.881	853	843	851	937	938	
853	423.614	329.405	854	844	852	938	939	
854	423.614	333.929	855	845	853	939	940	
855	423.614	338.452	856	846	854	940	941	
856	423.614	342.976	847	855	941	942	943	
857	6.45	302.15	998	858	13	1	
858	10.75	302.15	857	859	25	13	
859	15.05	302.15	858	860	37	25	
860	19.35	302.15	859	861	49	37	
861	23.65	302.15	860	61	49	
862	122.55	302.15	82	863	94	
863	126.85	302.15	862	864	106	94	
864	131.15	302.15	863	865	118	106	
865	135.45	302.15	864	866	130	118	
866	139.75	302.15	865	867	142	130	
867	144.05	302.15	866	868	154	142	
868	148.35	302.15	867	869	166	154	
869	152.65	302.15	868	870	178	166	
870	156.95	302.15	869	871	190	178	
871	161.25	302.15	870	872	202	190	
872	165.55	302.15	871	873	214	202	
873	169.85	302.15	872	874	226	214	
874	174.15	302.15	873	875	238	226	
875	178.45	302.15	874	876	250	238	
876	182.75	302.15	875	877	262	250	
877	187.05	302.15	876	878	274	262	
878	191.35	302.15	877	879	286	274	
879	195.65	302.15	878	880	298	286	
880	199.95	302.15	879	881	310	298	
881	204.25	302.15	880	882	322	310	
882	208.55	302.15	881	883	334	322	
883	212.85	302.15	882	884	346	334	
884	217.15	302.15	883	885	358	346	
885	221.45	302.15	884	886	370	358	
886	225.75	302.15	885	887	382	370	
887	230.05	302.15	886	888	394	382	
888	234.35	302.15	887	889	406	394	
889	238.65	302.15	888	890	418	406	
890	242.95	302.15	889	891	430	418	
891	247.25	302.15	890	892	442	430	
892	251.55	302.15	891	893	453	442	
893	255.85	302.15	892	894	464	453	
894	260.15	302.15	893	895	475	464	
895	264.45	302.15	894	896	486	475	
896	268.75	302.15	895	897	497	486	
897	273.05	302.15	896	898	508	497	
898	277.35	302.15	897	899	518	508	
899	281.65	302.15	898	900	528	518	
900	285.95	302.15	899	901	538	528	
901	290.25	302.15	900	902	548	538	
902	294.55	302.15	901	903	558	548	
903	298.85	302.15	902	904	568	558	
904	303.15	302.15	903	905	578	568	
905	307.45	302.15	904	906	588	578	
906	311.75	302.15	905	907	598	588	
907	316.05	302.15	906	908	608	598	
908	320.35	302.15	907	909	618	608	
909	324.65	302.15	908	910	628	618	
910	328.95	302.15	909	911	638	628	
911	333.25	302.15	910	912	648	638	
912	337.55	302.15	911	913	658	648	
913	341.85	302.15	912	914	668	658	
914	346.15	302.15	913	915	678	668	
915	350.45	302.15	914	916	688	678	
916	354.75	302.15	915	917	698	688	
917	359.05	302.15	916	918	708	698	
918	363.35	302.15	917	919	718	708	
919	367.65	302.15	918	920	728	718	
920	371.95	302.15	919	921	738	728	
921	376.25	302.15	920	922	748	738	
922	380.55	302.15	921	923	758	748	
923	384.85	302.15	922	924	767	758	
924	389.15	302.15	923	925	776	767	
925	393.45	302.15	924	926	785	776	
926	397.75	302.15	925	927	794	785	
927	402.05	302.15	926	928	803	794	
928	406.35	302.15	927	929	812	803	
929	410.65	302.15	928	930	821	812	
930	414.95	302.15	929	931	830	821	
931	419.25	302.15	930	932	839	830	
932	423.55	302.15	931	933	848	839	
933	427.5	302.5	932	934	848	
934	427.5	307.5	933	935	849	848	
935	427.5	312.5	934	936	850	849	
936	427.5	317.5	935	937	851	850	
937	427.5	322.5	936	938	852	851	
938	427.5	327.5	937	939	853	852	
939	427.5	332.5	938	940	854	853	
940	427.5	337.5	939	941	855	854	
941	427.5	342.5	940	942	856	855	
942	427.722	347.833	941	943	856	
943	423.278	347.944	942	944	847	856	
944	418.833	348.056	943	945	838	847	
945	414.389	348.167	944	946	829	838	
946	409.944	348.278	945	947	820	829	
947	405.5	348.389	946	948	811	820	
948	401.056	348.5	947	949	802	811	
949	396.611	348.611	948	950	793	802	
950	392.167	348.722	949	951	784	793	
951	387.571	348.929	950	952	775	784	
952	383.071	349.286	951	953	766	775	
953	378.571	349.643	952	954	757	766	
954	374.071	350	953	955	747	757	
955	369.571	350.357	954	956	737	747	
956	365.071	350.714	955	957	727	737	
957	360.571	351.071	956	958	717	727	
958	356.071	351.429	957	959	707	717	
959	351.571	351.786	958	960	697	707	
960	347.071	352.143	959	961	677	687	697	
961	342.571	352.5	960	962	667	677	
962	338.071	352.857	961	963	657	667	
963	333.571	353.214	962	964	647	657	
964	329.071	353.571	963	965	637	647	
965	324.722	353.722	964	966	627	637	
966	320.167	353.722	965	967	617	627	
967	315.611	353.722	966	968	607	617	
968	311.056	353.722	967	969	597	607	
969	306.5	353.722	968	970	587	597	
970	301.944	353.722	969	971	577	587	
971	297.389	353.722	970	972	567	577	
972	292.833	353.722	971	973	557	567	
973	288.278	353.722	972	974	547	557	
974	283	353.667	973	975	527	537	547	
975	277.667	354.333	974	976	517	527	
976	272.333	355	975	977	507	517	
977	267.393	356.036	976	978	496	507	
978	262.821	356.679	977	979	485	496	
979	258.25	357.321	978	980	474	485	
980	253.679	357.964	979	441	452	463	474	
981	28.1667	390.5	81	982	60	71	78	
982	23.1667	391.167	981	983	48	60	
983	18.25	391.5	982	984	36	48	
984	13	391.75	983	985	24	36	
985	7.75	392	984	986	12	24	
986	2.375	392.625	985	12	
987	2.375	354.625	12	988	11	
988	2.375	349.875	987	989	10	11	
989	2.375	345.125	988	990	9	10	
990	2.375	340.375	989	991	8	9	
991	2.375	335.625	990	992	7	8	
992	2.375	330.875	991	993	6	7	
993	2.375	326.125	992	994	5	6	
994	2.375	321.375	993	995	4	5	
995	2.375	316.625	994	996	3	4	
996	2.375	311.875	995	997	2	3	
997	2.375	307.125	996	998	1	2	
998	2.375	302.375	997	857	1	
