# R2D2 grid neighbours information
1	6.38614	306.786	1203	20	2	1339	1340	
2	6.38614	311.31	1	21	3	1338	1339	
3	6.38614	315.833	2	22	4	1337	1338	
4	6.38614	320.357	3	23	5	1336	1337	
5	6.38614	324.881	4	24	6	1335	1336	
6	6.38614	329.405	5	25	7	1334	1335	
7	6.38614	333.929	6	26	8	1333	1334	
8	6.38614	338.452	7	27	9	1332	1333	
9	6.38614	342.976	8	28	10	1331	1332	
10	6.38614	347.5	9	29	11	1330	1331	
11	6.38614	352.024	10	30	12	1329	1330	
12	6.38614	356.548	11	31	13	1328	1329	
13	6.38614	361.071	12	32	14	1327	1328	
14	6.38614	365.595	13	33	15	1326	1327	
15	6.38614	370.119	14	34	16	1325	1326	
16	6.38614	374.643	15	35	17	1324	1325	
17	6.38614	379.167	16	36	18	1323	1324	
18	6.38614	383.69	17	37	19	1322	1323	
19	6.38614	388.214	38	1322	18	
20	10.6436	306.786	39	21	1	1203	1204	
21	10.6436	311.31	22	2	20	40	
22	10.6436	315.833	23	3	21	41	
23	10.6436	320.357	24	4	22	42	
24	10.6436	324.881	25	5	23	43	
25	10.6436	329.405	26	6	24	44	
26	10.6436	333.929	27	7	25	45	
27	10.6436	338.452	28	8	26	46	
28	10.6436	342.976	29	9	27	47	
29	10.6436	347.5	30	10	28	48	
30	10.6436	352.024	31	11	29	49	
31	10.6436	356.548	32	12	30	50	
32	10.6436	361.071	33	13	31	51	
33	10.6436	365.595	34	14	32	52	
34	10.6436	370.119	35	15	33	53	
35	10.6436	374.643	36	16	34	54	
36	10.6436	379.167	37	17	35	55	
37	10.6436	383.69	38	18	36	56	
38	10.6436	388.214	57	19	37	
39	14.901	306.786	58	40	20	1204	1205	
40	14.901	311.31	41	21	39	59	
41	14.901	315.833	42	22	40	60	
42	14.901	320.357	43	23	41	61	
43	14.901	324.881	44	24	42	62	
44	14.901	329.405	45	25	43	63	
45	14.901	333.929	46	26	44	64	
46	14.901	338.452	47	27	45	65	
47	14.901	342.976	48	28	46	66	
48	14.901	347.5	49	29	47	67	
49	14.901	352.024	50	30	48	68	
50	14.901	356.548	51	31	49	69	
51	14.901	361.071	52	32	50	70	
52	14.901	365.595	53	33	51	71	
53	14.901	370.119	54	34	52	72	
54	14.901	374.643	55	35	53	73	
55	14.901	379.167	56	36	54	74	
56	14.901	383.69	57	37	55	75	
57	14.901	388.214	1492	38	56	76	
58	19.1584	306.786	77	59	39	1205	1206	
59	19.1584	311.31	60	40	58	78	
60	19.1584	315.833	61	41	59	79	
61	19.1584	320.357	62	42	60	80	
62	19.1584	324.881	63	43	61	81	
63	19.1584	329.405	64	44	62	82	
64	19.1584	333.929	65	45	63	83	
65	19.1584	338.452	66	46	64	84	
66	19.1584	342.976	67	47	65	85	
67	19.1584	347.5	68	48	66	86	
68	19.1584	352.024	69	49	67	87	
69	19.1584	356.548	70	50	68	88	
70	19.1584	361.071	71	51	69	89	
71	19.1584	365.595	72	52	70	90	
72	19.1584	370.119	73	53	71	91	
73	19.1584	374.643	74	54	72	92	
74	19.1584	379.167	75	55	73	93	
75	19.1584	383.69	76	56	74	94	
76	19.1584	388.214	57	75	95	1492	
77	23.4158	306.786	96	78	58	1206	1207	
78	23.4158	311.31	79	59	77	97	
79	23.4158	315.833	80	60	78	98	
80	23.4158	320.357	81	61	79	99	
81	23.4158	324.881	82	62	80	100	
82	23.4158	329.405	83	63	81	101	
83	23.4158	333.929	84	64	82	102	
84	23.4158	338.452	85	65	83	103	
85	23.4158	342.976	86	66	84	104	
86	23.4158	347.5	87	67	85	105	
87	23.4158	352.024	88	68	86	106	
88	23.4158	356.548	89	69	87	107	
89	23.4158	361.071	90	70	88	108	
90	23.4158	365.595	91	71	89	109	
91	23.4158	370.119	92	72	90	110	
92	23.4158	374.643	93	73	91	111	
93	23.4158	379.167	94	74	92	112	
94	23.4158	383.69	95	75	93	113	
95	23.4158	388.214	1493	76	94	113	1494	
96	27.6733	306.786	114	97	77	1207	1208	
97	27.6733	311.31	98	78	96	115	
98	27.6733	315.833	99	79	97	116	
99	27.6733	320.357	100	80	98	117	
100	27.6733	324.881	101	81	99	118	
101	27.6733	329.405	102	82	100	119	
102	27.6733	333.929	103	83	101	120	
103	27.6733	338.452	104	84	102	121	
104	27.6733	342.976	105	85	103	122	
105	27.6733	347.5	106	86	104	123	
106	27.6733	352.024	107	87	105	124	
107	27.6733	356.548	108	88	106	125	
108	27.6733	361.071	109	89	107	126	
109	27.6733	365.595	110	90	108	127	
110	27.6733	370.119	111	91	109	128	
111	27.6733	374.643	112	92	110	129	
112	27.6733	379.167	113	93	111	130	
113	27.6733	383.69	95	94	112	131	1494	
114	31.9307	306.786	132	115	96	1208	1209	
115	31.9307	311.31	116	97	114	133	
116	31.9307	315.833	117	98	115	134	
117	31.9307	320.357	118	99	116	135	
118	31.9307	324.881	119	100	117	136	
119	31.9307	329.405	120	101	118	137	
120	31.9307	333.929	121	102	119	138	
121	31.9307	338.452	122	103	120	139	
122	31.9307	342.976	123	104	121	140	
123	31.9307	347.5	124	105	122	141	
124	31.9307	352.024	125	106	123	142	
125	31.9307	356.548	126	107	124	143	
126	31.9307	361.071	127	108	125	144	
127	31.9307	365.595	128	109	126	145	
128	31.9307	370.119	129	110	127	146	
129	31.9307	374.643	130	111	128	147	
130	31.9307	379.167	131	112	129	148	
131	31.9307	383.69	113	130	149	1495	
132	36.1881	306.786	150	133	114	1209	1210	
133	36.1881	311.31	134	115	132	151	
134	36.1881	315.833	135	116	133	152	
135	36.1881	320.357	136	117	134	153	
136	36.1881	324.881	137	118	135	154	
137	36.1881	329.405	138	119	136	155	
138	36.1881	333.929	139	120	137	156	
139	36.1881	338.452	140	121	138	157	
140	36.1881	342.976	141	122	139	158	
141	36.1881	347.5	142	123	140	159	
142	36.1881	352.024	143	124	141	160	
143	36.1881	356.548	144	125	142	161	
144	36.1881	361.071	145	126	143	162	
145	36.1881	365.595	146	127	144	163	
146	36.1881	370.119	147	128	145	164	
147	36.1881	374.643	148	129	146	165	
148	36.1881	379.167	149	130	147	166	
149	36.1881	383.69	131	148	167	1496	
150	40.4455	306.786	168	151	132	1210	1211	
151	40.4455	311.31	152	133	150	169	
152	40.4455	315.833	153	134	151	170	
153	40.4455	320.357	154	135	152	171	
154	40.4455	324.881	155	136	153	172	
155	40.4455	329.405	156	137	154	173	
156	40.4455	333.929	157	138	155	174	
157	40.4455	338.452	158	139	156	175	
158	40.4455	342.976	159	140	157	176	
159	40.4455	347.5	160	141	158	177	
160	40.4455	352.024	161	142	159	178	
161	40.4455	356.548	162	143	160	179	
162	40.4455	361.071	163	144	161	180	
163	40.4455	365.595	164	145	162	181	
164	40.4455	370.119	165	146	163	182	
165	40.4455	374.643	166	147	164	183	
166	40.4455	379.167	167	148	165	184	
167	40.4455	383.69	149	166	185	1497	
168	44.703	306.786	186	169	150	1211	1212	
169	44.703	311.31	170	151	168	187	
170	44.703	315.833	171	152	169	188	
171	44.703	320.357	172	153	170	189	
172	44.703	324.881	173	154	171	190	
173	44.703	329.405	174	155	172	191	
174	44.703	333.929	175	156	173	192	
175	44.703	338.452	176	157	174	193	
176	44.703	342.976	177	158	175	194	
177	44.703	347.5	178	159	176	195	
178	44.703	352.024	179	160	177	196	
179	44.703	356.548	180	161	178	197	1341	
180	44.703	361.071	181	162	179	1341	1342	1343	
181	44.703	365.595	182	163	180	1343	1344	
182	44.703	370.119	183	164	181	1344	1345	1346	
183	44.703	374.643	184	165	182	1346	1347	1348	
184	44.703	379.167	185	166	183	1348	1349	1350	
185	44.703	383.69	167	184	1350	1351	1498	
186	48.9604	306.786	198	187	168	1212	1213	
187	48.9604	311.31	188	169	186	199	
188	48.9604	315.833	189	170	187	200	
189	48.9604	320.357	190	171	188	201	
190	48.9604	324.881	191	172	189	202	
191	48.9604	329.405	192	173	190	203	
192	48.9604	333.929	193	174	191	204	
193	48.9604	338.452	194	175	192	205	
194	48.9604	342.976	195	176	193	206	
195	48.9604	347.5	196	177	194	207	
196	48.9604	352.024	197	178	195	208	
197	48.9604	356.548	1341	179	196	209	1352	
198	53.2178	306.786	210	199	186	1213	1214	
199	53.2178	311.31	200	187	198	211	
200	53.2178	315.833	201	188	199	212	
201	53.2178	320.357	202	189	200	213	
202	53.2178	324.881	203	190	201	214	
203	53.2178	329.405	204	191	202	215	
204	53.2178	333.929	205	192	203	216	
205	53.2178	338.452	206	193	204	217	
206	53.2178	342.976	207	194	205	218	
207	53.2178	347.5	208	195	206	219	
208	53.2178	352.024	209	196	207	220	
209	53.2178	356.548	197	208	221	1362	1352	
210	57.4752	306.786	222	211	198	1214	1215	
211	57.4752	311.31	212	199	210	223	
212	57.4752	315.833	213	200	211	224	
213	57.4752	320.357	214	201	212	225	
214	57.4752	324.881	215	202	213	226	
215	57.4752	329.405	216	203	214	227	
216	57.4752	333.929	217	204	215	228	
217	57.4752	338.452	218	205	216	229	
218	57.4752	342.976	219	206	217	230	
219	57.4752	347.5	220	207	218	231	
220	57.4752	352.024	221	208	219	232	
221	57.4752	356.548	1362	209	220	233	1372	
222	61.7327	306.786	234	223	210	1215	1216	
223	61.7327	311.31	224	211	222	235	
224	61.7327	315.833	225	212	223	236	
225	61.7327	320.357	226	213	224	237	
226	61.7327	324.881	227	214	225	238	
227	61.7327	329.405	228	215	226	239	
228	61.7327	333.929	229	216	227	240	
229	61.7327	338.452	230	217	228	241	
230	61.7327	342.976	231	218	229	242	
231	61.7327	347.5	232	219	230	243	
232	61.7327	352.024	233	220	231	244	
233	61.7327	356.548	1381	1372	221	232	245	1390	
234	65.9901	306.786	246	235	222	1216	1217	
235	65.9901	311.31	236	223	234	247	
236	65.9901	315.833	237	224	235	248	
237	65.9901	320.357	238	225	236	249	
238	65.9901	324.881	239	226	237	250	
239	65.9901	329.405	240	227	238	251	
240	65.9901	333.929	241	228	239	252	
241	65.9901	338.452	242	229	240	253	
242	65.9901	342.976	243	230	241	254	
243	65.9901	347.5	244	231	242	255	
244	65.9901	352.024	245	232	243	256	
245	65.9901	356.548	1390	233	244	257	1399	
246	70.2475	306.786	258	247	234	1217	1218	
247	70.2475	311.31	248	235	246	259	
248	70.2475	315.833	249	236	247	260	
249	70.2475	320.357	250	237	248	261	
250	70.2475	324.881	251	238	249	262	
251	70.2475	329.405	252	239	250	263	
252	70.2475	333.929	253	240	251	264	
253	70.2475	338.452	254	241	252	265	
254	70.2475	342.976	255	242	253	266	
255	70.2475	347.5	256	243	254	267	
256	70.2475	352.024	257	244	255	268	
257	70.2475	356.548	1399	245	256	269	1407	
258	74.505	306.786	270	259	246	1218	1219	
259	74.505	311.31	260	247	258	271	
260	74.505	315.833	261	248	259	272	
261	74.505	320.357	262	249	260	273	
262	74.505	324.881	263	250	261	274	
263	74.505	329.405	264	251	262	275	
264	74.505	333.929	265	252	263	276	
265	74.505	338.452	266	253	264	277	
266	74.505	342.976	267	254	265	278	
267	74.505	347.5	268	255	266	279	
268	74.505	352.024	269	256	267	280	
269	74.505	356.548	257	268	281	1415	1407	
270	78.7624	306.786	282	271	258	1219	1220	
271	78.7624	311.31	272	259	270	283	
272	78.7624	315.833	273	260	271	284	
273	78.7624	320.357	274	261	272	285	
274	78.7624	324.881	275	262	273	286	
275	78.7624	329.405	276	263	274	287	
276	78.7624	333.929	277	264	275	288	
277	78.7624	338.452	278	265	276	289	
278	78.7624	342.976	279	266	277	290	
279	78.7624	347.5	280	267	278	291	
280	78.7624	352.024	281	268	279	292	
281	78.7624	356.548	1415	269	280	293	1422	
282	83.0198	306.786	294	283	270	1220	1221	
283	83.0198	311.31	284	271	282	295	
284	83.0198	315.833	285	272	283	296	
285	83.0198	320.357	286	273	284	297	
286	83.0198	324.881	287	274	285	298	
287	83.0198	329.405	288	275	286	299	
288	83.0198	333.929	289	276	287	300	
289	83.0198	338.452	290	277	288	301	
290	83.0198	342.976	291	278	289	302	
291	83.0198	347.5	292	279	290	303	
292	83.0198	352.024	293	280	291	304	
293	83.0198	356.548	1422	281	292	305	1429	
294	87.2772	306.786	306	295	282	1221	1222	
295	87.2772	311.31	296	283	294	307	
296	87.2772	315.833	297	284	295	308	
297	87.2772	320.357	298	285	296	309	
298	87.2772	324.881	299	286	297	310	
299	87.2772	329.405	300	287	298	311	
300	87.2772	333.929	301	288	299	312	
301	87.2772	338.452	302	289	300	313	
302	87.2772	342.976	303	290	301	314	
303	87.2772	347.5	304	291	302	315	
304	87.2772	352.024	305	292	303	316	
305	87.2772	356.548	1435	1429	293	304	317	1441	
306	91.5347	306.786	318	307	294	1222	1223	
307	91.5347	311.31	308	295	306	319	
308	91.5347	315.833	309	296	307	320	
309	91.5347	320.357	310	297	308	321	
310	91.5347	324.881	311	298	309	322	
311	91.5347	329.405	312	299	310	323	
312	91.5347	333.929	313	300	311	324	
313	91.5347	338.452	314	301	312	325	
314	91.5347	342.976	315	302	313	326	
315	91.5347	347.5	316	303	314	327	
316	91.5347	352.024	317	304	315	328	
317	91.5347	356.548	1441	305	316	329	1447	
318	95.7921	306.786	330	319	306	1223	1224	
319	95.7921	311.31	320	307	318	331	
320	95.7921	315.833	321	308	319	332	
321	95.7921	320.357	322	309	320	333	
322	95.7921	324.881	323	310	321	334	
323	95.7921	329.405	324	311	322	335	
324	95.7921	333.929	325	312	323	336	
325	95.7921	338.452	326	313	324	337	
326	95.7921	342.976	327	314	325	338	
327	95.7921	347.5	328	315	326	339	
328	95.7921	352.024	329	316	327	340	
329	95.7921	356.548	317	328	341	1453	1447	
330	100.05	306.786	342	331	318	1224	1225	
331	100.05	311.31	332	319	330	343	
332	100.05	315.833	333	320	331	344	
333	100.05	320.357	334	321	332	345	
334	100.05	324.881	335	322	333	346	
335	100.05	329.405	336	323	334	347	
336	100.05	333.929	337	324	335	348	
337	100.05	338.452	338	325	336	349	
338	100.05	342.976	339	326	337	350	
339	100.05	347.5	340	327	338	351	
340	100.05	352.024	341	328	339	352	
341	100.05	356.548	1453	329	340	353	1459	
342	104.307	306.786	354	343	330	1225	1226	
343	104.307	311.31	344	331	342	355	
344	104.307	315.833	345	332	343	356	
345	104.307	320.357	346	333	344	357	
346	104.307	324.881	347	334	345	358	
347	104.307	329.405	348	335	346	359	
348	104.307	333.929	349	336	347	360	
349	104.307	338.452	350	337	348	361	
350	104.307	342.976	351	338	349	362	
351	104.307	347.5	352	339	350	363	
352	104.307	352.024	353	340	351	364	
353	104.307	356.548	1459	341	352	365	1465	
354	108.564	306.786	366	355	342	1226	1227	
355	108.564	311.31	356	343	354	367	
356	108.564	315.833	357	344	355	368	
357	108.564	320.357	358	345	356	369	
358	108.564	324.881	359	346	357	370	
359	108.564	329.405	360	347	358	371	
360	108.564	333.929	361	348	359	372	
361	108.564	338.452	362	349	360	373	
362	108.564	342.976	363	350	361	374	
363	108.564	347.5	364	351	362	375	
364	108.564	352.024	365	352	363	376	
365	108.564	356.548	1471	1465	353	364	377	1477	
366	112.822	306.786	378	367	354	1227	1228	
367	112.822	311.31	368	355	366	379	
368	112.822	315.833	369	356	367	380	
369	112.822	320.357	370	357	368	381	
370	112.822	324.881	371	358	369	382	
371	112.822	329.405	372	359	370	383	
372	112.822	333.929	373	360	371	384	
373	112.822	338.452	374	361	372	385	
374	112.822	342.976	375	362	373	386	
375	112.822	347.5	376	363	374	387	
376	112.822	352.024	377	364	375	388	
377	112.822	356.548	1477	365	376	389	1482	
378	117.079	306.786	390	379	366	1228	1229	
379	117.079	311.31	380	367	378	391	
380	117.079	315.833	381	368	379	392	
381	117.079	320.357	382	369	380	393	
382	117.079	324.881	383	370	381	394	
383	117.079	329.405	384	371	382	395	
384	117.079	333.929	385	372	383	396	
385	117.079	338.452	386	373	384	397	
386	117.079	342.976	387	374	385	398	
387	117.079	347.5	388	375	386	399	
388	117.079	352.024	389	376	387	400	
389	117.079	356.548	1482	377	388	401	1487	
390	121.337	306.786	405	391	378	1229	1230	
391	121.337	311.31	392	379	390	406	
392	121.337	315.833	393	380	391	407	
393	121.337	320.357	394	381	392	408	
394	121.337	324.881	395	382	393	409	
395	121.337	329.405	396	383	394	410	
396	121.337	333.929	397	384	395	411	
397	121.337	338.452	398	385	396	412	
398	121.337	342.976	399	386	397	413	
399	121.337	347.5	400	387	398	414	
400	121.337	352.024	401	388	399	415	
401	121.337	356.548	389	400	416	402	1487	
402	121.337	361.071	1488	1487	401	417	403	1489	
403	121.337	365.595	402	418	404	1490	1489	
404	121.337	370.119	1491	1490	403	419	1506	
405	125.594	306.786	420	406	390	1230	1231	
406	125.594	311.31	407	391	405	421	
407	125.594	315.833	408	392	406	422	
408	125.594	320.357	409	393	407	423	
409	125.594	324.881	410	394	408	424	
410	125.594	329.405	411	395	409	425	
411	125.594	333.929	412	396	410	426	
412	125.594	338.452	413	397	411	427	
413	125.594	342.976	414	398	412	428	
414	125.594	347.5	415	399	413	429	
415	125.594	352.024	416	400	414	430	
416	125.594	356.548	417	401	415	431	
417	125.594	361.071	418	402	416	432	
418	125.594	365.595	419	403	417	433	
419	125.594	370.119	1507	404	418	433	1508	
420	129.851	306.786	434	421	405	1231	1232	
421	129.851	311.31	422	406	420	435	
422	129.851	315.833	423	407	421	436	
423	129.851	320.357	424	408	422	437	
424	129.851	324.881	425	409	423	438	
425	129.851	329.405	426	410	424	439	
426	129.851	333.929	427	411	425	440	
427	129.851	338.452	428	412	426	441	
428	129.851	342.976	429	413	427	442	
429	129.851	347.5	430	414	428	443	
430	129.851	352.024	431	415	429	444	
431	129.851	356.548	432	416	430	445	
432	129.851	361.071	433	417	431	446	
433	129.851	365.595	419	418	432	447	1508	
434	134.109	306.786	448	435	420	1232	1233	
435	134.109	311.31	436	421	434	449	
436	134.109	315.833	437	422	435	450	
437	134.109	320.357	438	423	436	451	
438	134.109	324.881	439	424	437	452	
439	134.109	329.405	440	425	438	453	
440	134.109	333.929	441	426	439	454	
441	134.109	338.452	442	427	440	455	
442	134.109	342.976	443	428	441	456	
443	134.109	347.5	444	429	442	457	
444	134.109	352.024	445	430	443	458	
445	134.109	356.548	446	431	444	459	
446	134.109	361.071	447	432	445	460	
447	134.109	365.595	433	446	461	1509	
448	138.366	306.786	462	449	434	1233	1234	
449	138.366	311.31	450	435	448	463	
450	138.366	315.833	451	436	449	464	
451	138.366	320.357	452	437	450	465	
452	138.366	324.881	453	438	451	466	
453	138.366	329.405	454	439	452	467	
454	138.366	333.929	455	440	453	468	
455	138.366	338.452	456	441	454	469	
456	138.366	342.976	457	442	455	470	
457	138.366	347.5	458	443	456	471	
458	138.366	352.024	459	444	457	472	
459	138.366	356.548	460	445	458	473	
460	138.366	361.071	461	446	459	474	
461	138.366	365.595	447	460	475	1510	
462	142.624	306.786	476	463	448	1234	1235	
463	142.624	311.31	464	449	462	477	
464	142.624	315.833	465	450	463	478	
465	142.624	320.357	466	451	464	479	
466	142.624	324.881	467	452	465	480	
467	142.624	329.405	468	453	466	481	
468	142.624	333.929	469	454	467	482	
469	142.624	338.452	470	455	468	483	
470	142.624	342.976	471	456	469	484	
471	142.624	347.5	472	457	470	485	
472	142.624	352.024	473	458	471	486	
473	142.624	356.548	474	459	472	487	
474	142.624	361.071	475	460	473	488	
475	142.624	365.595	461	474	489	1511	
476	146.881	306.786	490	477	462	1235	1236	
477	146.881	311.31	478	463	476	491	
478	146.881	315.833	479	464	477	492	
479	146.881	320.357	480	465	478	493	
480	146.881	324.881	481	466	479	494	
481	146.881	329.405	482	467	480	495	
482	146.881	333.929	483	468	481	496	
483	146.881	338.452	484	469	482	497	
484	146.881	342.976	485	470	483	498	
485	146.881	347.5	486	471	484	499	
486	146.881	352.024	487	472	485	500	
487	146.881	356.548	488	473	486	501	
488	146.881	361.071	489	474	487	502	
489	146.881	365.595	475	488	503	1512	
490	151.139	306.786	504	491	476	1236	1237	
491	151.139	311.31	492	477	490	505	
492	151.139	315.833	493	478	491	506	
493	151.139	320.357	494	479	492	507	
494	151.139	324.881	495	480	493	508	
495	151.139	329.405	496	481	494	509	
496	151.139	333.929	497	482	495	510	
497	151.139	338.452	498	483	496	511	
498	151.139	342.976	499	484	497	512	
499	151.139	347.5	500	485	498	513	
500	151.139	352.024	501	486	499	514	
501	151.139	356.548	502	487	500	515	
502	151.139	361.071	503	488	501	516	
503	151.139	365.595	489	502	517	1512	
504	155.396	306.786	518	505	490	1237	1238	
505	155.396	311.31	506	491	504	519	
506	155.396	315.833	507	492	505	520	
507	155.396	320.357	508	493	506	521	
508	155.396	324.881	509	494	507	522	
509	155.396	329.405	510	495	508	523	
510	155.396	333.929	511	496	509	524	
511	155.396	338.452	512	497	510	525	
512	155.396	342.976	513	498	511	526	
513	155.396	347.5	514	499	512	527	
514	155.396	352.024	515	500	513	528	
515	155.396	356.548	516	501	514	529	
516	155.396	361.071	517	502	515	530	
517	155.396	365.595	531	1512	503	516	
518	159.653	306.786	532	519	504	1238	1239	
519	159.653	311.31	520	505	518	533	
520	159.653	315.833	521	506	519	534	
521	159.653	320.357	522	507	520	535	
522	159.653	324.881	523	508	521	536	
523	159.653	329.405	524	509	522	537	
524	159.653	333.929	525	510	523	538	
525	159.653	338.452	526	511	524	539	
526	159.653	342.976	527	512	525	540	
527	159.653	347.5	528	513	526	541	
528	159.653	352.024	529	514	527	542	
529	159.653	356.548	530	515	528	543	
530	159.653	361.071	531	516	529	544	
531	159.653	365.595	545	517	530	
532	163.911	306.786	546	533	518	1239	1240	
533	163.911	311.31	534	519	532	547	
534	163.911	315.833	535	520	533	548	
535	163.911	320.357	536	521	534	549	
536	163.911	324.881	537	522	535	550	
537	163.911	329.405	538	523	536	551	
538	163.911	333.929	539	524	537	552	
539	163.911	338.452	540	525	538	553	
540	163.911	342.976	541	526	539	554	
541	163.911	347.5	542	527	540	555	
542	163.911	352.024	543	528	541	556	
543	163.911	356.548	544	529	542	557	
544	163.911	361.071	545	530	543	558	
545	163.911	365.595	559	531	544	
546	168.168	306.786	560	547	532	1240	1241	
547	168.168	311.31	548	533	546	561	
548	168.168	315.833	549	534	547	562	
549	168.168	320.357	550	535	548	563	
550	168.168	324.881	551	536	549	564	
551	168.168	329.405	552	537	550	565	
552	168.168	333.929	553	538	551	566	
553	168.168	338.452	554	539	552	567	
554	168.168	342.976	555	540	553	568	
555	168.168	347.5	556	541	554	569	
556	168.168	352.024	557	542	555	570	
557	168.168	356.548	558	543	556	571	
558	168.168	361.071	559	544	557	572	
559	168.168	365.595	573	545	558	
560	172.426	306.786	574	561	546	1241	1242	
561	172.426	311.31	562	547	560	575	
562	172.426	315.833	563	548	561	576	
563	172.426	320.357	564	549	562	577	
564	172.426	324.881	565	550	563	578	
565	172.426	329.405	566	551	564	579	
566	172.426	333.929	567	552	565	580	
567	172.426	338.452	568	553	566	581	
568	172.426	342.976	569	554	567	582	
569	172.426	347.5	570	555	568	583	
570	172.426	352.024	571	556	569	584	
571	172.426	356.548	572	557	570	585	
572	172.426	361.071	573	558	571	586	
573	172.426	365.595	587	559	572	
574	176.683	306.786	588	575	560	1242	1243	
575	176.683	311.31	576	561	574	589	
576	176.683	315.833	577	562	575	590	
577	176.683	320.357	578	563	576	591	
578	176.683	324.881	579	564	577	592	
579	176.683	329.405	580	565	578	593	
580	176.683	333.929	581	566	579	594	
581	176.683	338.452	582	567	580	595	
582	176.683	342.976	583	568	581	596	
583	176.683	347.5	584	569	582	597	
584	176.683	352.024	585	570	583	598	
585	176.683	356.548	586	571	584	599	
586	176.683	361.071	587	572	585	600	
587	176.683	365.595	613	573	586	600	
588	180.941	306.786	601	589	574	1243	1244	
589	180.941	311.31	590	575	588	602	
590	180.941	315.833	591	576	589	603	
591	180.941	320.357	592	577	590	604	
592	180.941	324.881	593	578	591	605	
593	180.941	329.405	594	579	592	606	
594	180.941	333.929	595	580	593	607	
595	180.941	338.452	596	581	594	608	
596	180.941	342.976	597	582	595	609	
597	180.941	347.5	598	583	596	610	
598	180.941	352.024	599	584	597	611	
599	180.941	356.548	600	585	598	612	
600	180.941	361.071	587	586	599	613	
601	185.198	306.786	614	602	588	1244	1245	
602	185.198	311.31	603	589	601	615	
603	185.198	315.833	604	590	602	616	
604	185.198	320.357	605	591	603	617	
605	185.198	324.881	606	592	604	618	
606	185.198	329.405	607	593	605	619	
607	185.198	333.929	608	594	606	620	
608	185.198	338.452	609	595	607	621	
609	185.198	342.976	610	596	608	622	
610	185.198	347.5	611	597	609	623	
611	185.198	352.024	612	598	610	624	
612	185.198	356.548	613	599	611	625	
613	185.198	361.071	626	587	600	612	
614	189.455	306.786	627	615	601	1245	1246	
615	189.455	311.31	616	602	614	628	
616	189.455	315.833	617	603	615	629	
617	189.455	320.357	618	604	616	630	
618	189.455	324.881	619	605	617	631	
619	189.455	329.405	620	606	618	632	
620	189.455	333.929	621	607	619	633	
621	189.455	338.452	622	608	620	634	
622	189.455	342.976	623	609	621	635	
623	189.455	347.5	624	610	622	636	
624	189.455	352.024	625	611	623	637	
625	189.455	356.548	626	612	624	638	
626	189.455	361.071	639	613	625	
627	193.713	306.786	640	628	614	1246	1247	
628	193.713	311.31	629	615	627	641	
629	193.713	315.833	630	616	628	642	
630	193.713	320.357	631	617	629	643	
631	193.713	324.881	632	618	630	644	
632	193.713	329.405	633	619	631	645	
633	193.713	333.929	634	620	632	646	
634	193.713	338.452	635	621	633	647	
635	193.713	342.976	636	622	634	648	
636	193.713	347.5	637	623	635	649	
637	193.713	352.024	638	624	636	650	
638	193.713	356.548	639	625	637	651	
639	193.713	361.071	652	626	638	
640	197.97	306.786	653	641	627	1247	1248	
641	197.97	311.31	642	628	640	654	
642	197.97	315.833	643	629	641	655	
643	197.97	320.357	644	630	642	656	
644	197.97	324.881	645	631	643	657	
645	197.97	329.405	646	632	644	658	
646	197.97	333.929	647	633	645	659	
647	197.97	338.452	648	634	646	660	
648	197.97	342.976	649	635	647	661	
649	197.97	347.5	650	636	648	662	
650	197.97	352.024	651	637	649	663	
651	197.97	356.548	652	638	650	664	
652	197.97	361.071	677	639	651	664	
653	202.228	306.786	665	654	640	1248	1249	
654	202.228	311.31	655	641	653	666	
655	202.228	315.833	656	642	654	667	
656	202.228	320.357	657	643	655	668	
657	202.228	324.881	658	644	656	669	
658	202.228	329.405	659	645	657	670	
659	202.228	333.929	660	646	658	671	
660	202.228	338.452	661	647	659	672	
661	202.228	342.976	662	648	660	673	
662	202.228	347.5	663	649	661	674	
663	202.228	352.024	664	650	662	675	
664	202.228	356.548	652	651	663	676	677	
665	206.485	306.786	678	666	653	1249	1250	
666	206.485	311.31	667	654	665	679	
667	206.485	315.833	668	655	666	680	
668	206.485	320.357	669	656	667	681	
669	206.485	324.881	670	657	668	682	
670	206.485	329.405	671	658	669	683	
671	206.485	333.929	672	659	670	684	
672	206.485	338.452	673	660	671	685	
673	206.485	342.976	674	661	672	686	
674	206.485	347.5	675	662	673	687	
675	206.485	352.024	676	663	674	688	
676	206.485	356.548	677	664	675	689	
677	206.485	361.071	690	652	664	676	
678	210.743	306.786	691	679	665	1250	1251	
679	210.743	311.31	680	666	678	692	
680	210.743	315.833	681	667	679	693	
681	210.743	320.357	682	668	680	694	
682	210.743	324.881	683	669	681	695	
683	210.743	329.405	684	670	682	696	
684	210.743	333.929	685	671	683	697	
685	210.743	338.452	686	672	684	698	
686	210.743	342.976	687	673	685	699	
687	210.743	347.5	688	674	686	700	
688	210.743	352.024	689	675	687	701	
689	210.743	356.548	690	676	688	702	
690	210.743	361.071	703	677	689	
691	215	306.786	704	692	678	1251	1252	
692	215	311.31	693	679	691	705	
693	215	315.833	694	680	692	706	
694	215	320.357	695	681	693	707	
695	215	324.881	696	682	694	708	
696	215	329.405	697	683	695	709	
697	215	333.929	698	684	696	710	
698	215	338.452	699	685	697	711	
699	215	342.976	700	686	698	712	
700	215	347.5	701	687	699	713	
701	215	352.024	702	688	700	714	
702	215	356.548	703	689	701	715	
703	215	361.071	727	690	702	715	
704	219.257	306.786	716	705	691	1252	1253	
705	219.257	311.31	706	692	704	717	
706	219.257	315.833	707	693	705	718	
707	219.257	320.357	708	694	706	719	
708	219.257	324.881	709	695	707	720	
709	219.257	329.405	710	696	708	721	
710	219.257	333.929	711	697	709	722	
711	219.257	338.452	712	698	710	723	
712	219.257	342.976	713	699	711	724	
713	219.257	347.5	714	700	712	725	
714	219.257	352.024	715	701	713	726	
715	219.257	356.548	703	702	714	727	
716	223.515	306.786	728	717	704	1253	1254	
717	223.515	311.31	718	705	716	729	
718	223.515	315.833	719	706	717	730	
719	223.515	320.357	720	707	718	731	
720	223.515	324.881	721	708	719	732	
721	223.515	329.405	722	709	720	733	
722	223.515	333.929	723	710	721	734	
723	223.515	338.452	724	711	722	735	
724	223.515	342.976	725	712	723	736	
725	223.515	347.5	726	713	724	737	
726	223.515	352.024	727	714	725	738	
727	223.515	356.548	739	703	715	726	
728	227.772	306.786	740	729	716	1254	1255	
729	227.772	311.31	730	717	728	741	
730	227.772	315.833	731	718	729	742	
731	227.772	320.357	732	719	730	743	
732	227.772	324.881	733	720	731	744	
733	227.772	329.405	734	721	732	745	
734	227.772	333.929	735	722	733	746	
735	227.772	338.452	736	723	734	747	
736	227.772	342.976	737	724	735	748	
737	227.772	347.5	738	725	736	749	
738	227.772	352.024	739	726	737	750	
739	227.772	356.548	751	727	738	
740	232.03	306.786	752	741	728	1255	1256	
741	232.03	311.31	742	729	740	753	
742	232.03	315.833	743	730	741	754	
743	232.03	320.357	744	731	742	755	
744	232.03	324.881	745	732	743	756	
745	232.03	329.405	746	733	744	757	
746	232.03	333.929	747	734	745	758	
747	232.03	338.452	748	735	746	759	
748	232.03	342.976	749	736	747	760	
749	232.03	347.5	750	737	748	761	
750	232.03	352.024	751	738	749	762	
751	232.03	356.548	763	739	750	
752	236.287	306.786	764	753	740	1256	1257	
753	236.287	311.31	754	741	752	765	
754	236.287	315.833	755	742	753	766	
755	236.287	320.357	756	743	754	767	
756	236.287	324.881	757	744	755	768	
757	236.287	329.405	758	745	756	769	
758	236.287	333.929	759	746	757	770	
759	236.287	338.452	760	747	758	771	
760	236.287	342.976	761	748	759	772	
761	236.287	347.5	762	749	760	773	
762	236.287	352.024	763	750	761	774	
763	236.287	356.548	775	751	762	
764	240.545	306.786	776	765	752	1257	1258	
765	240.545	311.31	766	753	764	777	
766	240.545	315.833	767	754	765	778	
767	240.545	320.357	768	755	766	779	
768	240.545	324.881	769	756	767	780	
769	240.545	329.405	770	757	768	781	
770	240.545	333.929	771	758	769	782	
771	240.545	338.452	772	759	770	783	
772	240.545	342.976	773	760	771	784	
773	240.545	347.5	774	761	772	785	
774	240.545	352.024	775	762	773	786	
775	240.545	356.548	787	763	774	
776	244.802	306.786	788	777	764	1258	1259	
777	244.802	311.31	778	765	776	789	
778	244.802	315.833	779	766	777	790	
779	244.802	320.357	780	767	778	791	
780	244.802	324.881	781	768	779	792	
781	244.802	329.405	782	769	780	793	
782	244.802	333.929	783	770	781	794	
783	244.802	338.452	784	771	782	795	
784	244.802	342.976	785	772	783	796	
785	244.802	347.5	786	773	784	797	
786	244.802	352.024	787	774	785	798	
787	244.802	356.548	809	775	786	798	
788	249.059	306.786	799	789	776	1259	1260	
789	249.059	311.31	790	777	788	800	
790	249.059	315.833	791	778	789	801	
791	249.059	320.357	792	779	790	802	
792	249.059	324.881	793	780	791	803	
793	249.059	329.405	794	781	792	804	
794	249.059	333.929	795	782	793	805	
795	249.059	338.452	796	783	794	806	
796	249.059	342.976	797	784	795	807	
797	249.059	347.5	798	785	796	808	
798	249.059	352.024	787	786	797	809	
799	253.317	306.786	810	800	788	1260	1261	
800	253.317	311.31	801	789	799	811	
801	253.317	315.833	802	790	800	812	
802	253.317	320.357	803	791	801	813	
803	253.317	324.881	804	792	802	814	
804	253.317	329.405	805	793	803	815	
805	253.317	333.929	806	794	804	816	
806	253.317	338.452	807	795	805	817	
807	253.317	342.976	808	796	806	818	
808	253.317	347.5	809	797	807	819	
809	253.317	352.024	820	787	798	808	
810	257.574	306.786	821	811	799	1261	1262	
811	257.574	311.31	812	800	810	822	
812	257.574	315.833	813	801	811	823	
813	257.574	320.357	814	802	812	824	
814	257.574	324.881	815	803	813	825	
815	257.574	329.405	816	804	814	826	
816	257.574	333.929	817	805	815	827	
817	257.574	338.452	818	806	816	828	
818	257.574	342.976	819	807	817	829	
819	257.574	347.5	820	808	818	830	
820	257.574	352.024	831	809	819	
821	261.832	306.786	832	822	810	1262	1263	
822	261.832	311.31	823	811	821	833	
823	261.832	315.833	824	812	822	834	
824	261.832	320.357	825	813	823	835	
825	261.832	324.881	826	814	824	836	
826	261.832	329.405	827	815	825	837	
827	261.832	333.929	828	816	826	838	
828	261.832	338.452	829	817	827	839	
829	261.832	342.976	830	818	828	840	
830	261.832	347.5	831	819	829	841	
831	261.832	352.024	1513	820	830	842	
832	266.089	306.786	843	833	821	1263	1264	
833	266.089	311.31	834	822	832	844	
834	266.089	315.833	835	823	833	845	
835	266.089	320.357	836	824	834	846	
836	266.089	324.881	837	825	835	847	
837	266.089	329.405	838	826	836	848	
838	266.089	333.929	839	827	837	849	
839	266.089	338.452	840	828	838	850	
840	266.089	342.976	841	829	839	851	
841	266.089	347.5	842	830	840	852	
842	266.089	352.024	831	841	853	1513	
843	270.347	306.786	854	844	832	1264	1265	
844	270.347	311.31	845	833	843	855	
845	270.347	315.833	846	834	844	856	
846	270.347	320.357	847	835	845	857	
847	270.347	324.881	848	836	846	858	
848	270.347	329.405	849	837	847	859	
849	270.347	333.929	850	838	848	860	
850	270.347	338.452	851	839	849	861	
851	270.347	342.976	852	840	850	862	
852	270.347	347.5	853	841	851	863	
853	270.347	352.024	842	852	863	1321	1513	
854	274.604	306.786	864	855	843	1265	1266	
855	274.604	311.31	856	844	854	865	
856	274.604	315.833	857	845	855	866	
857	274.604	320.357	858	846	856	867	
858	274.604	324.881	859	847	857	868	
859	274.604	329.405	860	848	858	869	
860	274.604	333.929	861	849	859	870	
861	274.604	338.452	862	850	860	871	
862	274.604	342.976	863	851	861	872	
863	274.604	347.5	853	852	862	873	1320	1321	
864	278.861	306.786	874	865	854	1266	1267	
865	278.861	311.31	866	855	864	875	
866	278.861	315.833	867	856	865	876	
867	278.861	320.357	868	857	866	877	
868	278.861	324.881	869	858	867	878	
869	278.861	329.405	870	859	868	879	
870	278.861	333.929	871	860	869	880	
871	278.861	338.452	872	861	870	881	
872	278.861	342.976	873	862	871	882	
873	278.861	347.5	863	872	883	1319	1320	
874	283.119	306.786	884	875	864	1267	1268	
875	283.119	311.31	876	865	874	885	
876	283.119	315.833	877	866	875	886	
877	283.119	320.357	878	867	876	887	
878	283.119	324.881	879	868	877	888	
879	283.119	329.405	880	869	878	889	
880	283.119	333.929	881	870	879	890	
881	283.119	338.452	882	871	880	891	
882	283.119	342.976	883	872	881	892	
883	283.119	347.5	873	882	893	1319	
884	287.376	306.786	894	885	874	1268	1269	
885	287.376	311.31	886	875	884	895	
886	287.376	315.833	887	876	885	896	
887	287.376	320.357	888	877	886	897	
888	287.376	324.881	889	878	887	898	
889	287.376	329.405	890	879	888	899	
890	287.376	333.929	891	880	889	900	
891	287.376	338.452	892	881	890	901	
892	287.376	342.976	893	882	891	902	
893	287.376	347.5	883	892	903	1318	1319	
894	291.634	306.786	904	895	884	1269	1270	
895	291.634	311.31	896	885	894	905	
896	291.634	315.833	897	886	895	906	
897	291.634	320.357	898	887	896	907	
898	291.634	324.881	899	888	897	908	
899	291.634	329.405	900	889	898	909	
900	291.634	333.929	901	890	899	910	
901	291.634	338.452	902	891	900	911	
902	291.634	342.976	903	892	901	912	
903	291.634	347.5	893	902	913	1317	1318	
904	295.891	306.786	914	905	894	1270	1271	
905	295.891	311.31	906	895	904	915	
906	295.891	315.833	907	896	905	916	
907	295.891	320.357	908	897	906	917	
908	295.891	324.881	909	898	907	918	
909	295.891	329.405	910	899	908	919	
910	295.891	333.929	911	900	909	920	
911	295.891	338.452	912	901	910	921	
912	295.891	342.976	913	902	911	922	
913	295.891	347.5	903	912	923	1316	1317	
914	300.149	306.786	924	915	904	1271	1272	
915	300.149	311.31	916	905	914	925	
916	300.149	315.833	917	906	915	926	
917	300.149	320.357	918	907	916	927	
918	300.149	324.881	919	908	917	928	
919	300.149	329.405	920	909	918	929	
920	300.149	333.929	921	910	919	930	
921	300.149	338.452	922	911	920	931	
922	300.149	342.976	923	912	921	932	
923	300.149	347.5	913	922	933	1315	1316	
924	304.406	306.786	934	925	914	1272	1273	
925	304.406	311.31	926	915	924	935	
926	304.406	315.833	927	916	925	936	
927	304.406	320.357	928	917	926	937	
928	304.406	324.881	929	918	927	938	
929	304.406	329.405	930	919	928	939	
930	304.406	333.929	931	920	929	940	
931	304.406	338.452	932	921	930	941	
932	304.406	342.976	933	922	931	942	
933	304.406	347.5	923	932	943	1314	1315	
934	308.663	306.786	944	935	924	1273	1274	
935	308.663	311.31	936	925	934	945	
936	308.663	315.833	937	926	935	946	
937	308.663	320.357	938	927	936	947	
938	308.663	324.881	939	928	937	948	
939	308.663	329.405	940	929	938	949	
940	308.663	333.929	941	930	939	950	
941	308.663	338.452	942	931	940	951	
942	308.663	342.976	943	932	941	952	
943	308.663	347.5	933	942	953	1313	1314	
944	312.921	306.786	954	945	934	1274	1275	
945	312.921	311.31	946	935	944	955	
946	312.921	315.833	947	936	945	956	
947	312.921	320.357	948	937	946	957	
948	312.921	324.881	949	938	947	958	
949	312.921	329.405	950	939	948	959	
950	312.921	333.929	951	940	949	960	
951	312.921	338.452	952	941	950	961	
952	312.921	342.976	953	942	951	962	
953	312.921	347.5	943	952	963	1312	1313	
954	317.178	306.786	964	955	944	1275	1276	
955	317.178	311.31	956	945	954	965	
956	317.178	315.833	957	946	955	966	
957	317.178	320.357	958	947	956	967	
958	317.178	324.881	959	948	957	968	
959	317.178	329.405	960	949	958	969	
960	317.178	333.929	961	950	959	970	
961	317.178	338.452	962	951	960	971	
962	317.178	342.976	963	952	961	972	
963	317.178	347.5	953	962	973	1311	1312	
964	321.436	306.786	974	965	954	1276	1277	
965	321.436	311.31	966	955	964	975	
966	321.436	315.833	967	956	965	976	
967	321.436	320.357	968	957	966	977	
968	321.436	324.881	969	958	967	978	
969	321.436	329.405	970	959	968	979	
970	321.436	333.929	971	960	969	980	
971	321.436	338.452	972	961	970	981	
972	321.436	342.976	973	962	971	982	
973	321.436	347.5	963	972	983	1310	1311	
974	325.693	306.786	984	975	964	1277	1278	
975	325.693	311.31	976	965	974	985	
976	325.693	315.833	977	966	975	986	
977	325.693	320.357	978	967	976	987	
978	325.693	324.881	979	968	977	988	
979	325.693	329.405	980	969	978	989	
980	325.693	333.929	981	970	979	990	
981	325.693	338.452	982	971	980	991	
982	325.693	342.976	983	972	981	992	
983	325.693	347.5	973	982	993	1310	
984	329.95	306.786	994	985	974	1278	1279	
985	329.95	311.31	986	975	984	995	
986	329.95	315.833	987	976	985	996	
987	329.95	320.357	988	977	986	997	
988	329.95	324.881	989	978	987	998	
989	329.95	329.405	990	979	988	999	
990	329.95	333.929	991	980	989	1000	
991	329.95	338.452	992	981	990	1001	
992	329.95	342.976	993	982	991	1002	
993	329.95	347.5	1310	983	992	1003	1514	
994	334.208	306.786	1004	995	984	1279	1280	
995	334.208	311.31	996	985	994	1005	
996	334.208	315.833	997	986	995	1006	
997	334.208	320.357	998	987	996	1007	
998	334.208	324.881	999	988	997	1008	
999	334.208	329.405	1000	989	998	1009	
1000	334.208	333.929	1001	990	999	1010	
1001	334.208	338.452	1002	991	1000	1011	
1002	334.208	342.976	1003	992	1001	1012	
1003	334.208	347.5	993	1002	1013	1515	
1004	338.465	306.786	1014	1005	994	1280	1281	
1005	338.465	311.31	1006	995	1004	1015	
1006	338.465	315.833	1007	996	1005	1016	
1007	338.465	320.357	1008	997	1006	1017	
1008	338.465	324.881	1009	998	1007	1018	
1009	338.465	329.405	1010	999	1008	1019	
1010	338.465	333.929	1011	1000	1009	1020	
1011	338.465	338.452	1012	1001	1010	1021	
1012	338.465	342.976	1013	1002	1011	1022	
1013	338.465	347.5	1003	1012	1023	1516	
1014	342.723	306.786	1024	1015	1004	1281	1282	
1015	342.723	311.31	1016	1005	1014	1025	
1016	342.723	315.833	1017	1006	1015	1026	
1017	342.723	320.357	1018	1007	1016	1027	
1018	342.723	324.881	1019	1008	1017	1028	
1019	342.723	329.405	1020	1009	1018	1029	
1020	342.723	333.929	1021	1010	1019	1030	
1021	342.723	338.452	1022	1011	1020	1031	
1022	342.723	342.976	1023	1012	1021	1032	
1023	342.723	347.5	1013	1022	1033	1516	
1024	346.98	306.786	1034	1025	1014	1282	1283	
1025	346.98	311.31	1026	1015	1024	1035	
1026	346.98	315.833	1027	1016	1025	1036	
1027	346.98	320.357	1028	1017	1026	1037	
1028	346.98	324.881	1029	1018	1027	1038	
1029	346.98	329.405	1030	1019	1028	1039	
1030	346.98	333.929	1031	1020	1029	1040	
1031	346.98	338.452	1032	1021	1030	1041	
1032	346.98	342.976	1033	1022	1031	1042	
1033	346.98	347.5	1043	1516	1023	1032	
1034	351.238	306.786	1044	1035	1024	1283	1284	
1035	351.238	311.31	1036	1025	1034	1045	
1036	351.238	315.833	1037	1026	1035	1046	
1037	351.238	320.357	1038	1027	1036	1047	
1038	351.238	324.881	1039	1028	1037	1048	
1039	351.238	329.405	1040	1029	1038	1049	
1040	351.238	333.929	1041	1030	1039	1050	
1041	351.238	338.452	1042	1031	1040	1051	
1042	351.238	342.976	1043	1032	1041	1052	
1043	351.238	347.5	1053	1033	1042	
1044	355.495	306.786	1054	1045	1034	1284	1285	
1045	355.495	311.31	1046	1035	1044	1055	
1046	355.495	315.833	1047	1036	1045	1056	
1047	355.495	320.357	1048	1037	1046	1057	
1048	355.495	324.881	1049	1038	1047	1058	
1049	355.495	329.405	1050	1039	1048	1059	
1050	355.495	333.929	1051	1040	1049	1060	
1051	355.495	338.452	1052	1041	1050	1061	
1052	355.495	342.976	1053	1042	1051	1062	
1053	355.495	347.5	1063	1043	1052	
1054	359.752	306.786	1064	1055	1044	1285	1286	
1055	359.752	311.31	1056	1045	1054	1065	
1056	359.752	315.833	1057	1046	1055	1066	
1057	359.752	320.357	1058	1047	1056	1067	
1058	359.752	324.881	1059	1048	1057	1068	
1059	359.752	329.405	1060	1049	1058	1069	
1060	359.752	333.929	1061	1050	1059	1070	
1061	359.752	338.452	1062	1051	1060	1071	
1062	359.752	342.976	1063	1052	1061	1072	
1063	359.752	347.5	1073	1053	1062	
1064	364.01	306.786	1074	1065	1054	1286	1287	
1065	364.01	311.31	1066	1055	1064	1075	
1066	364.01	315.833	1067	1056	1065	1076	
1067	364.01	320.357	1068	1057	1066	1077	
1068	364.01	324.881	1069	1058	1067	1078	
1069	364.01	329.405	1070	1059	1068	1079	
1070	364.01	333.929	1071	1060	1069	1080	
1071	364.01	338.452	1072	1061	1070	1081	
1072	364.01	342.976	1073	1062	1071	1082	
1073	364.01	347.5	1083	1063	1072	
1074	368.267	306.786	1084	1075	1064	1287	1288	
1075	368.267	311.31	1076	1065	1074	1085	
1076	368.267	315.833	1077	1066	1075	1086	
1077	368.267	320.357	1078	1067	1076	1087	
1078	368.267	324.881	1079	1068	1077	1088	
1079	368.267	329.405	1080	1069	1078	1089	
1080	368.267	333.929	1081	1070	1079	1090	
1081	368.267	338.452	1082	1071	1080	1091	
1082	368.267	342.976	1083	1072	1081	1092	
1083	368.267	347.5	1093	1073	1082	
1084	372.525	306.786	1094	1085	1074	1288	1289	
1085	372.525	311.31	1086	1075	1084	1095	
1086	372.525	315.833	1087	1076	1085	1096	
1087	372.525	320.357	1088	1077	1086	1097	
1088	372.525	324.881	1089	1078	1087	1098	
1089	372.525	329.405	1090	1079	1088	1099	
1090	372.525	333.929	1091	1080	1089	1100	
1091	372.525	338.452	1092	1081	1090	1101	
1092	372.525	342.976	1093	1082	1091	1102	
1093	372.525	347.5	1103	1083	1092	
1094	376.782	306.786	1104	1095	1084	1289	1290	
1095	376.782	311.31	1096	1085	1094	1105	
1096	376.782	315.833	1097	1086	1095	1106	
1097	376.782	320.357	1098	1087	1096	1107	
1098	376.782	324.881	1099	1088	1097	1108	
1099	376.782	329.405	1100	1089	1098	1109	
1100	376.782	333.929	1101	1090	1099	1110	
1101	376.782	338.452	1102	1091	1100	1111	
1102	376.782	342.976	1103	1092	1101	1112	
1103	376.782	347.5	1121	1093	1102	1112	
1104	381.04	306.786	1113	1105	1094	1290	1291	
1105	381.04	311.31	1106	1095	1104	1114	
1106	381.04	315.833	1107	1096	1105	1115	
1107	381.04	320.357	1108	1097	1106	1116	
1108	381.04	324.881	1109	1098	1107	1117	
1109	381.04	329.405	1110	1099	1108	1118	
1110	381.04	333.929	1111	1100	1109	1119	
1111	381.04	338.452	1112	1101	1110	1120	
1112	381.04	342.976	1103	1102	1111	1121	
1113	385.297	306.786	1122	1114	1104	1291	1292	
1114	385.297	311.31	1115	1105	1113	1123	
1115	385.297	315.833	1116	1106	1114	1124	
1116	385.297	320.357	1117	1107	1115	1125	
1117	385.297	324.881	1118	1108	1116	1126	
1118	385.297	329.405	1119	1109	1117	1127	
1119	385.297	333.929	1120	1110	1118	1128	
1120	385.297	338.452	1121	1111	1119	1129	
1121	385.297	342.976	1130	1103	1112	1120	
1122	389.554	306.786	1131	1123	1113	1292	1293	
1123	389.554	311.31	1124	1114	1122	1132	
1124	389.554	315.833	1125	1115	1123	1133	
1125	389.554	320.357	1126	1116	1124	1134	
1126	389.554	324.881	1127	1117	1125	1135	
1127	389.554	329.405	1128	1118	1126	1136	
1128	389.554	333.929	1129	1119	1127	1137	
1129	389.554	338.452	1130	1120	1128	1138	
1130	389.554	342.976	1139	1121	1129	
1131	393.812	306.786	1140	1132	1122	1293	1294	
1132	393.812	311.31	1133	1123	1131	1141	
1133	393.812	315.833	1134	1124	1132	1142	
1134	393.812	320.357	1135	1125	1133	1143	
1135	393.812	324.881	1136	1126	1134	1144	
1136	393.812	329.405	1137	1127	1135	1145	
1137	393.812	333.929	1138	1128	1136	1146	
1138	393.812	338.452	1139	1129	1137	1147	
1139	393.812	342.976	1148	1130	1138	
1140	398.069	306.786	1149	1141	1131	1294	1295	
1141	398.069	311.31	1142	1132	1140	1150	
1142	398.069	315.833	1143	1133	1141	1151	
1143	398.069	320.357	1144	1134	1142	1152	
1144	398.069	324.881	1145	1135	1143	1153	
1145	398.069	329.405	1146	1136	1144	1154	
1146	398.069	333.929	1147	1137	1145	1155	
1147	398.069	338.452	1148	1138	1146	1156	
1148	398.069	342.976	1157	1139	1147	
1149	402.327	306.786	1158	1150	1140	1295	1296	
1150	402.327	311.31	1151	1141	1149	1159	
1151	402.327	315.833	1152	1142	1150	1160	
1152	402.327	320.357	1153	1143	1151	1161	
1153	402.327	324.881	1154	1144	1152	1162	
1154	402.327	329.405	1155	1145	1153	1163	
1155	402.327	333.929	1156	1146	1154	1164	
1156	402.327	338.452	1157	1147	1155	1165	
1157	402.327	342.976	1166	1148	1156	
1158	406.584	306.786	1167	1159	1149	1296	1297	
1159	406.584	311.31	1160	1150	1158	1168	
1160	406.584	315.833	1161	1151	1159	1169	
1161	406.584	320.357	1162	1152	1160	1170	
1162	406.584	324.881	1163	1153	1161	1171	
1163	406.584	329.405	1164	1154	1162	1172	
1164	406.584	333.929	1165	1155	1163	1173	
1165	406.584	338.452	1166	1156	1164	1174	
1166	406.584	342.976	1175	1157	1165	
1167	410.842	306.786	1176	1168	1158	1297	1298	
1168	410.842	311.31	1169	1159	1167	1177	
1169	410.842	315.833	1170	1160	1168	1178	
1170	410.842	320.357	1171	1161	1169	1179	
1171	410.842	324.881	1172	1162	1170	1180	
1172	410.842	329.405	1173	1163	1171	1181	
1173	410.842	333.929	1174	1164	1172	1182	
1174	410.842	338.452	1175	1165	1173	1183	
1175	410.842	342.976	1184	1166	1174	
1176	415.099	306.786	1185	1177	1167	1298	1299	
1177	415.099	311.31	1178	1168	1176	1186	
1178	415.099	315.833	1179	1169	1177	1187	
1179	415.099	320.357	1180	1170	1178	1188	
1180	415.099	324.881	1181	1171	1179	1189	
1181	415.099	329.405	1182	1172	1180	1190	
1182	415.099	333.929	1183	1173	1181	1191	
1183	415.099	338.452	1184	1174	1182	1192	
1184	415.099	342.976	1193	1175	1183	
1185	419.356	306.786	1194	1186	1176	1299	1300	
1186	419.356	311.31	1187	1177	1185	1195	
1187	419.356	315.833	1188	1178	1186	1196	
1188	419.356	320.357	1189	1179	1187	1197	
1189	419.356	324.881	1190	1180	1188	1198	
1190	419.356	329.405	1191	1181	1189	1199	
1191	419.356	333.929	1192	1182	1190	1200	
1192	419.356	338.452	1193	1183	1191	1201	
1193	419.356	342.976	1202	1184	1192	
1194	423.614	306.786	1195	1185	1300	1301	1302	
1195	423.614	311.31	1196	1186	1194	1302	1303	
1196	423.614	315.833	1197	1187	1195	1303	1304	
1197	423.614	320.357	1198	1188	1196	1304	1305	
1198	423.614	324.881	1199	1189	1197	1305	1306	
1199	423.614	329.405	1200	1190	1198	1306	1307	
1200	423.614	333.929	1201	1191	1199	1307	1308	
1201	423.614	338.452	1202	1192	1200	1308	1309	
1202	423.614	342.976	1309	1193	1201	
1203	6.45	302.15	1340	1204	20	1	
1204	10.75	302.15	1203	1205	39	20	
1205	15.05	302.15	1204	1206	58	39	
1206	19.35	302.15	1205	1207	77	58	
1207	23.65	302.15	1206	1208	96	77	
1208	27.95	302.15	1207	1209	114	96	
1209	32.25	302.15	1208	1210	132	114	
1210	36.55	302.15	1209	1211	150	132	
1211	40.85	302.15	1210	1212	168	150	
1212	45.15	302.15	1211	1213	186	168	
1213	49.45	302.15	1212	1214	198	186	
1214	53.75	302.15	1213	1215	210	198	
1215	58.05	302.15	1214	1216	222	210	
1216	62.35	302.15	1215	1217	234	222	
1217	66.65	302.15	1216	1218	246	234	
1218	70.95	302.15	1217	1219	258	246	
1219	75.25	302.15	1218	1220	270	258	
1220	79.55	302.15	1219	1221	282	270	
1221	83.85	302.15	1220	1222	294	282	
1222	88.15	302.15	1221	1223	306	294	
1223	92.45	302.15	1222	1224	318	306	
1224	96.75	302.15	1223	1225	330	318	
1225	101.05	302.15	1224	1226	342	330	
1226	105.35	302.15	1225	1227	354	342	
1227	109.65	302.15	1226	1228	366	354	
1228	113.95	302.15	1227	1229	378	366	
1229	118.25	302.15	1228	1230	390	378	
1230	122.55	302.15	1229	1231	405	390	
1231	126.85	302.15	1230	1232	420	405	
1232	131.15	302.15	1231	1233	434	420	
1233	135.45	302.15	1232	1234	448	434	
1234	139.75	302.15	1233	1235	462	448	
1235	144.05	302.15	1234	1236	476	462	
1236	148.35	302.15	1235	1237	490	476	
1237	152.65	302.15	1236	1238	504	490	
1238	156.95	302.15	1237	1239	518	504	
1239	161.25	302.15	1238	1240	532	518	
1240	165.55	302.15	1239	1241	546	532	
1241	169.85	302.15	1240	1242	560	546	
1242	174.15	302.15	1241	1243	574	560	
1243	178.45	302.15	1242	1244	588	574	
1244	182.75	302.15	1243	1245	601	588	
1245	187.05	302.15	1244	1246	614	601	
1246	191.35	302.15	1245	1247	627	614	
1247	195.65	302.15	1246	1248	640	627	
1248	199.95	302.15	1247	1249	653	640	
1249	204.25	302.15	1248	1250	665	653	
1250	208.55	302.15	1249	1251	678	665	
1251	212.85	302.15	1250	1252	691	678	
1252	217.15	302.15	1251	1253	704	691	
1253	221.45	302.15	1252	1254	716	704	
1254	225.75	302.15	1253	1255	728	716	
1255	230.05	302.15	1254	1256	740	728	
1256	234.35	302.15	1255	1257	752	740	
1257	238.65	302.15	1256	1258	764	752	
1258	242.95	302.15	1257	1259	776	764	
1259	247.25	302.15	1258	1260	788	776	
1260	251.55	302.15	1259	1261	799	788	
1261	255.85	302.15	1260	1262	810	799	
1262	260.15	302.15	1261	1263	821	810	
1263	264.45	302.15	1262	1264	832	821	
1264	268.75	302.15	1263	1265	843	832	
1265	273.05	302.15	1264	1266	854	843	
1266	277.35	302.15	1265	1267	864	854	
1267	281.65	302.15	1266	1268	874	864	
1268	285.95	302.15	1267	1269	884	874	
1269	290.25	302.15	1268	1270	894	884	
1270	294.55	302.15	1269	1271	904	894	
1271	298.85	302.15	1270	1272	914	904	
1272	303.15	302.15	1271	1273	924	914	
1273	307.45	302.15	1272	1274	934	924	
1274	311.75	302.15	1273	1275	944	934	
1275	316.05	302.15	1274	1276	954	944	
1276	320.35	302.15	1275	1277	964	954	
1277	324.65	302.15	1276	1278	974	964	
1278	328.95	302.15	1277	1279	984	974	
1279	333.25	302.15	1278	1280	994	984	
1280	337.55	302.15	1279	1281	1004	994	
1281	341.85	302.15	1280	1282	1014	1004	
1282	346.15	302.15	1281	1283	1024	1014	
1283	350.45	302.15	1282	1284	1034	1024	
1284	354.75	302.15	1283	1285	1044	1034	
1285	359.05	302.15	1284	1286	1054	1044	
1286	363.35	302.15	1285	1287	1064	1054	
1287	367.65	302.15	1286	1288	1074	1064	
1288	371.95	302.15	1287	1289	1084	1074	
1289	376.25	302.15	1288	1290	1094	1084	
1290	380.55	302.15	1289	1291	1104	1094	
1291	384.85	302.15	1290	1292	1113	1104	
1292	389.15	302.15	1291	1293	1122	1113	
1293	393.45	302.15	1292	1294	1131	1122	
1294	397.75	302.15	1293	1295	1140	1131	
1295	402.05	302.15	1294	1296	1149	1140	
1296	406.35	302.15	1295	1297	1158	1149	
1297	410.65	302.15	1296	1298	1167	1158	
1298	414.95	302.15	1297	1299	1176	1167	
1299	419.25	302.15	1298	1300	1185	1176	
1300	423.55	302.15	1299	1301	1194	1185	
1301	427.5	302.5	1300	1302	1194	
1302	427.5	307.5	1301	1303	1195	1194	
1303	427.5	312.5	1302	1304	1196	1195	
1304	427.5	317.5	1303	1305	1197	1196	
1305	427.5	322.5	1304	1306	1198	1197	
1306	427.5	327.5	1305	1307	1199	1198	
1307	427.5	332.5	1306	1308	1200	1199	
1308	427.5	337.5	1307	1309	1201	1200	
1309	427.5	342.5	1308	1202	1201	
1310	324.722	353.722	1514	1311	973	983	993	
1311	320.167	353.722	1310	1312	963	973	
1312	315.611	353.722	1311	1313	953	963	
1313	311.056	353.722	1312	1314	943	953	
1314	306.5	353.722	1313	1315	933	943	
1315	301.944	353.722	1314	1316	923	933	
1316	297.389	353.722	1315	1317	913	923	
1317	292.833	353.722	1316	1318	903	913	
1318	288.278	353.722	1317	1319	893	903	
1319	283	353.667	1318	1320	873	883	893	
1320	277.667	354.333	1319	1321	863	873	
1321	272.333	355	1320	1513	853	863	
1322	2.375	387.875	19	1323	18	
1323	2.375	383.125	1322	1324	17	18	
1324	2.375	378.375	1323	1325	16	17	
1325	2.375	373.625	1324	1326	15	16	
1326	2.375	368.875	1325	1327	14	15	
1327	2.375	364.125	1326	1328	13	14	
1328	2.375	359.375	1327	1329	12	13	
1329	2.375	354.625	1328	1330	11	12	
1330	2.375	349.875	1329	1331	10	11	
1331	2.375	345.125	1330	1332	9	10	
1332	2.375	340.375	1331	1333	8	9	
1333	2.375	335.625	1332	1334	7	8	
1334	2.375	330.875	1333	1335	6	7	
1335	2.375	326.125	1334	1336	5	6	
1336	2.375	321.375	1335	1337	4	5	
1337	2.375	316.625	1336	1338	3	4	
1338	2.375	311.875	1337	1339	2	3	
1339	2.375	307.125	1338	1340	1	2	
1340	2.375	302.375	1339	1203	1	
1341	47.7857	359.273	1342	180	179	197	1352	
1342	47.7857	361.818	1343	180	1341	1353	
1343	47.7857	364.364	1344	181	180	1342	1354	
1344	47.7857	366.909	1345	182	181	1343	1355	
1345	47.7857	369.455	1346	182	1344	1356	
1346	47.7857	372	1347	183	182	1345	1357	
1347	47.7857	374.545	1348	183	1346	1358	
1348	47.7857	377.091	1349	184	183	1347	1359	
1349	47.7857	379.636	1350	184	1348	1360	
1350	47.7857	382.182	1351	185	184	1349	1361	
1351	47.7857	384.727	1361	1498	185	1350	
1352	51.3571	359.273	1353	1341	197	209	1362	
1353	51.3571	361.818	1354	1342	1352	1363	
1354	51.3571	364.364	1355	1343	1353	1364	
1355	51.3571	366.909	1356	1344	1354	1365	
1356	51.3571	369.455	1357	1345	1355	1366	
1357	51.3571	372	1358	1346	1356	1367	
1358	51.3571	374.545	1359	1347	1357	1368	
1359	51.3571	377.091	1360	1348	1358	1369	
1360	51.3571	379.636	1361	1349	1359	1370	
1361	51.3571	382.182	1371	1351	1350	1360	
1362	54.9286	359.273	1363	1352	209	221	1372	
1363	54.9286	361.818	1364	1353	1362	1373	
1364	54.9286	364.364	1365	1354	1363	1374	
1365	54.9286	366.909	1366	1355	1364	1375	
1366	54.9286	369.455	1367	1356	1365	1376	
1367	54.9286	372	1368	1357	1366	1377	
1368	54.9286	374.545	1369	1358	1367	1378	
1369	54.9286	377.091	1370	1359	1368	1379	
1370	54.9286	379.636	1371	1360	1369	1380	
1371	54.9286	382.182	1389	1361	1370	1380	
1372	58.5	359.273	1373	1362	221	233	1381	
1373	58.5	361.818	1374	1363	1372	1382	
1374	58.5	364.364	1375	1364	1373	1383	
1375	58.5	366.909	1376	1365	1374	1384	
1376	58.5	369.455	1377	1366	1375	1385	
1377	58.5	372	1378	1367	1376	1386	
1378	58.5	374.545	1379	1368	1377	1387	
1379	58.5	377.091	1380	1369	1378	1388	
1380	58.5	379.636	1371	1370	1379	1389	
1381	62.0714	359.273	1382	1372	233	1390	
1382	62.0714	361.818	1383	1373	1381	1391	
1383	62.0714	364.364	1384	1374	1382	1392	
1384	62.0714	366.909	1385	1375	1383	1393	
1385	62.0714	369.455	1386	1376	1384	1394	
1386	62.0714	372	1387	1377	1385	1395	
1387	62.0714	374.545	1388	1378	1386	1396	
1388	62.0714	377.091	1389	1379	1387	1397	
1389	62.0714	379.636	1398	1371	1380	1388	
1390	65.6429	359.273	1391	1381	233	245	1399	
1391	65.6429	361.818	1392	1382	1390	1400	
1392	65.6429	364.364	1393	1383	1391	1401	
1393	65.6429	366.909	1394	1384	1392	1402	
1394	65.6429	369.455	1395	1385	1393	1403	
1395	65.6429	372	1396	1386	1394	1404	
1396	65.6429	374.545	1397	1387	1395	1405	
1397	65.6429	377.091	1398	1388	1396	1406	
1398	65.6429	379.636	1414	1389	1397	1406	
1399	69.2143	359.273	1400	1390	245	257	1407	
1400	69.2143	361.818	1401	1391	1399	1408	
1401	69.2143	364.364	1402	1392	1400	1409	
1402	69.2143	366.909	1403	1393	1401	1410	
1403	69.2143	369.455	1404	1394	1402	1411	
1404	69.2143	372	1405	1395	1403	1412	
1405	69.2143	374.545	1406	1396	1404	1413	
1406	69.2143	377.091	1398	1397	1405	1414	
1407	72.7857	359.273	1408	1399	257	269	1415	
1408	72.7857	361.818	1409	1400	1407	1416	
1409	72.7857	364.364	1410	1401	1408	1417	
1410	72.7857	366.909	1411	1402	1409	1418	
1411	72.7857	369.455	1412	1403	1410	1419	
1412	72.7857	372	1413	1404	1411	1420	
1413	72.7857	374.545	1414	1405	1412	1421	
1414	72.7857	377.091	1428	1398	1406	1413	1421	
1415	76.3571	359.273	1416	1407	269	281	1422	
1416	76.3571	361.818	1417	1408	1415	1423	
1417	76.3571	364.364	1418	1409	1416	1424	
1418	76.3571	366.909	1419	1410	1417	1425	
1419	76.3571	369.455	1420	1411	1418	1426	
1420	76.3571	372	1421	1412	1419	1427	
1421	76.3571	374.545	1414	1413	1420	1428	
1422	79.9286	359.273	1423	1415	281	293	1429	
1423	79.9286	361.818	1424	1416	1422	1430	
1424	79.9286	364.364	1425	1417	1423	1431	
1425	79.9286	366.909	1426	1418	1424	1432	
1426	79.9286	369.455	1427	1419	1425	1433	
1427	79.9286	372	1428	1420	1426	1434	
1428	79.9286	374.545	1440	1414	1421	1427	1434	
1429	83.5	359.273	1430	1422	293	305	1435	
1430	83.5	361.818	1431	1423	1429	1436	
1431	83.5	364.364	1432	1424	1430	1437	
1432	83.5	366.909	1433	1425	1431	1438	
1433	83.5	369.455	1434	1426	1432	1439	
1434	83.5	372	1428	1427	1433	1440	
1435	87.0714	359.273	1436	1429	305	1441	
1436	87.0714	361.818	1437	1430	1435	1442	
1437	87.0714	364.364	1438	1431	1436	1443	
1438	87.0714	366.909	1439	1432	1437	1444	
1439	87.0714	369.455	1440	1433	1438	1445	
1440	87.0714	372	1499	1428	1434	1439	1446	
1441	90.6429	359.273	1442	1435	305	317	1447	
1442	90.6429	361.818	1443	1436	1441	1448	
1443	90.6429	364.364	1444	1437	1442	1449	
1444	90.6429	366.909	1445	1438	1443	1450	
1445	90.6429	369.455	1446	1439	1444	1451	1499	
1446	90.6429	372	1440	1445	1499	
1447	94.2143	359.273	1448	1441	317	329	1453	
1448	94.2143	361.818	1449	1442	1447	1454	
1449	94.2143	364.364	1450	1443	1448	1455	
1450	94.2143	366.909	1451	1444	1449	1456	
1451	94.2143	369.455	1452	1499	1445	1450	1457	1500	
1452	94.2143	372	1451	1500	1499	
1453	97.7857	359.273	1454	1447	329	341	1459	
1454	97.7857	361.818	1455	1448	1453	1460	
1455	97.7857	364.364	1456	1449	1454	1461	
1456	97.7857	366.909	1457	1450	1455	1462	
1457	97.7857	369.455	1458	1500	1451	1456	1463	1501	
1458	97.7857	372	1500	1457	1501	
1459	101.357	359.273	1460	1453	341	353	1465	
1460	101.357	361.818	1461	1454	1459	1466	
1461	101.357	364.364	1462	1455	1460	1467	
1462	101.357	366.909	1463	1456	1461	1468	
1463	101.357	369.455	1464	1501	1457	1462	1469	1502	
1464	101.357	372	1501	1463	1502	
1465	104.929	359.273	1466	1459	353	365	1471	
1466	104.929	361.818	1467	1460	1465	1472	
1467	104.929	364.364	1468	1461	1466	1473	
1468	104.929	366.909	1469	1462	1467	1474	
1469	104.929	369.455	1463	1468	1475	1470	1502	
1470	104.929	372	1502	1469	1476	1503	
1471	108.5	359.273	1472	1465	365	1477	
1472	108.5	361.818	1473	1466	1471	1478	
1473	108.5	364.364	1474	1467	1472	1479	
1474	108.5	366.909	1475	1468	1473	1480	
1475	108.5	369.455	1476	1469	1474	1481	
1476	108.5	372	1503	1470	1475	1481	1504	
1477	112.071	359.273	1478	1471	365	377	1482	
1478	112.071	361.818	1479	1472	1477	1483	
1479	112.071	364.364	1480	1473	1478	1484	
1480	112.071	366.909	1481	1474	1479	1485	
1481	112.071	369.455	1476	1475	1480	1486	1504	
1482	115.643	359.273	1483	1477	377	389	1487	
1483	115.643	361.818	1484	1478	1482	1488	
1484	115.643	364.364	1485	1479	1483	1489	
1485	115.643	366.909	1486	1480	1484	1490	
1486	115.643	369.455	1481	1485	1491	1505	1504	
1487	119.214	359.273	1482	389	401	402	1488	
1488	119.214	361.818	1483	1487	402	1489	
1489	119.214	364.364	1484	1488	402	403	1490	
1490	119.214	366.909	1485	1489	403	404	1491	
1491	119.214	369.455	1505	1486	1490	404	1506	
1492	19.1584	390.167	1493	57	76	
1493	23.4158	390.167	1494	1492	95	
1494	27.6733	390.167	1495	1493	95	113	
1495	31.9307	390.167	1496	1494	131	
1496	36.1881	390.167	1497	1495	149	
1497	40.4455	390.167	1498	1496	167	
1498	44.703	390.167	1351	1497	185	
1499	91.5347	372.5	1500	1440	1446	1445	1451	1452	
1500	95.7921	372.5	1501	1499	1452	1451	1457	1458	
1501	100.05	372.5	1502	1500	1458	1457	1463	1464	
1502	104.307	372.5	1503	1501	1464	1463	1469	1470	
1503	108.564	372.5	1504	1502	1470	1476	
1504	112.822	372.5	1505	1503	1476	1481	1486	
1505	117.079	372.5	1506	1504	1486	1491	
1506	121.337	372.5	1507	1505	1491	404	
1507	125.594	372.5	1508	1506	419	
1508	129.851	372.5	1509	1507	419	433	
1509	134.109	372.5	1510	1508	447	
1510	138.366	372.5	1511	1509	461	
1511	142.624	372.5	1512	1510	475	
1512	146.881	372.5	517	1511	489	503	
1513	266.089	354.833	1321	831	842	853	
1514	329.95	354.833	1515	1310	993	
1515	334.208	354.833	1516	1514	1003	
1516	338.465	354.833	1033	1515	1013	1023	
