# R2D2 grid information
0	6.386138614	306.7857143	0
1	6.386138614	311.3095238	0
2	6.386138614	315.8333333	0
3	6.386138614	320.3571429	0
4	6.386138614	324.8809524	0
5	6.386138614	329.4047619	0
6	6.386138614	333.9285714	0
7	6.386138614	338.452381	0
8	6.386138614	342.9761905	0
9	6.386138614	347.5	0
10	6.386138614	352.0238095	0
11	6.386138614	356.547619	0
12	6.386138614	361.0714286	0
13	6.386138614	365.5952381	0
14	6.386138614	370.1190476	0
15	6.386138614	374.6428571	0
16	6.386138614	379.1666667	0
17	6.386138614	383.6904762	0
18	6.386138614	388.2142857	0
19	10.64356436	306.7857143	0
20	10.64356436	311.3095238	0
21	10.64356436	315.8333333	0
22	10.64356436	320.3571429	0
23	10.64356436	324.8809524	0
24	10.64356436	329.4047619	0
25	10.64356436	333.9285714	0
26	10.64356436	338.452381	0
27	10.64356436	342.9761905	0
28	10.64356436	347.5	0
29	10.64356436	352.0238095	0
30	10.64356436	356.547619	0
31	10.64356436	361.0714286	0
32	10.64356436	365.5952381	0
33	10.64356436	370.1190476	0
34	10.64356436	374.6428571	0
35	10.64356436	379.1666667	0
36	10.64356436	383.6904762	0
37	10.64356436	388.2142857	0
38	14.9009901	306.7857143	0
39	14.9009901	311.3095238	0
40	14.9009901	315.8333333	0
41	14.9009901	320.3571429	0
42	14.9009901	324.8809524	0
43	14.9009901	329.4047619	0
44	14.9009901	333.9285714	0
45	14.9009901	338.452381	0
46	14.9009901	342.9761905	0
47	14.9009901	347.5	0
48	14.9009901	352.0238095	0
49	14.9009901	356.547619	0
50	14.9009901	361.0714286	0
51	14.9009901	365.5952381	0
52	14.9009901	370.1190476	0
53	14.9009901	374.6428571	0
54	14.9009901	379.1666667	0
55	14.9009901	383.6904762	0
56	14.9009901	388.2142857	0
57	19.15841584	306.7857143	0
58	19.15841584	311.3095238	0
59	19.15841584	315.8333333	0
60	19.15841584	320.3571429	0
61	19.15841584	324.8809524	0
62	19.15841584	329.4047619	0
63	19.15841584	333.9285714	0
64	19.15841584	338.452381	0
65	19.15841584	342.9761905	0
66	19.15841584	347.5	0
67	19.15841584	352.0238095	0
68	19.15841584	356.547619	0
69	19.15841584	361.0714286	0
70	19.15841584	365.5952381	0
71	19.15841584	370.1190476	0
72	19.15841584	374.6428571	0
73	19.15841584	379.1666667	0
74	19.15841584	383.6904762	0
75	19.15841584	388.2142857	0
76	23.41584158	306.7857143	0
77	23.41584158	311.3095238	0
78	23.41584158	315.8333333	0
79	23.41584158	320.3571429	0
80	23.41584158	324.8809524	0
81	23.41584158	329.4047619	0
82	23.41584158	333.9285714	0
83	23.41584158	338.452381	0
84	23.41584158	342.9761905	0
85	23.41584158	347.5	0
86	23.41584158	352.0238095	0
87	23.41584158	356.547619	0
88	23.41584158	361.0714286	0
89	23.41584158	365.5952381	0
90	23.41584158	370.1190476	0
91	23.41584158	374.6428571	0
92	23.41584158	379.1666667	0
93	23.41584158	383.6904762	0
94	23.41584158	388.2142857	0
95	27.67326733	306.7857143	0
96	27.67326733	311.3095238	0
97	27.67326733	315.8333333	0
98	27.67326733	320.3571429	0
99	27.67326733	324.8809524	0
100	27.67326733	329.4047619	0
101	27.67326733	333.9285714	0
102	27.67326733	338.452381	0
103	27.67326733	342.9761905	0
104	27.67326733	347.5	0
105	27.67326733	352.0238095	0
106	27.67326733	356.547619	0
107	27.67326733	361.0714286	0
108	27.67326733	365.5952381	0
109	27.67326733	370.1190476	0
110	27.67326733	374.6428571	0
111	27.67326733	379.1666667	0
112	27.67326733	383.6904762	0
113	31.93069307	306.7857143	0
114	31.93069307	311.3095238	0
115	31.93069307	315.8333333	0
116	31.93069307	320.3571429	0
117	31.93069307	324.8809524	0
118	31.93069307	329.4047619	0
119	31.93069307	333.9285714	0
120	31.93069307	338.452381	0
121	31.93069307	342.9761905	0
122	31.93069307	347.5	0
123	31.93069307	352.0238095	0
124	31.93069307	356.547619	0
125	31.93069307	361.0714286	0
126	31.93069307	365.5952381	0
127	31.93069307	370.1190476	0
128	31.93069307	374.6428571	0
129	31.93069307	379.1666667	0
130	31.93069307	383.6904762	0
131	36.18811881	306.7857143	0
132	36.18811881	311.3095238	0
133	36.18811881	315.8333333	0
134	36.18811881	320.3571429	0
135	36.18811881	324.8809524	0
136	36.18811881	329.4047619	0
137	36.18811881	333.9285714	0
138	36.18811881	338.452381	0
139	36.18811881	342.9761905	0
140	36.18811881	347.5	0
141	36.18811881	352.0238095	0
142	36.18811881	356.547619	0
143	36.18811881	361.0714286	0
144	36.18811881	365.5952381	0
145	36.18811881	370.1190476	0
146	36.18811881	374.6428571	0
147	36.18811881	379.1666667	0
148	36.18811881	383.6904762	0
149	40.44554455	306.7857143	0
150	40.44554455	311.3095238	0
151	40.44554455	315.8333333	0
152	40.44554455	320.3571429	0
153	40.44554455	324.8809524	0
154	40.44554455	329.4047619	0
155	40.44554455	333.9285714	0
156	40.44554455	338.452381	0
157	40.44554455	342.9761905	0
158	40.44554455	347.5	0
159	40.44554455	352.0238095	0
160	40.44554455	356.547619	0
161	40.44554455	361.0714286	0
162	40.44554455	365.5952381	0
163	40.44554455	370.1190476	0
164	40.44554455	374.6428571	0
165	40.44554455	379.1666667	0
166	40.44554455	383.6904762	0
167	44.7029703	306.7857143	0
168	44.7029703	311.3095238	0
169	44.7029703	315.8333333	0
170	44.7029703	320.3571429	0
171	44.7029703	324.8809524	0
172	44.7029703	329.4047619	0
173	44.7029703	333.9285714	0
174	44.7029703	338.452381	0
175	44.7029703	342.9761905	0
176	44.7029703	347.5	0
177	44.7029703	352.0238095	0
178	44.7029703	356.547619	0
179	44.7029703	361.0714286	0
180	44.7029703	365.5952381	0
181	44.7029703	370.1190476	0
182	44.7029703	374.6428571	0
183	44.7029703	379.1666667	0
184	44.7029703	383.6904762	0
185	48.96039604	306.7857143	0
186	48.96039604	311.3095238	0
187	48.96039604	315.8333333	0
188	48.96039604	320.3571429	0
189	48.96039604	324.8809524	0
190	48.96039604	329.4047619	0
191	48.96039604	333.9285714	0
192	48.96039604	338.452381	0
193	48.96039604	342.9761905	0
194	48.96039604	347.5	0
195	48.96039604	352.0238095	0
196	48.96039604	356.547619	0
197	53.21782178	306.7857143	0
198	53.21782178	311.3095238	0
199	53.21782178	315.8333333	0
200	53.21782178	320.3571429	0
201	53.21782178	324.8809524	0
202	53.21782178	329.4047619	0
203	53.21782178	333.9285714	0
204	53.21782178	338.452381	0
205	53.21782178	342.9761905	0
206	53.21782178	347.5	0
207	53.21782178	352.0238095	0
208	53.21782178	356.547619	0
209	57.47524752	306.7857143	0
210	57.47524752	311.3095238	0
211	57.47524752	315.8333333	0
212	57.47524752	320.3571429	0
213	57.47524752	324.8809524	0
214	57.47524752	329.4047619	0
215	57.47524752	333.9285714	0
216	57.47524752	338.452381	0
217	57.47524752	342.9761905	0
218	57.47524752	347.5	0
219	57.47524752	352.0238095	0
220	57.47524752	356.547619	0
221	61.73267327	306.7857143	0
222	61.73267327	311.3095238	0
223	61.73267327	315.8333333	0
224	61.73267327	320.3571429	0
225	61.73267327	324.8809524	0
226	61.73267327	329.4047619	0
227	61.73267327	333.9285714	0
228	61.73267327	338.452381	0
229	61.73267327	342.9761905	0
230	61.73267327	347.5	0
231	61.73267327	352.0238095	0
232	61.73267327	356.547619	0
233	65.99009901	306.7857143	0
234	65.99009901	311.3095238	0
235	65.99009901	315.8333333	0
236	65.99009901	320.3571429	0
237	65.99009901	324.8809524	0
238	65.99009901	329.4047619	0
239	65.99009901	333.9285714	0
240	65.99009901	338.452381	0
241	65.99009901	342.9761905	0
242	65.99009901	347.5	0
243	65.99009901	352.0238095	0
244	65.99009901	356.547619	0
245	70.24752475	306.7857143	0
246	70.24752475	311.3095238	0
247	70.24752475	315.8333333	0
248	70.24752475	320.3571429	0
249	70.24752475	324.8809524	0
250	70.24752475	329.4047619	0
251	70.24752475	333.9285714	0
252	70.24752475	338.452381	0
253	70.24752475	342.9761905	0
254	70.24752475	347.5	0
255	70.24752475	352.0238095	0
256	70.24752475	356.547619	0
257	74.5049505	306.7857143	0
258	74.5049505	311.3095238	0
259	74.5049505	315.8333333	0
260	74.5049505	320.3571429	0
261	74.5049505	324.8809524	0
262	74.5049505	329.4047619	0
263	74.5049505	333.9285714	0
264	74.5049505	338.452381	0
265	74.5049505	342.9761905	0
266	74.5049505	347.5	0
267	74.5049505	352.0238095	0
268	74.5049505	356.547619	0
269	78.76237624	306.7857143	0
270	78.76237624	311.3095238	0
271	78.76237624	315.8333333	0
272	78.76237624	320.3571429	0
273	78.76237624	324.8809524	0
274	78.76237624	329.4047619	0
275	78.76237624	333.9285714	0
276	78.76237624	338.452381	0
277	78.76237624	342.9761905	0
278	78.76237624	347.5	0
279	78.76237624	352.0238095	0
280	78.76237624	356.547619	0
281	83.01980198	306.7857143	0
282	83.01980198	311.3095238	0
283	83.01980198	315.8333333	0
284	83.01980198	320.3571429	0
285	83.01980198	324.8809524	0
286	83.01980198	329.4047619	0
287	83.01980198	333.9285714	0
288	83.01980198	338.452381	0
289	83.01980198	342.9761905	0
290	83.01980198	347.5	0
291	83.01980198	352.0238095	0
292	83.01980198	356.547619	0
293	87.27722772	306.7857143	0
294	87.27722772	311.3095238	0
295	87.27722772	315.8333333	0
296	87.27722772	320.3571429	0
297	87.27722772	324.8809524	0
298	87.27722772	329.4047619	0
299	87.27722772	333.9285714	0
300	87.27722772	338.452381	0
301	87.27722772	342.9761905	0
302	87.27722772	347.5	0
303	87.27722772	352.0238095	0
304	87.27722772	356.547619	0
305	91.53465347	306.7857143	0
306	91.53465347	311.3095238	0
307	91.53465347	315.8333333	0
308	91.53465347	320.3571429	0
309	91.53465347	324.8809524	0
310	91.53465347	329.4047619	0
311	91.53465347	333.9285714	0
312	91.53465347	338.452381	0
313	91.53465347	342.9761905	0
314	91.53465347	347.5	0
315	91.53465347	352.0238095	0
316	91.53465347	356.547619	0
317	95.79207921	306.7857143	0
318	95.79207921	311.3095238	0
319	95.79207921	315.8333333	0
320	95.79207921	320.3571429	0
321	95.79207921	324.8809524	0
322	95.79207921	329.4047619	0
323	95.79207921	333.9285714	0
324	95.79207921	338.452381	0
325	95.79207921	342.9761905	0
326	95.79207921	347.5	0
327	95.79207921	352.0238095	0
328	95.79207921	356.547619	0
329	100.049505	306.7857143	0
330	100.049505	311.3095238	0
331	100.049505	315.8333333	0
332	100.049505	320.3571429	0
333	100.049505	324.8809524	0
334	100.049505	329.4047619	0
335	100.049505	333.9285714	0
336	100.049505	338.452381	0
337	100.049505	342.9761905	0
338	100.049505	347.5	0
339	100.049505	352.0238095	0
340	100.049505	356.547619	0
341	104.3069307	306.7857143	0
342	104.3069307	311.3095238	0
343	104.3069307	315.8333333	0
344	104.3069307	320.3571429	0
345	104.3069307	324.8809524	0
346	104.3069307	329.4047619	0
347	104.3069307	333.9285714	0
348	104.3069307	338.452381	0
349	104.3069307	342.9761905	0
350	104.3069307	347.5	0
351	104.3069307	352.0238095	0
352	104.3069307	356.547619	0
353	108.5643564	306.7857143	0
354	108.5643564	311.3095238	0
355	108.5643564	315.8333333	0
356	108.5643564	320.3571429	0
357	108.5643564	324.8809524	0
358	108.5643564	329.4047619	0
359	108.5643564	333.9285714	0
360	108.5643564	338.452381	0
361	108.5643564	342.9761905	0
362	108.5643564	347.5	0
363	108.5643564	352.0238095	0
364	108.5643564	356.547619	0
365	112.8217822	306.7857143	0
366	112.8217822	311.3095238	0
367	112.8217822	315.8333333	0
368	112.8217822	320.3571429	0
369	112.8217822	324.8809524	0
370	112.8217822	329.4047619	0
371	112.8217822	333.9285714	0
372	112.8217822	338.452381	0
373	112.8217822	342.9761905	0
374	112.8217822	347.5	0
375	112.8217822	352.0238095	0
376	112.8217822	356.547619	0
377	117.0792079	306.7857143	0
378	117.0792079	311.3095238	0
379	117.0792079	315.8333333	0
380	117.0792079	320.3571429	0
381	117.0792079	324.8809524	0
382	117.0792079	329.4047619	0
383	117.0792079	333.9285714	0
384	117.0792079	338.452381	0
385	117.0792079	342.9761905	0
386	117.0792079	347.5	0
387	117.0792079	352.0238095	0
388	117.0792079	356.547619	0
389	121.3366337	306.7857143	0
390	121.3366337	311.3095238	0
391	121.3366337	315.8333333	0
392	121.3366337	320.3571429	0
393	121.3366337	324.8809524	0
394	121.3366337	329.4047619	0
395	121.3366337	333.9285714	0
396	121.3366337	338.452381	0
397	121.3366337	342.9761905	0
398	121.3366337	347.5	0
399	121.3366337	352.0238095	0
400	121.3366337	356.547619	0
401	121.3366337	361.0714286	0
402	121.3366337	365.5952381	0
403	121.3366337	370.1190476	0
404	125.5940594	306.7857143	0
405	125.5940594	311.3095238	0
406	125.5940594	315.8333333	0
407	125.5940594	320.3571429	0
408	125.5940594	324.8809524	0
409	125.5940594	329.4047619	0
410	125.5940594	333.9285714	0
411	125.5940594	338.452381	0
412	125.5940594	342.9761905	0
413	125.5940594	347.5	0
414	125.5940594	352.0238095	0
415	125.5940594	356.547619	0
416	125.5940594	361.0714286	0
417	125.5940594	365.5952381	0
418	125.5940594	370.1190476	0
419	129.8514851	306.7857143	0
420	129.8514851	311.3095238	0
421	129.8514851	315.8333333	0
422	129.8514851	320.3571429	0
423	129.8514851	324.8809524	0
424	129.8514851	329.4047619	0
425	129.8514851	333.9285714	0
426	129.8514851	338.452381	0
427	129.8514851	342.9761905	0
428	129.8514851	347.5	0
429	129.8514851	352.0238095	0
430	129.8514851	356.547619	0
431	129.8514851	361.0714286	0
432	129.8514851	365.5952381	0
433	134.1089109	306.7857143	0
434	134.1089109	311.3095238	0
435	134.1089109	315.8333333	0
436	134.1089109	320.3571429	0
437	134.1089109	324.8809524	0
438	134.1089109	329.4047619	0
439	134.1089109	333.9285714	0
440	134.1089109	338.452381	0
441	134.1089109	342.9761905	0
442	134.1089109	347.5	0
443	134.1089109	352.0238095	0
444	134.1089109	356.547619	0
445	134.1089109	361.0714286	0
446	134.1089109	365.5952381	0
447	138.3663366	306.7857143	0
448	138.3663366	311.3095238	0
449	138.3663366	315.8333333	0
450	138.3663366	320.3571429	0
451	138.3663366	324.8809524	0
452	138.3663366	329.4047619	0
453	138.3663366	333.9285714	0
454	138.3663366	338.452381	0
455	138.3663366	342.9761905	0
456	138.3663366	347.5	0
457	138.3663366	352.0238095	0
458	138.3663366	356.547619	0
459	138.3663366	361.0714286	0
460	138.3663366	365.5952381	0
461	142.6237624	306.7857143	0
462	142.6237624	311.3095238	0
463	142.6237624	315.8333333	0
464	142.6237624	320.3571429	0
465	142.6237624	324.8809524	0
466	142.6237624	329.4047619	0
467	142.6237624	333.9285714	0
468	142.6237624	338.452381	0
469	142.6237624	342.9761905	0
470	142.6237624	347.5	0
471	142.6237624	352.0238095	0
472	142.6237624	356.547619	0
473	142.6237624	361.0714286	0
474	142.6237624	365.5952381	0
475	146.8811881	306.7857143	0
476	146.8811881	311.3095238	0
477	146.8811881	315.8333333	0
478	146.8811881	320.3571429	0
479	146.8811881	324.8809524	0
480	146.8811881	329.4047619	0
481	146.8811881	333.9285714	0
482	146.8811881	338.452381	0
483	146.8811881	342.9761905	0
484	146.8811881	347.5	0
485	146.8811881	352.0238095	0
486	146.8811881	356.547619	0
487	146.8811881	361.0714286	0
488	146.8811881	365.5952381	0
489	151.1386139	306.7857143	0
490	151.1386139	311.3095238	0
491	151.1386139	315.8333333	0
492	151.1386139	320.3571429	0
493	151.1386139	324.8809524	0
494	151.1386139	329.4047619	0
495	151.1386139	333.9285714	0
496	151.1386139	338.452381	0
497	151.1386139	342.9761905	0
498	151.1386139	347.5	0
499	151.1386139	352.0238095	0
500	151.1386139	356.547619	0
501	151.1386139	361.0714286	0
502	151.1386139	365.5952381	0
503	155.3960396	306.7857143	0
504	155.3960396	311.3095238	0
505	155.3960396	315.8333333	0
506	155.3960396	320.3571429	0
507	155.3960396	324.8809524	0
508	155.3960396	329.4047619	0
509	155.3960396	333.9285714	0
510	155.3960396	338.452381	0
511	155.3960396	342.9761905	0
512	155.3960396	347.5	0
513	155.3960396	352.0238095	0
514	155.3960396	356.547619	0
515	155.3960396	361.0714286	0
516	155.3960396	365.5952381	0
517	159.6534653	306.7857143	0
518	159.6534653	311.3095238	0
519	159.6534653	315.8333333	0
520	159.6534653	320.3571429	0
521	159.6534653	324.8809524	0
522	159.6534653	329.4047619	0
523	159.6534653	333.9285714	0
524	159.6534653	338.452381	0
525	159.6534653	342.9761905	0
526	159.6534653	347.5	0
527	159.6534653	352.0238095	0
528	159.6534653	356.547619	0
529	159.6534653	361.0714286	0
530	159.6534653	365.5952381	0
531	163.9108911	306.7857143	0
532	163.9108911	311.3095238	0
533	163.9108911	315.8333333	0
534	163.9108911	320.3571429	0
535	163.9108911	324.8809524	0
536	163.9108911	329.4047619	0
537	163.9108911	333.9285714	0
538	163.9108911	338.452381	0
539	163.9108911	342.9761905	0
540	163.9108911	347.5	0
541	163.9108911	352.0238095	0
542	163.9108911	356.547619	0
543	163.9108911	361.0714286	0
544	163.9108911	365.5952381	0
545	168.1683168	306.7857143	0
546	168.1683168	311.3095238	0
547	168.1683168	315.8333333	0
548	168.1683168	320.3571429	0
549	168.1683168	324.8809524	0
550	168.1683168	329.4047619	0
551	168.1683168	333.9285714	0
552	168.1683168	338.452381	0
553	168.1683168	342.9761905	0
554	168.1683168	347.5	0
555	168.1683168	352.0238095	0
556	168.1683168	356.547619	0
557	168.1683168	361.0714286	0
558	168.1683168	365.5952381	0
559	172.4257426	306.7857143	0
560	172.4257426	311.3095238	0
561	172.4257426	315.8333333	0
562	172.4257426	320.3571429	0
563	172.4257426	324.8809524	0
564	172.4257426	329.4047619	0
565	172.4257426	333.9285714	0
566	172.4257426	338.452381	0
567	172.4257426	342.9761905	0
568	172.4257426	347.5	0
569	172.4257426	352.0238095	0
570	172.4257426	356.547619	0
571	172.4257426	361.0714286	0
572	172.4257426	365.5952381	0
573	176.6831683	306.7857143	0
574	176.6831683	311.3095238	0
575	176.6831683	315.8333333	0
576	176.6831683	320.3571429	0
577	176.6831683	324.8809524	0
578	176.6831683	329.4047619	0
579	176.6831683	333.9285714	0
580	176.6831683	338.452381	0
581	176.6831683	342.9761905	0
582	176.6831683	347.5	0
583	176.6831683	352.0238095	0
584	176.6831683	356.547619	0
585	176.6831683	361.0714286	0
586	176.6831683	365.5952381	0
587	180.9405941	306.7857143	0
588	180.9405941	311.3095238	0
589	180.9405941	315.8333333	0
590	180.9405941	320.3571429	0
591	180.9405941	324.8809524	0
592	180.9405941	329.4047619	0
593	180.9405941	333.9285714	0
594	180.9405941	338.452381	0
595	180.9405941	342.9761905	0
596	180.9405941	347.5	0
597	180.9405941	352.0238095	0
598	180.9405941	356.547619	0
599	180.9405941	361.0714286	0
600	185.1980198	306.7857143	0
601	185.1980198	311.3095238	0
602	185.1980198	315.8333333	0
603	185.1980198	320.3571429	0
604	185.1980198	324.8809524	0
605	185.1980198	329.4047619	0
606	185.1980198	333.9285714	0
607	185.1980198	338.452381	0
608	185.1980198	342.9761905	0
609	185.1980198	347.5	0
610	185.1980198	352.0238095	0
611	185.1980198	356.547619	0
612	185.1980198	361.0714286	0
613	189.4554455	306.7857143	0
614	189.4554455	311.3095238	0
615	189.4554455	315.8333333	0
616	189.4554455	320.3571429	0
617	189.4554455	324.8809524	0
618	189.4554455	329.4047619	0
619	189.4554455	333.9285714	0
620	189.4554455	338.452381	0
621	189.4554455	342.9761905	0
622	189.4554455	347.5	0
623	189.4554455	352.0238095	0
624	189.4554455	356.547619	0
625	189.4554455	361.0714286	0
626	193.7128713	306.7857143	0
627	193.7128713	311.3095238	0
628	193.7128713	315.8333333	0
629	193.7128713	320.3571429	0
630	193.7128713	324.8809524	0
631	193.7128713	329.4047619	0
632	193.7128713	333.9285714	0
633	193.7128713	338.452381	0
634	193.7128713	342.9761905	0
635	193.7128713	347.5	0
636	193.7128713	352.0238095	0
637	193.7128713	356.547619	0
638	193.7128713	361.0714286	0
639	197.970297	306.7857143	0
640	197.970297	311.3095238	0
641	197.970297	315.8333333	0
642	197.970297	320.3571429	0
643	197.970297	324.8809524	0
644	197.970297	329.4047619	0
645	197.970297	333.9285714	0
646	197.970297	338.452381	0
647	197.970297	342.9761905	0
648	197.970297	347.5	0
649	197.970297	352.0238095	0
650	197.970297	356.547619	0
651	197.970297	361.0714286	0
652	202.2277228	306.7857143	0
653	202.2277228	311.3095238	0
654	202.2277228	315.8333333	0
655	202.2277228	320.3571429	0
656	202.2277228	324.8809524	0
657	202.2277228	329.4047619	0
658	202.2277228	333.9285714	0
659	202.2277228	338.452381	0
660	202.2277228	342.9761905	0
661	202.2277228	347.5	0
662	202.2277228	352.0238095	0
663	202.2277228	356.547619	0
664	206.4851485	306.7857143	0
665	206.4851485	311.3095238	0
666	206.4851485	315.8333333	0
667	206.4851485	320.3571429	0
668	206.4851485	324.8809524	0
669	206.4851485	329.4047619	0
670	206.4851485	333.9285714	0
671	206.4851485	338.452381	0
672	206.4851485	342.9761905	0
673	206.4851485	347.5	0
674	206.4851485	352.0238095	0
675	206.4851485	356.547619	0
676	206.4851485	361.0714286	0
677	210.7425743	306.7857143	0
678	210.7425743	311.3095238	0
679	210.7425743	315.8333333	0
680	210.7425743	320.3571429	0
681	210.7425743	324.8809524	0
682	210.7425743	329.4047619	0
683	210.7425743	333.9285714	0
684	210.7425743	338.452381	0
685	210.7425743	342.9761905	0
686	210.7425743	347.5	0
687	210.7425743	352.0238095	0
688	210.7425743	356.547619	0
689	210.7425743	361.0714286	0
690	215	306.7857143	0
691	215	311.3095238	0
692	215	315.8333333	0
693	215	320.3571429	0
694	215	324.8809524	0
695	215	329.4047619	0
696	215	333.9285714	0
697	215	338.452381	0
698	215	342.9761905	0
699	215	347.5	0
700	215	352.0238095	0
701	215	356.547619	0
702	215	361.0714286	0
703	219.2574257	306.7857143	0
704	219.2574257	311.3095238	0
705	219.2574257	315.8333333	0
706	219.2574257	320.3571429	0
707	219.2574257	324.8809524	0
708	219.2574257	329.4047619	0
709	219.2574257	333.9285714	0
710	219.2574257	338.452381	0
711	219.2574257	342.9761905	0
712	219.2574257	347.5	0
713	219.2574257	352.0238095	0
714	219.2574257	356.547619	0
715	223.5148515	306.7857143	0
716	223.5148515	311.3095238	0
717	223.5148515	315.8333333	0
718	223.5148515	320.3571429	0
719	223.5148515	324.8809524	0
720	223.5148515	329.4047619	0
721	223.5148515	333.9285714	0
722	223.5148515	338.452381	0
723	223.5148515	342.9761905	0
724	223.5148515	347.5	0
725	223.5148515	352.0238095	0
726	223.5148515	356.547619	0
727	227.7722772	306.7857143	0
728	227.7722772	311.3095238	0
729	227.7722772	315.8333333	0
730	227.7722772	320.3571429	0
731	227.7722772	324.8809524	0
732	227.7722772	329.4047619	0
733	227.7722772	333.9285714	0
734	227.7722772	338.452381	0
735	227.7722772	342.9761905	0
736	227.7722772	347.5	0
737	227.7722772	352.0238095	0
738	227.7722772	356.547619	0
739	232.029703	306.7857143	0
740	232.029703	311.3095238	0
741	232.029703	315.8333333	0
742	232.029703	320.3571429	0
743	232.029703	324.8809524	0
744	232.029703	329.4047619	0
745	232.029703	333.9285714	0
746	232.029703	338.452381	0
747	232.029703	342.9761905	0
748	232.029703	347.5	0
749	232.029703	352.0238095	0
750	232.029703	356.547619	0
751	236.2871287	306.7857143	0
752	236.2871287	311.3095238	0
753	236.2871287	315.8333333	0
754	236.2871287	320.3571429	0
755	236.2871287	324.8809524	0
756	236.2871287	329.4047619	0
757	236.2871287	333.9285714	0
758	236.2871287	338.452381	0
759	236.2871287	342.9761905	0
760	236.2871287	347.5	0
761	236.2871287	352.0238095	0
762	236.2871287	356.547619	0
763	240.5445545	306.7857143	0
764	240.5445545	311.3095238	0
765	240.5445545	315.8333333	0
766	240.5445545	320.3571429	0
767	240.5445545	324.8809524	0
768	240.5445545	329.4047619	0
769	240.5445545	333.9285714	0
770	240.5445545	338.452381	0
771	240.5445545	342.9761905	0
772	240.5445545	347.5	0
773	240.5445545	352.0238095	0
774	240.5445545	356.547619	0
775	244.8019802	306.7857143	0
776	244.8019802	311.3095238	0
777	244.8019802	315.8333333	0
778	244.8019802	320.3571429	0
779	244.8019802	324.8809524	0
780	244.8019802	329.4047619	0
781	244.8019802	333.9285714	0
782	244.8019802	338.452381	0
783	244.8019802	342.9761905	0
784	244.8019802	347.5	0
785	244.8019802	352.0238095	0
786	244.8019802	356.547619	0
787	249.0594059	306.7857143	0
788	249.0594059	311.3095238	0
789	249.0594059	315.8333333	0
790	249.0594059	320.3571429	0
791	249.0594059	324.8809524	0
792	249.0594059	329.4047619	0
793	249.0594059	333.9285714	0
794	249.0594059	338.452381	0
795	249.0594059	342.9761905	0
796	249.0594059	347.5	0
797	249.0594059	352.0238095	0
798	253.3168317	306.7857143	0
799	253.3168317	311.3095238	0
800	253.3168317	315.8333333	0
801	253.3168317	320.3571429	0
802	253.3168317	324.8809524	0
803	253.3168317	329.4047619	0
804	253.3168317	333.9285714	0
805	253.3168317	338.452381	0
806	253.3168317	342.9761905	0
807	253.3168317	347.5	0
808	253.3168317	352.0238095	0
809	257.5742574	306.7857143	0
810	257.5742574	311.3095238	0
811	257.5742574	315.8333333	0
812	257.5742574	320.3571429	0
813	257.5742574	324.8809524	0
814	257.5742574	329.4047619	0
815	257.5742574	333.9285714	0
816	257.5742574	338.452381	0
817	257.5742574	342.9761905	0
818	257.5742574	347.5	0
819	257.5742574	352.0238095	0
820	261.8316832	306.7857143	0
821	261.8316832	311.3095238	0
822	261.8316832	315.8333333	0
823	261.8316832	320.3571429	0
824	261.8316832	324.8809524	0
825	261.8316832	329.4047619	0
826	261.8316832	333.9285714	0
827	261.8316832	338.452381	0
828	261.8316832	342.9761905	0
829	261.8316832	347.5	0
830	261.8316832	352.0238095	0
831	266.0891089	306.7857143	0
832	266.0891089	311.3095238	0
833	266.0891089	315.8333333	0
834	266.0891089	320.3571429	0
835	266.0891089	324.8809524	0
836	266.0891089	329.4047619	0
837	266.0891089	333.9285714	0
838	266.0891089	338.452381	0
839	266.0891089	342.9761905	0
840	266.0891089	347.5	0
841	266.0891089	352.0238095	0
842	270.3465347	306.7857143	0
843	270.3465347	311.3095238	0
844	270.3465347	315.8333333	0
845	270.3465347	320.3571429	0
846	270.3465347	324.8809524	0
847	270.3465347	329.4047619	0
848	270.3465347	333.9285714	0
849	270.3465347	338.452381	0
850	270.3465347	342.9761905	0
851	270.3465347	347.5	0
852	270.3465347	352.0238095	0
853	274.6039604	306.7857143	0
854	274.6039604	311.3095238	0
855	274.6039604	315.8333333	0
856	274.6039604	320.3571429	0
857	274.6039604	324.8809524	0
858	274.6039604	329.4047619	0
859	274.6039604	333.9285714	0
860	274.6039604	338.452381	0
861	274.6039604	342.9761905	0
862	274.6039604	347.5	0
863	278.8613861	306.7857143	0
864	278.8613861	311.3095238	0
865	278.8613861	315.8333333	0
866	278.8613861	320.3571429	0
867	278.8613861	324.8809524	0
868	278.8613861	329.4047619	0
869	278.8613861	333.9285714	0
870	278.8613861	338.452381	0
871	278.8613861	342.9761905	0
872	278.8613861	347.5	0
873	283.1188119	306.7857143	0
874	283.1188119	311.3095238	0
875	283.1188119	315.8333333	0
876	283.1188119	320.3571429	0
877	283.1188119	324.8809524	0
878	283.1188119	329.4047619	0
879	283.1188119	333.9285714	0
880	283.1188119	338.452381	0
881	283.1188119	342.9761905	0
882	283.1188119	347.5	0
883	287.3762376	306.7857143	0
884	287.3762376	311.3095238	0
885	287.3762376	315.8333333	0
886	287.3762376	320.3571429	0
887	287.3762376	324.8809524	0
888	287.3762376	329.4047619	0
889	287.3762376	333.9285714	0
890	287.3762376	338.452381	0
891	287.3762376	342.9761905	0
892	287.3762376	347.5	0
893	291.6336634	306.7857143	0
894	291.6336634	311.3095238	0
895	291.6336634	315.8333333	0
896	291.6336634	320.3571429	0
897	291.6336634	324.8809524	0
898	291.6336634	329.4047619	0
899	291.6336634	333.9285714	0
900	291.6336634	338.452381	0
901	291.6336634	342.9761905	0
902	291.6336634	347.5	0
903	295.8910891	306.7857143	0
904	295.8910891	311.3095238	0
905	295.8910891	315.8333333	0
906	295.8910891	320.3571429	0
907	295.8910891	324.8809524	0
908	295.8910891	329.4047619	0
909	295.8910891	333.9285714	0
910	295.8910891	338.452381	0
911	295.8910891	342.9761905	0
912	295.8910891	347.5	0
913	300.1485149	306.7857143	0
914	300.1485149	311.3095238	0
915	300.1485149	315.8333333	0
916	300.1485149	320.3571429	0
917	300.1485149	324.8809524	0
918	300.1485149	329.4047619	0
919	300.1485149	333.9285714	0
920	300.1485149	338.452381	0
921	300.1485149	342.9761905	0
922	300.1485149	347.5	0
923	304.4059406	306.7857143	0
924	304.4059406	311.3095238	0
925	304.4059406	315.8333333	0
926	304.4059406	320.3571429	0
927	304.4059406	324.8809524	0
928	304.4059406	329.4047619	0
929	304.4059406	333.9285714	0
930	304.4059406	338.452381	0
931	304.4059406	342.9761905	0
932	304.4059406	347.5	0
933	308.6633663	306.7857143	0
934	308.6633663	311.3095238	0
935	308.6633663	315.8333333	0
936	308.6633663	320.3571429	0
937	308.6633663	324.8809524	0
938	308.6633663	329.4047619	0
939	308.6633663	333.9285714	0
940	308.6633663	338.452381	0
941	308.6633663	342.9761905	0
942	308.6633663	347.5	0
943	312.9207921	306.7857143	0
944	312.9207921	311.3095238	0
945	312.9207921	315.8333333	0
946	312.9207921	320.3571429	0
947	312.9207921	324.8809524	0
948	312.9207921	329.4047619	0
949	312.9207921	333.9285714	0
950	312.9207921	338.452381	0
951	312.9207921	342.9761905	0
952	312.9207921	347.5	0
953	317.1782178	306.7857143	0
954	317.1782178	311.3095238	0
955	317.1782178	315.8333333	0
956	317.1782178	320.3571429	0
957	317.1782178	324.8809524	0
958	317.1782178	329.4047619	0
959	317.1782178	333.9285714	0
960	317.1782178	338.452381	0
961	317.1782178	342.9761905	0
962	317.1782178	347.5	0
963	321.4356436	306.7857143	0
964	321.4356436	311.3095238	0
965	321.4356436	315.8333333	0
966	321.4356436	320.3571429	0
967	321.4356436	324.8809524	0
968	321.4356436	329.4047619	0
969	321.4356436	333.9285714	0
970	321.4356436	338.452381	0
971	321.4356436	342.9761905	0
972	321.4356436	347.5	0
973	325.6930693	306.7857143	0
974	325.6930693	311.3095238	0
975	325.6930693	315.8333333	0
976	325.6930693	320.3571429	0
977	325.6930693	324.8809524	0
978	325.6930693	329.4047619	0
979	325.6930693	333.9285714	0
980	325.6930693	338.452381	0
981	325.6930693	342.9761905	0
982	325.6930693	347.5	0
983	329.950495	306.7857143	0
984	329.950495	311.3095238	0
985	329.950495	315.8333333	0
986	329.950495	320.3571429	0
987	329.950495	324.8809524	0
988	329.950495	329.4047619	0
989	329.950495	333.9285714	0
990	329.950495	338.452381	0
991	329.950495	342.9761905	0
992	329.950495	347.5	0
993	334.2079208	306.7857143	0
994	334.2079208	311.3095238	0
995	334.2079208	315.8333333	0
996	334.2079208	320.3571429	0
997	334.2079208	324.8809524	0
998	334.2079208	329.4047619	0
999	334.2079208	333.9285714	0
1000	334.2079208	338.452381	0
1001	334.2079208	342.9761905	0
1002	334.2079208	347.5	0
1003	338.4653465	306.7857143	0
1004	338.4653465	311.3095238	0
1005	338.4653465	315.8333333	0
1006	338.4653465	320.3571429	0
1007	338.4653465	324.8809524	0
1008	338.4653465	329.4047619	0
1009	338.4653465	333.9285714	0
1010	338.4653465	338.452381	0
1011	338.4653465	342.9761905	0
1012	338.4653465	347.5	0
1013	342.7227723	306.7857143	0
1014	342.7227723	311.3095238	0
1015	342.7227723	315.8333333	0
1016	342.7227723	320.3571429	0
1017	342.7227723	324.8809524	0
1018	342.7227723	329.4047619	0
1019	342.7227723	333.9285714	0
1020	342.7227723	338.452381	0
1021	342.7227723	342.9761905	0
1022	342.7227723	347.5	0
1023	346.980198	306.7857143	0
1024	346.980198	311.3095238	0
1025	346.980198	315.8333333	0
1026	346.980198	320.3571429	0
1027	346.980198	324.8809524	0
1028	346.980198	329.4047619	0
1029	346.980198	333.9285714	0
1030	346.980198	338.452381	0
1031	346.980198	342.9761905	0
1032	346.980198	347.5	0
1033	351.2376238	306.7857143	0
1034	351.2376238	311.3095238	0
1035	351.2376238	315.8333333	0
1036	351.2376238	320.3571429	0
1037	351.2376238	324.8809524	0
1038	351.2376238	329.4047619	0
1039	351.2376238	333.9285714	0
1040	351.2376238	338.452381	0
1041	351.2376238	342.9761905	0
1042	351.2376238	347.5	0
1043	355.4950495	306.7857143	0
1044	355.4950495	311.3095238	0
1045	355.4950495	315.8333333	0
1046	355.4950495	320.3571429	0
1047	355.4950495	324.8809524	0
1048	355.4950495	329.4047619	0
1049	355.4950495	333.9285714	0
1050	355.4950495	338.452381	0
1051	355.4950495	342.9761905	0
1052	355.4950495	347.5	0
1053	359.7524752	306.7857143	0
1054	359.7524752	311.3095238	0
1055	359.7524752	315.8333333	0
1056	359.7524752	320.3571429	0
1057	359.7524752	324.8809524	0
1058	359.7524752	329.4047619	0
1059	359.7524752	333.9285714	0
1060	359.7524752	338.452381	0
1061	359.7524752	342.9761905	0
1062	359.7524752	347.5	0
1063	364.009901	306.7857143	0
1064	364.009901	311.3095238	0
1065	364.009901	315.8333333	0
1066	364.009901	320.3571429	0
1067	364.009901	324.8809524	0
1068	364.009901	329.4047619	0
1069	364.009901	333.9285714	0
1070	364.009901	338.452381	0
1071	364.009901	342.9761905	0
1072	364.009901	347.5	0
1073	368.2673267	306.7857143	0
1074	368.2673267	311.3095238	0
1075	368.2673267	315.8333333	0
1076	368.2673267	320.3571429	0
1077	368.2673267	324.8809524	0
1078	368.2673267	329.4047619	0
1079	368.2673267	333.9285714	0
1080	368.2673267	338.452381	0
1081	368.2673267	342.9761905	0
1082	368.2673267	347.5	0
1083	372.5247525	306.7857143	0
1084	372.5247525	311.3095238	0
1085	372.5247525	315.8333333	0
1086	372.5247525	320.3571429	0
1087	372.5247525	324.8809524	0
1088	372.5247525	329.4047619	0
1089	372.5247525	333.9285714	0
1090	372.5247525	338.452381	0
1091	372.5247525	342.9761905	0
1092	372.5247525	347.5	0
1093	376.7821782	306.7857143	0
1094	376.7821782	311.3095238	0
1095	376.7821782	315.8333333	0
1096	376.7821782	320.3571429	0
1097	376.7821782	324.8809524	0
1098	376.7821782	329.4047619	0
1099	376.7821782	333.9285714	0
1100	376.7821782	338.452381	0
1101	376.7821782	342.9761905	0
1102	376.7821782	347.5	0
1103	381.039604	306.7857143	0
1104	381.039604	311.3095238	0
1105	381.039604	315.8333333	0
1106	381.039604	320.3571429	0
1107	381.039604	324.8809524	0
1108	381.039604	329.4047619	0
1109	381.039604	333.9285714	0
1110	381.039604	338.452381	0
1111	381.039604	342.9761905	0
1112	385.2970297	306.7857143	0
1113	385.2970297	311.3095238	0
1114	385.2970297	315.8333333	0
1115	385.2970297	320.3571429	0
1116	385.2970297	324.8809524	0
1117	385.2970297	329.4047619	0
1118	385.2970297	333.9285714	0
1119	385.2970297	338.452381	0
1120	385.2970297	342.9761905	0
1121	389.5544554	306.7857143	0
1122	389.5544554	311.3095238	0
1123	389.5544554	315.8333333	0
1124	389.5544554	320.3571429	0
1125	389.5544554	324.8809524	0
1126	389.5544554	329.4047619	0
1127	389.5544554	333.9285714	0
1128	389.5544554	338.452381	0
1129	389.5544554	342.9761905	0
1130	393.8118812	306.7857143	0
1131	393.8118812	311.3095238	0
1132	393.8118812	315.8333333	0
1133	393.8118812	320.3571429	0
1134	393.8118812	324.8809524	0
1135	393.8118812	329.4047619	0
1136	393.8118812	333.9285714	0
1137	393.8118812	338.452381	0
1138	393.8118812	342.9761905	0
1139	398.0693069	306.7857143	0
1140	398.0693069	311.3095238	0
1141	398.0693069	315.8333333	0
1142	398.0693069	320.3571429	0
1143	398.0693069	324.8809524	0
1144	398.0693069	329.4047619	0
1145	398.0693069	333.9285714	0
1146	398.0693069	338.452381	0
1147	398.0693069	342.9761905	0
1148	402.3267327	306.7857143	0
1149	402.3267327	311.3095238	0
1150	402.3267327	315.8333333	0
1151	402.3267327	320.3571429	0
1152	402.3267327	324.8809524	0
1153	402.3267327	329.4047619	0
1154	402.3267327	333.9285714	0
1155	402.3267327	338.452381	0
1156	402.3267327	342.9761905	0
1157	406.5841584	306.7857143	0
1158	406.5841584	311.3095238	0
1159	406.5841584	315.8333333	0
1160	406.5841584	320.3571429	0
1161	406.5841584	324.8809524	0
1162	406.5841584	329.4047619	0
1163	406.5841584	333.9285714	0
1164	406.5841584	338.452381	0
1165	406.5841584	342.9761905	0
1166	410.8415842	306.7857143	0
1167	410.8415842	311.3095238	0
1168	410.8415842	315.8333333	0
1169	410.8415842	320.3571429	0
1170	410.8415842	324.8809524	0
1171	410.8415842	329.4047619	0
1172	410.8415842	333.9285714	0
1173	410.8415842	338.452381	0
1174	410.8415842	342.9761905	0
1175	415.0990099	306.7857143	0
1176	415.0990099	311.3095238	0
1177	415.0990099	315.8333333	0
1178	415.0990099	320.3571429	0
1179	415.0990099	324.8809524	0
1180	415.0990099	329.4047619	0
1181	415.0990099	333.9285714	0
1182	415.0990099	338.452381	0
1183	415.0990099	342.9761905	0
1184	419.3564356	306.7857143	0
1185	419.3564356	311.3095238	0
1186	419.3564356	315.8333333	0
1187	419.3564356	320.3571429	0
1188	419.3564356	324.8809524	0
1189	419.3564356	329.4047619	0
1190	419.3564356	333.9285714	0
1191	419.3564356	338.452381	0
1192	419.3564356	342.9761905	0
1193	423.6138614	306.7857143	0
1194	423.6138614	311.3095238	0
1195	423.6138614	315.8333333	0
1196	423.6138614	320.3571429	0
1197	423.6138614	324.8809524	0
1198	423.6138614	329.4047619	0
1199	423.6138614	333.9285714	0
1200	423.6138614	338.452381	0
1201	423.6138614	342.9761905	0
1202	6.45	302.15	0
1203	10.75	302.15	0
1204	15.05	302.15	0
1205	19.35	302.15	0
1206	23.65	302.15	0
1207	27.95	302.15	0
1208	32.25	302.15	0
1209	36.55	302.15	0
1210	40.85	302.15	0
1211	45.15	302.15	0
1212	49.45	302.15	0
1213	53.75	302.15	0
1214	58.05	302.15	0
1215	62.35	302.15	0
1216	66.65	302.15	0
1217	70.95	302.15	0
1218	75.25	302.15	0
1219	79.55	302.15	0
1220	83.85	302.15	0
1221	88.15	302.15	0
1222	92.45	302.15	0
1223	96.75	302.15	0
1224	101.05	302.15	0
1225	105.35	302.15	0
1226	109.65	302.15	0
1227	113.95	302.15	0
1228	118.25	302.15	0
1229	122.55	302.15	0
1230	126.85	302.15	0
1231	131.15	302.15	0
1232	135.45	302.15	0
1233	139.75	302.15	0
1234	144.05	302.15	0
1235	148.35	302.15	0
1236	152.65	302.15	0
1237	156.95	302.15	0
1238	161.25	302.15	0
1239	165.55	302.15	0
1240	169.85	302.15	0
1241	174.15	302.15	0
1242	178.45	302.15	0
1243	182.75	302.15	0
1244	187.05	302.15	0
1245	191.35	302.15	0
1246	195.65	302.15	0
1247	199.95	302.15	0
1248	204.25	302.15	0
1249	208.55	302.15	0
1250	212.85	302.15	0
1251	217.15	302.15	0
1252	221.45	302.15	0
1253	225.75	302.15	0
1254	230.05	302.15	0
1255	234.35	302.15	0
1256	238.65	302.15	0
1257	242.95	302.15	0
1258	247.25	302.15	0
1259	251.55	302.15	0
1260	255.85	302.15	0
1261	260.15	302.15	0
1262	264.45	302.15	0
1263	268.75	302.15	0
1264	273.05	302.15	0
1265	277.35	302.15	0
1266	281.65	302.15	0
1267	285.95	302.15	0
1268	290.25	302.15	0
1269	294.55	302.15	0
1270	298.85	302.15	0
1271	303.15	302.15	0
1272	307.45	302.15	0
1273	311.75	302.15	0
1274	316.05	302.15	0
1275	320.35	302.15	0
1276	324.65	302.15	0
1277	328.95	302.15	0
1278	333.25	302.15	0
1279	337.55	302.15	0
1280	341.85	302.15	0
1281	346.15	302.15	0
1282	350.45	302.15	0
1283	354.75	302.15	0
1284	359.05	302.15	0
1285	363.35	302.15	0
1286	367.65	302.15	0
1287	371.95	302.15	0
1288	376.25	302.15	0
1289	380.55	302.15	0
1290	384.85	302.15	0
1291	389.15	302.15	0
1292	393.45	302.15	0
1293	397.75	302.15	0
1294	402.05	302.15	0
1295	406.35	302.15	0
1296	410.65	302.15	0
1297	414.95	302.15	0
1298	419.25	302.15	0
1299	423.55	302.15	0
1300	427.5	302.5	0
1301	427.5	307.5	0
1302	427.5	312.5	0
1303	427.5	317.5	0
1304	427.5	322.5	0
1305	427.5	327.5	0
1306	427.5	332.5	0
1307	427.5	337.5	0
1308	427.5	342.5	0
1309	324.7222222	353.7222222	0
1310	320.1666667	353.7222222	0
1311	315.6111111	353.7222222	0
1312	311.0555556	353.7222222	0
1313	306.5	353.7222222	0
1314	301.9444444	353.7222222	0
1315	297.3888889	353.7222222	0
1316	292.8333333	353.7222222	0
1317	288.2777778	353.7222222	0
1318	283	353.6666667	0
1319	277.6666667	354.3333333	0
1320	272.3333333	355	0
1321	2.375	387.875	0
1322	2.375	383.125	0
1323	2.375	378.375	0
1324	2.375	373.625	0
1325	2.375	368.875	0
1326	2.375	364.125	0
1327	2.375	359.375	0
1328	2.375	354.625	0
1329	2.375	349.875	0
1330	2.375	345.125	0
1331	2.375	340.375	0
1332	2.375	335.625	0
1333	2.375	330.875	0
1334	2.375	326.125	0
1335	2.375	321.375	0
1336	2.375	316.625	0
1337	2.375	311.875	0
1338	2.375	307.125	0
1339	2.375	302.375	0
