# R2D2 dual grid
0	120	5	264.2039801	311.7574257	280.575	301.075	281.318408	305.1732673	
0	5	6	264.2039801	311.7574257	281.318408	305.1732673	281.318408	306.1138614	
0	6	7	264.2039801	311.7574257	281.318408	306.1138614	281.318408	307.0544554	
0	7	8	264.2039801	311.7574257	281.318408	307.0544554	281.318408	307.9950495	
0	8	9	264.2039801	311.7574257	281.318408	307.9950495	281.318408	308.9356436	
0	9	10	264.2039801	311.7574257	281.318408	308.9356436	281.318408	309.8762376	
0	10	11	264.2039801	311.7574257	281.318408	309.8762376	281.318408	310.8168317	
0	11	12	264.2039801	311.7574257	281.318408	310.8168317	281.318408	311.7574257	
0	12	13	1	264.2039801	311.7574257	281.318408	311.7574257	281.318408	312.6980198	264.2039801	312.6980198	
0	1	-1	-1	264.2039801	311.7574257	264.2039801	312.6980198	0	312.6980198	0	311.7574257	
0	-1	-1	264.2039801	311.7574257	0	311.7574257	264.2039801	300	
0	-1	120	264.2039801	311.7574257	264.2039801	300	280.575	301.075	
1	93	-1	264.2039801	312.6980198	285.5970149	345.6188119	264.2039801	450	
1	-1	-1	264.2039801	312.6980198	264.2039801	450	0	312.6980198	
1	13	14	264.2039801	312.6980198	281.318408	312.6980198	281.318408	313.6386139	
1	14	34	264.2039801	312.6980198	281.318408	313.6386139	283.4577114	320.2227723	
1	34	35	264.2039801	312.6980198	283.4577114	320.2227723	283.4577114	321.1633663	
1	35	36	264.2039801	312.6980198	283.4577114	321.1633663	283.4577114	322.1039604	
1	36	37	264.2039801	312.6980198	283.4577114	322.1039604	283.4577114	323.0445545	
1	37	38	264.2039801	312.6980198	283.4577114	323.0445545	283.4577114	323.9851485	
1	38	39	264.2039801	312.6980198	283.4577114	323.9851485	283.4577114	324.9257426	
1	39	40	264.2039801	312.6980198	283.4577114	324.9257426	283.4577114	325.8663366	
1	40	41	264.2039801	312.6980198	283.4577114	325.8663366	283.4577114	326.8069307	
1	41	42	264.2039801	312.6980198	283.4577114	326.8069307	283.4577114	327.7475248	
1	42	43	264.2039801	312.6980198	283.4577114	327.7475248	283.4577114	328.6881188	
1	43	44	264.2039801	312.6980198	283.4577114	328.6881188	283.4577114	329.6287129	
1	44	45	264.2039801	312.6980198	283.4577114	329.6287129	283.4577114	330.5693069	
1	45	46	264.2039801	312.6980198	283.4577114	330.5693069	283.4577114	331.509901	
1	46	90	264.2039801	312.6980198	283.4577114	331.509901	285.5970149	342.7970297	
1	90	91	264.2039801	312.6980198	285.5970149	342.7970297	285.5970149	343.7376238	
1	91	92	264.2039801	312.6980198	285.5970149	343.7376238	285.5970149	344.6782178	
1	92	93	264.2039801	312.6980198	285.5970149	344.6782178	285.5970149	345.6188119	
2	121	15	281.318408	302.3514851	282.725	301.075	283.4577114	302.3514851	
2	15	16	3	281.318408	302.3514851	283.4577114	302.3514851	283.4577114	303.2920792	281.318408	303.2920792	
2	3	120	281.318408	302.3514851	281.318408	303.2920792	280.575	301.075	
2	120	121	281.318408	302.3514851	280.575	301.075	282.725	301.075	
3	16	17	4	281.318408	303.2920792	283.4577114	303.2920792	283.4577114	304.2326733	281.318408	304.2326733	
3	4	120	281.318408	303.2920792	281.318408	304.2326733	280.575	301.075	
4	17	18	5	281.318408	304.2326733	283.4577114	304.2326733	283.4577114	305.1732673	281.318408	305.1732673	
4	5	120	281.318408	304.2326733	281.318408	305.1732673	280.575	301.075	
5	18	19	6	281.318408	305.1732673	283.4577114	305.1732673	283.4577114	306.1138614	281.318408	306.1138614	
6	19	20	7	281.318408	306.1138614	283.4577114	306.1138614	283.4577114	307.0544554	281.318408	307.0544554	
7	20	21	8	281.318408	307.0544554	283.4577114	307.0544554	283.4577114	307.9950495	281.318408	307.9950495	
8	21	22	9	281.318408	307.9950495	283.4577114	307.9950495	283.4577114	308.9356436	281.318408	308.9356436	
9	22	23	10	281.318408	308.9356436	283.4577114	308.9356436	283.4577114	309.8762376	281.318408	309.8762376	
10	23	24	11	281.318408	309.8762376	283.4577114	309.8762376	283.4577114	310.8168317	281.318408	310.8168317	
11	24	25	12	281.318408	310.8168317	283.4577114	310.8168317	283.4577114	311.7574257	281.318408	311.7574257	
12	25	26	13	281.318408	311.7574257	283.4577114	311.7574257	283.4577114	312.6980198	281.318408	312.6980198	
13	26	27	14	281.318408	312.6980198	283.4577114	312.6980198	283.4577114	313.6386139	281.318408	313.6386139	
14	27	28	281.318408	313.6386139	283.4577114	313.6386139	283.4577114	314.5792079	
14	28	29	281.318408	313.6386139	283.4577114	314.5792079	283.4577114	315.519802	
14	29	30	281.318408	313.6386139	283.4577114	315.519802	283.4577114	316.460396	
14	30	31	281.318408	313.6386139	283.4577114	316.460396	283.4577114	317.4009901	
14	31	32	281.318408	313.6386139	283.4577114	317.4009901	283.4577114	318.3415842	
14	32	33	281.318408	313.6386139	283.4577114	318.3415842	283.4577114	319.2821782	
14	33	34	281.318408	313.6386139	283.4577114	319.2821782	283.4577114	320.2227723	
15	122	47	283.4577114	302.3514851	284.875	301.075	285.5970149	302.3514851	
15	47	48	16	283.4577114	302.3514851	285.5970149	302.3514851	285.5970149	303.2920792	283.4577114	303.2920792	
15	121	122	283.4577114	302.3514851	282.725	301.075	284.875	301.075	
16	48	49	17	283.4577114	303.2920792	285.5970149	303.2920792	285.5970149	304.2326733	283.4577114	304.2326733	
17	49	50	18	283.4577114	304.2326733	285.5970149	304.2326733	285.5970149	305.1732673	283.4577114	305.1732673	
18	50	51	19	283.4577114	305.1732673	285.5970149	305.1732673	285.5970149	306.1138614	283.4577114	306.1138614	
19	51	52	20	283.4577114	306.1138614	285.5970149	306.1138614	285.5970149	307.0544554	283.4577114	307.0544554	
20	52	53	21	283.4577114	307.0544554	285.5970149	307.0544554	285.5970149	307.9950495	283.4577114	307.9950495	
21	53	54	22	283.4577114	307.9950495	285.5970149	307.9950495	285.5970149	308.9356436	283.4577114	308.9356436	
22	54	55	23	283.4577114	308.9356436	285.5970149	308.9356436	285.5970149	309.8762376	283.4577114	309.8762376	
23	55	56	24	283.4577114	309.8762376	285.5970149	309.8762376	285.5970149	310.8168317	283.4577114	310.8168317	
24	56	57	25	283.4577114	310.8168317	285.5970149	310.8168317	285.5970149	311.7574257	283.4577114	311.7574257	
25	57	58	26	283.4577114	311.7574257	285.5970149	311.7574257	285.5970149	312.6980198	283.4577114	312.6980198	
26	58	59	27	283.4577114	312.6980198	285.5970149	312.6980198	285.5970149	313.6386139	283.4577114	313.6386139	
27	59	60	28	283.4577114	313.6386139	285.5970149	313.6386139	285.5970149	314.5792079	283.4577114	314.5792079	
28	60	61	29	283.4577114	314.5792079	285.5970149	314.5792079	285.5970149	315.519802	283.4577114	315.519802	
29	61	62	30	283.4577114	315.519802	285.5970149	315.519802	285.5970149	316.460396	283.4577114	316.460396	
30	62	63	31	283.4577114	316.460396	285.5970149	316.460396	285.5970149	317.4009901	283.4577114	317.4009901	
31	63	64	32	283.4577114	317.4009901	285.5970149	317.4009901	285.5970149	318.3415842	283.4577114	318.3415842	
32	64	65	33	283.4577114	318.3415842	285.5970149	318.3415842	285.5970149	319.2821782	283.4577114	319.2821782	
33	65	66	34	283.4577114	319.2821782	285.5970149	319.2821782	285.5970149	320.2227723	283.4577114	320.2227723	
34	66	67	35	283.4577114	320.2227723	285.5970149	320.2227723	285.5970149	321.1633663	283.4577114	321.1633663	
35	67	68	36	283.4577114	321.1633663	285.5970149	321.1633663	285.5970149	322.1039604	283.4577114	322.1039604	
36	68	69	37	283.4577114	322.1039604	285.5970149	322.1039604	285.5970149	323.0445545	283.4577114	323.0445545	
37	69	70	38	283.4577114	323.0445545	285.5970149	323.0445545	285.5970149	323.9851485	283.4577114	323.9851485	
38	70	71	39	283.4577114	323.9851485	285.5970149	323.9851485	285.5970149	324.9257426	283.4577114	324.9257426	
39	71	72	40	283.4577114	324.9257426	285.5970149	324.9257426	285.5970149	325.8663366	283.4577114	325.8663366	
40	72	73	41	283.4577114	325.8663366	285.5970149	325.8663366	285.5970149	326.8069307	283.4577114	326.8069307	
41	73	74	42	283.4577114	326.8069307	285.5970149	326.8069307	285.5970149	327.7475248	283.4577114	327.7475248	
42	74	75	43	283.4577114	327.7475248	285.5970149	327.7475248	285.5970149	328.6881188	283.4577114	328.6881188	
43	75	76	44	283.4577114	328.6881188	285.5970149	328.6881188	285.5970149	329.6287129	283.4577114	329.6287129	
44	76	77	45	283.4577114	329.6287129	285.5970149	329.6287129	285.5970149	330.5693069	283.4577114	330.5693069	
45	77	78	46	283.4577114	330.5693069	285.5970149	330.5693069	285.5970149	331.509901	283.4577114	331.509901	
46	78	79	283.4577114	331.509901	285.5970149	331.509901	285.5970149	332.450495	
46	79	80	283.4577114	331.509901	285.5970149	332.450495	285.5970149	333.3910891	
46	80	81	283.4577114	331.509901	285.5970149	333.3910891	285.5970149	334.3316832	
46	81	82	283.4577114	331.509901	285.5970149	334.3316832	285.5970149	335.2722772	
46	82	83	283.4577114	331.509901	285.5970149	335.2722772	285.5970149	336.2128713	
46	83	84	283.4577114	331.509901	285.5970149	336.2128713	285.5970149	337.1534653	
46	84	85	283.4577114	331.509901	285.5970149	337.1534653	285.5970149	338.0940594	
46	85	86	283.4577114	331.509901	285.5970149	338.0940594	285.5970149	339.0346535	
46	86	87	283.4577114	331.509901	285.5970149	339.0346535	285.5970149	339.9752475	
46	87	88	283.4577114	331.509901	285.5970149	339.9752475	285.5970149	340.9158416	
46	88	89	283.4577114	331.509901	285.5970149	340.9158416	285.5970149	341.8564356	
46	89	90	283.4577114	331.509901	285.5970149	341.8564356	285.5970149	342.7970297	
47	123	48	285.5970149	302.3514851	388.075	301.075	285.5970149	303.2920792	
47	122	-1	285.5970149	302.3514851	284.875	301.075	285.5970149	300	
47	-1	123	285.5970149	302.3514851	285.5970149	300	388.075	301.075	
48	123	49	285.5970149	303.2920792	388.075	301.075	285.5970149	304.2326733	
49	123	50	285.5970149	304.2326733	388.075	301.075	285.5970149	305.1732673	
50	123	51	285.5970149	305.1732673	388.075	301.075	285.5970149	306.1138614	
51	123	98	285.5970149	306.1138614	388.075	301.075	388.2835821	306.1138614	
51	98	99	52	285.5970149	306.1138614	388.2835821	306.1138614	388.2835821	307.0544554	285.5970149	307.0544554	
52	99	100	53	285.5970149	307.0544554	388.2835821	307.0544554	388.2835821	307.9950495	285.5970149	307.9950495	
53	100	101	54	285.5970149	307.9950495	388.2835821	307.9950495	388.2835821	308.9356436	285.5970149	308.9356436	
54	101	102	55	285.5970149	308.9356436	388.2835821	308.9356436	388.2835821	309.8762376	285.5970149	309.8762376	
55	102	103	56	285.5970149	309.8762376	388.2835821	309.8762376	388.2835821	310.8168317	285.5970149	310.8168317	
56	103	104	57	285.5970149	310.8168317	388.2835821	310.8168317	388.2835821	311.7574257	285.5970149	311.7574257	
57	104	105	58	285.5970149	311.7574257	388.2835821	311.7574257	388.2835821	312.6980198	285.5970149	312.6980198	
58	105	106	59	285.5970149	312.6980198	388.2835821	312.6980198	388.2835821	313.6386139	285.5970149	313.6386139	
59	106	107	60	285.5970149	313.6386139	388.2835821	313.6386139	388.2835821	314.5792079	285.5970149	314.5792079	
60	107	108	61	285.5970149	314.5792079	388.2835821	314.5792079	388.2835821	315.519802	285.5970149	315.519802	
61	108	109	62	285.5970149	315.519802	388.2835821	315.519802	388.2835821	316.460396	285.5970149	316.460396	
62	109	110	63	285.5970149	316.460396	388.2835821	316.460396	388.2835821	317.4009901	285.5970149	317.4009901	
63	110	111	64	285.5970149	317.4009901	388.2835821	317.4009901	388.2835821	318.3415842	285.5970149	318.3415842	
64	111	112	65	285.5970149	318.3415842	388.2835821	318.3415842	388.2835821	319.2821782	285.5970149	319.2821782	
65	112	113	66	285.5970149	319.2821782	388.2835821	319.2821782	388.2835821	320.2227723	285.5970149	320.2227723	
66	113	114	67	285.5970149	320.2227723	388.2835821	320.2227723	388.2835821	321.1633663	285.5970149	321.1633663	
67	114	115	68	285.5970149	321.1633663	388.2835821	321.1633663	388.2835821	322.1039604	285.5970149	322.1039604	
68	115	116	69	285.5970149	322.1039604	388.2835821	322.1039604	388.2835821	323.0445545	285.5970149	323.0445545	
69	116	117	70	285.5970149	323.0445545	388.2835821	323.0445545	388.2835821	323.9851485	285.5970149	323.9851485	
70	117	118	71	285.5970149	323.9851485	388.2835821	323.9851485	388.2835821	324.9257426	285.5970149	324.9257426	
71	118	72	285.5970149	324.9257426	388.2835821	324.9257426	285.5970149	325.8663366	
72	118	73	285.5970149	325.8663366	388.2835821	324.9257426	285.5970149	326.8069307	
73	118	74	285.5970149	326.8069307	388.2835821	324.9257426	285.5970149	327.7475248	
74	118	75	285.5970149	327.7475248	388.2835821	324.9257426	285.5970149	328.6881188	
75	118	76	285.5970149	328.6881188	388.2835821	324.9257426	285.5970149	329.6287129	
76	118	77	285.5970149	329.6287129	388.2835821	324.9257426	285.5970149	330.5693069	
77	118	78	285.5970149	330.5693069	388.2835821	324.9257426	285.5970149	331.509901	
78	118	79	285.5970149	331.509901	388.2835821	324.9257426	285.5970149	332.450495	
79	118	80	285.5970149	332.450495	388.2835821	324.9257426	285.5970149	333.3910891	
80	118	81	285.5970149	333.3910891	388.2835821	324.9257426	285.5970149	334.3316832	
81	118	82	285.5970149	334.3316832	388.2835821	324.9257426	285.5970149	335.2722772	
82	118	83	285.5970149	335.2722772	388.2835821	324.9257426	285.5970149	336.2128713	
83	118	84	285.5970149	336.2128713	388.2835821	324.9257426	285.5970149	337.1534653	
84	118	85	285.5970149	337.1534653	388.2835821	324.9257426	285.5970149	338.0940594	
85	118	86	285.5970149	338.0940594	388.2835821	324.9257426	285.5970149	339.0346535	
86	118	87	285.5970149	339.0346535	388.2835821	324.9257426	285.5970149	339.9752475	
87	118	88	285.5970149	339.9752475	388.2835821	324.9257426	285.5970149	340.9158416	
88	118	89	285.5970149	340.9158416	388.2835821	324.9257426	285.5970149	341.8564356	
89	118	90	285.5970149	341.8564356	388.2835821	324.9257426	285.5970149	342.7970297	
90	118	91	285.5970149	342.7970297	388.2835821	324.9257426	285.5970149	343.7376238	
91	118	92	285.5970149	343.7376238	388.2835821	324.9257426	285.5970149	344.6782178	
92	118	93	285.5970149	344.6782178	388.2835821	324.9257426	285.5970149	345.6188119	
93	118	-1	285.5970149	345.6188119	388.2835821	324.9257426	285.5970149	450	
94	124	119	388.2835821	302.3514851	428.925	301.075	428.9303483	302.3514851	
94	119	95	388.2835821	302.3514851	428.9303483	302.3514851	388.2835821	303.2920792	
94	95	123	388.2835821	302.3514851	388.2835821	303.2920792	388.075	301.075	
94	123	-1	388.2835821	302.3514851	388.075	301.075	388.2835821	300	
94	-1	124	388.2835821	302.3514851	388.2835821	300	428.925	301.075	
95	119	96	388.2835821	303.2920792	428.9303483	302.3514851	388.2835821	304.2326733	
95	96	123	388.2835821	303.2920792	388.2835821	304.2326733	388.075	301.075	
96	119	97	388.2835821	304.2326733	428.9303483	302.3514851	388.2835821	305.1732673	
96	97	123	388.2835821	304.2326733	388.2835821	305.1732673	388.075	301.075	
97	119	98	388.2835821	305.1732673	428.9303483	302.3514851	388.2835821	306.1138614	
97	98	123	388.2835821	305.1732673	388.2835821	306.1138614	388.075	301.075	
98	119	99	388.2835821	306.1138614	428.9303483	302.3514851	388.2835821	307.0544554	
99	132	100	388.2835821	307.0544554	429.5192308	307.2115385	388.2835821	307.9950495	
99	119	132	388.2835821	307.0544554	428.9303483	302.3514851	429.5192308	307.2115385	
100	133	101	388.2835821	307.9950495	429.5192308	308.1730769	388.2835821	308.9356436	
100	132	133	388.2835821	307.9950495	429.5192308	307.2115385	429.5192308	308.1730769	
101	134	102	388.2835821	308.9356436	429.5192308	309.1346154	388.2835821	309.8762376	
101	133	134	388.2835821	308.9356436	429.5192308	308.1730769	429.5192308	309.1346154	
102	135	103	388.2835821	309.8762376	429.5192308	310.0961538	388.2835821	310.8168317	
102	134	135	388.2835821	309.8762376	429.5192308	309.1346154	429.5192308	310.0961538	
103	136	104	388.2835821	310.8168317	429.5192308	311.0576923	388.2835821	311.7574257	
103	135	136	388.2835821	310.8168317	429.5192308	310.0961538	429.5192308	311.0576923	
104	137	105	388.2835821	311.7574257	429.5192308	312.0192308	388.2835821	312.6980198	
104	136	137	388.2835821	311.7574257	429.5192308	311.0576923	429.5192308	312.0192308	
105	138	106	388.2835821	312.6980198	429.5192308	312.9807692	388.2835821	313.6386139	
105	137	138	388.2835821	312.6980198	429.5192308	312.0192308	429.5192308	312.9807692	
106	139	107	388.2835821	313.6386139	429.5192308	313.9423077	388.2835821	314.5792079	
106	138	139	388.2835821	313.6386139	429.5192308	312.9807692	429.5192308	313.9423077	
107	140	108	388.2835821	314.5792079	429.5192308	314.9038462	388.2835821	315.519802	
107	139	140	388.2835821	314.5792079	429.5192308	313.9423077	429.5192308	314.9038462	
108	141	109	388.2835821	315.519802	429.5192308	315.8653846	388.2835821	316.460396	
108	140	141	388.2835821	315.519802	429.5192308	314.9038462	429.5192308	315.8653846	
109	142	110	388.2835821	316.460396	429.5192308	316.8269231	388.2835821	317.4009901	
109	141	142	388.2835821	316.460396	429.5192308	315.8653846	429.5192308	316.8269231	
110	143	111	388.2835821	317.4009901	429.5192308	317.7884615	388.2835821	318.3415842	
110	142	143	388.2835821	317.4009901	429.5192308	316.8269231	429.5192308	317.7884615	
111	144	112	388.2835821	318.3415842	429.5192308	318.75	388.2835821	319.2821782	
111	143	144	388.2835821	318.3415842	429.5192308	317.7884615	429.5192308	318.75	
112	145	113	388.2835821	319.2821782	429.5192308	319.7115385	388.2835821	320.2227723	
112	144	145	388.2835821	319.2821782	429.5192308	318.75	429.5192308	319.7115385	
113	146	114	388.2835821	320.2227723	429.5192308	320.6730769	388.2835821	321.1633663	
113	145	146	388.2835821	320.2227723	429.5192308	319.7115385	429.5192308	320.6730769	
114	147	115	388.2835821	321.1633663	429.5192308	321.6346154	388.2835821	322.1039604	
114	146	147	388.2835821	321.1633663	429.5192308	320.6730769	429.5192308	321.6346154	
115	148	116	388.2835821	322.1039604	429.5192308	322.5961538	388.2835821	323.0445545	
115	147	148	388.2835821	322.1039604	429.5192308	321.6346154	429.5192308	322.5961538	
116	149	117	388.2835821	323.0445545	429.5192308	323.5576923	388.2835821	323.9851485	
116	148	149	388.2835821	323.0445545	429.5192308	322.5961538	429.5192308	323.5576923	
117	150	118	388.2835821	323.9851485	429.5192308	324.5192308	388.2835821	324.9257426	
117	149	150	388.2835821	323.9851485	429.5192308	323.5576923	429.5192308	324.5192308	
118	152	-1	388.2835821	324.9257426	429.5192308	326.4423077	388.2835821	450	
118	150	151	388.2835821	324.9257426	429.5192308	324.5192308	429.5192308	325.4807692	
118	151	152	388.2835821	324.9257426	429.5192308	325.4807692	429.5192308	326.4423077	
119	124	126	428.9303483	302.3514851	428.925	301.075	429.5192308	301.4423077	
119	126	127	428.9303483	302.3514851	429.5192308	301.4423077	429.5192308	302.4038462	
119	127	128	428.9303483	302.3514851	429.5192308	302.4038462	429.5192308	303.3653846	
119	128	129	428.9303483	302.3514851	429.5192308	303.3653846	429.5192308	304.3269231	
119	129	130	428.9303483	302.3514851	429.5192308	304.3269231	429.5192308	305.2884615	
119	130	131	428.9303483	302.3514851	429.5192308	305.2884615	429.5192308	306.25	
119	131	132	428.9303483	302.3514851	429.5192308	306.25	429.5192308	307.2115385	
120	-1	-1	121	280.575	301.075	280.575	300	282.725	300	282.725	301.075	
121	-1	-1	122	282.725	301.075	282.725	300	284.875	300	284.875	301.075	
124	-1	125	428.925	301.075	428.925	300	429.5192308	300.4807692	
124	125	126	428.925	301.075	429.5192308	300.4807692	429.5192308	301.4423077	
125	-1	-1	429.5192308	300.4807692	429.5192308	300	430	300.4807692	
125	-1	-1	126	429.5192308	300.4807692	430	300.4807692	430	301.4423077	429.5192308	301.4423077	
126	-1	-1	127	429.5192308	301.4423077	430	301.4423077	430	302.4038462	429.5192308	302.4038462	
127	-1	-1	128	429.5192308	302.4038462	430	302.4038462	430	303.3653846	429.5192308	303.3653846	
128	-1	-1	129	429.5192308	303.3653846	430	303.3653846	430	304.3269231	429.5192308	304.3269231	
129	-1	-1	130	429.5192308	304.3269231	430	304.3269231	430	305.2884615	429.5192308	305.2884615	
130	-1	-1	131	429.5192308	305.2884615	430	305.2884615	430	306.25	429.5192308	306.25	
131	-1	-1	132	429.5192308	306.25	430	306.25	430	307.2115385	429.5192308	307.2115385	
132	-1	-1	133	429.5192308	307.2115385	430	307.2115385	430	308.1730769	429.5192308	308.1730769	
133	-1	-1	134	429.5192308	308.1730769	430	308.1730769	430	309.1346154	429.5192308	309.1346154	
134	-1	-1	135	429.5192308	309.1346154	430	309.1346154	430	310.0961538	429.5192308	310.0961538	
135	-1	-1	136	429.5192308	310.0961538	430	310.0961538	430	311.0576923	429.5192308	311.0576923	
136	-1	-1	137	429.5192308	311.0576923	430	311.0576923	430	312.0192308	429.5192308	312.0192308	
137	-1	-1	138	429.5192308	312.0192308	430	312.0192308	430	312.9807692	429.5192308	312.9807692	
138	-1	-1	139	429.5192308	312.9807692	430	312.9807692	430	313.9423077	429.5192308	313.9423077	
139	-1	-1	140	429.5192308	313.9423077	430	313.9423077	430	314.9038462	429.5192308	314.9038462	
140	-1	-1	141	429.5192308	314.9038462	430	314.9038462	430	315.8653846	429.5192308	315.8653846	
141	-1	-1	142	429.5192308	315.8653846	430	315.8653846	430	316.8269231	429.5192308	316.8269231	
142	-1	-1	143	429.5192308	316.8269231	430	316.8269231	430	317.7884615	429.5192308	317.7884615	
143	-1	-1	144	429.5192308	317.7884615	430	317.7884615	430	318.75	429.5192308	318.75	
144	-1	-1	145	429.5192308	318.75	430	318.75	430	319.7115385	429.5192308	319.7115385	
145	-1	-1	146	429.5192308	319.7115385	430	319.7115385	430	320.6730769	429.5192308	320.6730769	
146	-1	-1	147	429.5192308	320.6730769	430	320.6730769	430	321.6346154	429.5192308	321.6346154	
147	-1	-1	148	429.5192308	321.6346154	430	321.6346154	430	322.5961538	429.5192308	322.5961538	
148	-1	-1	149	429.5192308	322.5961538	430	322.5961538	430	323.5576923	429.5192308	323.5576923	
149	-1	-1	150	429.5192308	323.5576923	430	323.5576923	430	324.5192308	429.5192308	324.5192308	
150	-1	-1	151	429.5192308	324.5192308	430	324.5192308	430	325.4807692	429.5192308	325.4807692	
151	-1	-1	152	429.5192308	325.4807692	430	325.4807692	430	326.4423077	429.5192308	326.4423077	
152	-1	-1	429.5192308	326.4423077	430	326.4423077	429.5192308	450	
