# R2D2 grid
264.2039801	311.7574257	2	12	5	271.374365	304.8605145	6	271.6756152	305.6435644	7	271.9857806	306.5841584	8	272.2442517	307.5247525	9	272.4510286	308.4653465	10	272.6061113	309.4059406	11	272.7094998	310.3465347	12	272.761194	311.2871287	1	272.761194	312.2277228	-1	-0	312.2277228	-1	0	300	120	268.2027798	300	
264.2039801	312.6980198	2	22	-1	88.94274542	450	-1	0	450	0	-0	312.2277228	13	272.761194	312.2277228	14	272.761194	313.1683168	34	272.3756236	320.1839015	35	272.1766304	320.6930693	36	271.7630765	321.6336634	37	271.3035723	322.5742574	38	270.7981176	323.5148515	39	270.2467124	324.4554455	40	269.6493569	325.3960396	41	269.0060509	326.3366337	42	268.3167945	327.2772277	43	267.5815876	328.2178218	44	266.8004304	329.1584158	45	265.9733227	330.0990099	46	265.1002646	331.039604	90	253.353833	343.0619336	91	253.0648544	343.2673267	92	251.7001267	344.2079208	93	250.2940436	345.1485149	
281.318408	302.3514851	2	4	15	282.3880597	302.1169394	3	282.3880597	302.8217822	120	279.0432614	302.8217822	121	281.65	301.3036523	
281.318408	303.2920792	2	4	2	279.0432614	302.8217822	16	282.3880597	302.8217822	4	282.3880597	303.7623762	120	276.2381105	303.7623762	
281.318408	304.2326733	2	4	3	276.2381105	303.7623762	17	282.3880597	303.7623762	5	282.3880597	304.7029703	120	272.2428766	304.7029703	
281.318408	305.1732673	2	5	4	272.2428766	304.7029703	18	282.3880597	304.7029703	6	282.3880597	305.6435644	0	271.6756152	305.6435644	120	271.374365	304.8605145	
281.318408	306.1138614	2	4	7	282.3880597	306.5841584	0	271.9857806	306.5841584	5	271.6756152	305.6435644	19	282.3880597	305.6435644	
281.318408	307.0544554	2	4	8	282.3880597	307.5247525	0	272.2442517	307.5247525	6	271.9857806	306.5841584	20	282.3880597	306.5841584	
281.318408	307.9950495	2	4	9	282.3880597	308.4653465	0	272.4510286	308.4653465	7	272.2442517	307.5247525	21	282.3880597	307.5247525	
281.318408	308.9356436	2	4	10	282.3880597	309.4059406	0	272.6061113	309.4059406	8	272.4510286	308.4653465	22	282.3880597	308.4653465	
281.318408	309.8762376	2	4	11	282.3880597	310.3465347	0	272.7094998	310.3465347	9	272.6061113	309.4059406	23	282.3880597	309.4059406	
281.318408	310.8168317	2	4	12	282.3880597	311.2871287	0	272.761194	311.2871287	10	272.7094998	310.3465347	24	282.3880597	310.3465347	
281.318408	311.7574257	2	4	13	282.3880597	312.2277228	0	272.761194	312.2277228	11	272.761194	311.2871287	25	282.3880597	311.2871287	
281.318408	312.6980198	2	4	14	282.3880597	313.1683168	1	272.761194	313.1683168	12	272.761194	312.2277228	26	282.3880597	312.2277228	
281.318408	313.6386139	2	10	1	272.3756236	320.1839015	13	272.761194	313.1683168	27	282.3880597	313.1683168	28	282.3880597	314.1089109	29	281.9745059	315.049505	30	281.1473982	315.990099	31	279.9067366	316.9306931	32	278.2525212	317.8712871	33	276.184752	318.8118812	34	273.7034289	319.7524752	
283.4577114	302.3514851	2	5	47	284.5273632	302.1140712	16	284.5273632	302.8217822	2	282.3880597	302.8217822	121	282.3880597	302.1169394	122	283.8	301.3064758	
283.4577114	303.2920792	2	4	17	284.5273632	303.7623762	3	282.3880597	303.7623762	15	282.3880597	302.8217822	48	284.5273632	302.8217822	
283.4577114	304.2326733	2	4	18	284.5273632	304.7029703	4	282.3880597	304.7029703	16	282.3880597	303.7623762	49	284.5273632	303.7623762	
283.4577114	305.1732673	2	4	19	284.5273632	305.6435644	5	282.3880597	305.6435644	17	282.3880597	304.7029703	50	284.5273632	304.7029703	
283.4577114	306.1138614	2	4	20	284.5273632	306.5841584	6	282.3880597	306.5841584	18	282.3880597	305.6435644	51	284.5273632	305.6435644	
283.4577114	307.0544554	2	4	21	284.5273632	307.5247525	7	282.3880597	307.5247525	19	282.3880597	306.5841584	52	284.5273632	306.5841584	
283.4577114	307.9950495	2	4	22	284.5273632	308.4653465	8	282.3880597	308.4653465	20	282.3880597	307.5247525	53	284.5273632	307.5247525	
283.4577114	308.9356436	2	4	23	284.5273632	309.4059406	9	282.3880597	309.4059406	21	282.3880597	308.4653465	54	284.5273632	308.4653465	
283.4577114	309.8762376	2	4	24	284.5273632	310.3465347	10	282.3880597	310.3465347	22	282.3880597	309.4059406	55	284.5273632	309.4059406	
283.4577114	310.8168317	2	4	25	284.5273632	311.2871287	11	282.3880597	311.2871287	23	282.3880597	310.3465347	56	284.5273632	310.3465347	
283.4577114	311.7574257	2	4	26	284.5273632	312.2277228	12	282.3880597	312.2277228	24	282.3880597	311.2871287	57	284.5273632	311.2871287	
283.4577114	312.6980198	2	4	27	284.5273632	313.1683168	13	282.3880597	313.1683168	25	282.3880597	312.2277228	58	284.5273632	312.2277228	
283.4577114	313.6386139	2	4	28	284.5273632	314.1089109	14	282.3880597	314.1089109	26	282.3880597	313.1683168	59	284.5273632	313.1683168	
283.4577114	314.5792079	2	4	29	284.5273632	315.049505	14	281.9745059	315.049505	27	282.3880597	314.1089109	60	284.5273632	314.1089109	
283.4577114	315.519802	2	4	30	284.5273632	315.990099	14	281.1473982	315.990099	28	281.9745059	315.049505	61	284.5273632	315.049505	
283.4577114	316.460396	2	4	31	284.5273632	316.9306931	14	279.9067366	316.9306931	29	281.1473982	315.990099	62	284.5273632	315.990099	
283.4577114	317.4009901	2	4	32	284.5273632	317.8712871	14	278.2525212	317.8712871	30	279.9067366	316.9306931	63	284.5273632	316.9306931	
283.4577114	318.3415842	2	4	33	284.5273632	318.8118812	14	276.184752	318.8118812	31	278.2525212	317.8712871	64	284.5273632	317.8712871	
283.4577114	319.2821782	2	4	34	284.5273632	319.7524752	14	273.7034289	319.7524752	32	276.184752	318.8118812	65	284.5273632	318.8118812	
283.4577114	320.2227723	2	5	35	284.5273632	320.6930693	1	272.1766304	320.6930693	14	272.3756236	320.1839015	33	273.7034289	319.7524752	66	284.5273632	319.7524752	
283.4577114	321.1633663	2	4	36	284.5273632	321.6336634	1	271.7630765	321.6336634	34	272.1766304	320.6930693	67	284.5273632	320.6930693	
283.4577114	322.1039604	2	4	37	284.5273632	322.5742574	1	271.3035723	322.5742574	35	271.7630765	321.6336634	68	284.5273632	321.6336634	
283.4577114	323.0445545	2	4	38	284.5273632	323.5148515	1	270.7981176	323.5148515	36	271.3035723	322.5742574	69	284.5273632	322.5742574	
283.4577114	323.9851485	2	4	39	284.5273632	324.4554455	1	270.2467124	324.4554455	37	270.7981176	323.5148515	70	284.5273632	323.5148515	
283.4577114	324.9257426	2	4	40	284.5273632	325.3960396	1	269.6493569	325.3960396	38	270.2467124	324.4554455	71	284.5273632	324.4554455	
283.4577114	325.8663366	2	4	41	284.5273632	326.3366337	1	269.0060509	326.3366337	39	269.6493569	325.3960396	72	284.5273632	325.3960396	
283.4577114	326.8069307	2	4	42	284.5273632	327.2772277	1	268.3167945	327.2772277	40	269.0060509	326.3366337	73	284.5273632	326.3366337	
283.4577114	327.7475248	2	4	43	284.5273632	328.2178218	1	267.5815876	328.2178218	41	268.3167945	327.2772277	74	284.5273632	327.2772277	
283.4577114	328.6881188	2	4	44	284.5273632	329.1584158	1	266.8004304	329.1584158	42	267.5815876	328.2178218	75	284.5273632	328.2178218	
283.4577114	329.6287129	2	4	45	284.5273632	330.0990099	1	265.9733227	330.0990099	43	266.8004304	329.1584158	76	284.5273632	329.1584158	
283.4577114	330.5693069	2	4	46	284.5273632	331.039604	1	265.1002646	331.039604	44	265.9733227	330.0990099	77	284.5273632	330.0990099	
283.4577114	331.509901	2	15	1	253.353833	343.0619336	45	265.1002646	331.039604	78	284.5273632	331.039604	79	284.5273632	331.980198	80	284.1138093	332.9207921	81	283.2867016	333.8613861	82	282.0460401	334.8019802	83	280.3918247	335.7425743	84	278.3240555	336.6831683	85	275.8427324	337.6237624	86	272.9478555	338.5643564	87	269.6394247	339.5049505	88	265.9174401	340.4455446	89	261.7819016	341.3861386	90	257.2328093	342.3267327	
285.5970149	302.3514851	2	5	48	336.8498156	302.8217822	15	284.5273632	302.8217822	122	284.5273632	302.1140712	-1	288.264932	300	123	336.814667	300	
285.5970149	303.2920792	2	4	49	336.8701651	303.7623762	16	284.5273632	303.7623762	47	284.5273632	302.8217822	123	336.8498156	302.8217822	
285.5970149	304.2326733	2	4	50	336.8991478	304.7029703	17	284.5273632	304.7029703	48	284.5273632	303.7623762	123	336.8701651	303.7623762	
285.5970149	305.1732673	2	4	51	336.9367637	305.6435644	18	284.5273632	305.6435644	49	284.5273632	304.7029703	123	336.8991478	304.7029703	
285.5970149	306.1138614	2	5	98	336.9402985	305.7154527	52	336.9402985	306.5841584	19	284.5273632	306.5841584	50	284.5273632	305.6435644	123	336.9367637	305.6435644	
285.5970149	307.0544554	2	4	53	336.9402985	307.5247525	20	284.5273632	307.5247525	51	284.5273632	306.5841584	99	336.9402985	306.5841584	
285.5970149	307.9950495	2	4	54	336.9402985	308.4653465	21	284.5273632	308.4653465	52	284.5273632	307.5247525	100	336.9402985	307.5247525	
285.5970149	308.9356436	2	4	55	336.9402985	309.4059406	22	284.5273632	309.4059406	53	284.5273632	308.4653465	101	336.9402985	308.4653465	
285.5970149	309.8762376	2	4	56	336.9402985	310.3465347	23	284.5273632	310.3465347	54	284.5273632	309.4059406	102	336.9402985	309.4059406	
285.5970149	310.8168317	2	4	57	336.9402985	311.2871287	24	284.5273632	311.2871287	55	284.5273632	310.3465347	103	336.9402985	310.3465347	
285.5970149	311.7574257	2	4	58	336.9402985	312.2277228	25	284.5273632	312.2277228	56	284.5273632	311.2871287	104	336.9402985	311.2871287	
285.5970149	312.6980198	2	4	59	336.9402985	313.1683168	26	284.5273632	313.1683168	57	284.5273632	312.2277228	105	336.9402985	312.2277228	
285.5970149	313.6386139	2	4	60	336.9402985	314.1089109	27	284.5273632	314.1089109	58	284.5273632	313.1683168	106	336.9402985	313.1683168	
285.5970149	314.5792079	2	4	61	336.9402985	315.049505	28	284.5273632	315.049505	59	284.5273632	314.1089109	107	336.9402985	314.1089109	
285.5970149	315.519802	2	4	62	336.9402985	315.990099	29	284.5273632	315.990099	60	284.5273632	315.049505	108	336.9402985	315.0495049	
285.5970149	316.460396	2	4	63	336.9402985	316.9306931	30	284.5273632	316.9306931	61	284.5273632	315.990099	109	336.9402985	315.990099	
285.5970149	317.4009901	2	4	64	336.9402985	317.8712871	31	284.5273632	317.8712871	62	284.5273632	316.9306931	110	336.9402985	316.9306931	
285.5970149	318.3415842	2	4	65	336.9402985	318.8118812	32	284.5273632	318.8118812	63	284.5273632	317.8712871	111	336.9402985	317.8712871	
285.5970149	319.2821782	2	4	66	336.9402985	319.7524752	33	284.5273632	319.7524752	64	284.5273632	318.8118812	112	336.9402985	318.8118812	
285.5970149	320.2227723	2	4	67	336.9402985	320.6930693	34	284.5273632	320.6930693	65	284.5273632	319.7524752	113	336.9402985	319.7524752	
285.5970149	321.1633663	2	4	68	336.9402985	321.6336634	35	284.5273632	321.6336634	66	284.5273632	320.6930693	114	336.9402985	320.6930693	
285.5970149	322.1039604	2	4	69	336.9402985	322.5742574	36	284.5273632	322.5742574	67	284.5273632	321.6336634	115	336.9402985	321.6336634	
285.5970149	323.0445545	2	4	70	336.9402985	323.5148515	37	284.5273632	323.5148515	68	284.5273632	322.5742574	116	336.9402985	322.5742574	
285.5970149	323.9851485	2	4	71	336.9402985	324.4554455	38	284.5273632	324.4554455	69	284.5273632	323.5148515	117	336.9402985	323.5148515	
285.5970149	324.9257426	2	4	72	336.9402985	325.3960396	39	284.5273632	325.3960396	70	284.5273632	324.4554455	118	336.9402985	324.4554455	
285.5970149	325.8663366	2	4	73	336.9489142	326.3366337	40	284.5273632	326.3366337	71	284.5273632	325.3960396	118	336.9402985	325.3960396	
285.5970149	326.8069307	2	4	74	336.9661456	327.2772277	41	284.5273632	327.2772277	72	284.5273632	326.3366337	118	336.9489142	326.3366337	
285.5970149	327.7475248	2	4	75	336.9919927	328.2178218	42	284.5273632	328.2178218	73	284.5273632	327.2772277	118	336.9661456	327.2772277	
285.5970149	328.6881188	2	4	76	337.0264556	329.1584158	43	284.5273632	329.1584158	74	284.5273632	328.2178218	118	336.9919927	328.2178218	
285.5970149	329.6287129	2	4	77	337.0695341	330.0990099	44	284.5273632	330.0990099	75	284.5273632	329.1584158	118	337.0264556	329.1584158	
285.5970149	330.5693069	2	4	78	337.1212283	331.039604	45	284.5273632	331.039604	76	284.5273632	330.0990099	118	337.0695341	330.0990099	
285.5970149	331.509901	2	4	79	337.1815383	331.980198	46	284.5273632	331.980198	77	284.5273632	331.039604	118	337.1212283	331.039604	
285.5970149	332.450495	2	4	80	337.2504639	332.9207921	46	284.1138093	332.9207921	78	284.5273632	331.980198	118	337.1815383	331.980198	
285.5970149	333.3910891	2	4	81	337.3280052	333.8613861	46	283.2867016	333.8613861	79	284.1138093	332.9207921	118	337.2504639	332.9207921	
285.5970149	334.3316832	2	4	82	337.4141623	334.8019802	46	282.0460401	334.8019802	80	283.2867016	333.8613861	118	337.3280052	333.8613861	
285.5970149	335.2722772	2	4	83	337.508935	335.7425743	46	280.3918247	335.7425743	81	282.0460401	334.8019802	118	337.4141623	334.8019802	
285.5970149	336.2128713	2	4	84	337.6123235	336.6831683	46	278.3240555	336.6831683	82	280.3918247	335.7425743	118	337.508935	335.7425743	
285.5970149	337.1534653	2	4	85	337.7243277	337.6237624	46	275.8427324	337.6237624	83	278.3240555	336.6831683	118	337.6123235	336.6831683	
285.5970149	338.0940594	2	4	86	337.8449475	338.5643564	46	272.9478555	338.5643564	84	275.8427324	337.6237624	118	337.7243277	337.6237624	
285.5970149	339.0346535	2	4	87	337.9741831	339.5049505	46	269.6394247	339.5049505	85	272.9478555	338.5643564	118	337.8449475	338.5643564	
285.5970149	339.9752475	2	4	88	338.1120344	340.4455446	46	265.9174401	340.4455446	86	269.6394247	339.5049505	118	337.9741831	339.5049505	
285.5970149	340.9158416	2	4	89	338.2585014	341.3861386	46	261.7819016	341.3861386	87	265.9174401	340.4455446	118	338.1120344	340.4455446	
285.5970149	341.8564356	2	4	90	338.4135841	342.3267327	46	257.2328093	342.3267327	88	261.7819016	341.3861386	118	338.2585014	341.3861386	
285.5970149	342.7970297	2	5	91	338.5772825	343.2673267	1	253.0648544	343.2673267	46	253.353833	343.0619336	89	257.2328093	342.3267327	118	338.4135841	342.3267327	
285.5970149	343.7376238	2	4	92	338.7495966	344.2079208	1	251.7001267	344.2079208	90	253.0648544	343.2673267	118	338.5772825	343.2673267	
285.5970149	344.6782178	2	4	93	338.9305264	345.1485149	1	250.2940436	345.1485149	91	251.7001267	344.2079208	118	338.7495966	344.2079208	
285.5970149	345.6188119	2	4	-1	360.0598631	450	1	88.94274542	450	92	250.2940436	345.1485149	118	338.9305264	345.1485149	
388.2835821	302.3514851	2	5	119	408.6069652	301.7983829	95	408.6069652	302.8217822	123	381.3952266	302.8217822	-1	398.6640297	300	124	408.5504807	300	
388.2835821	303.2920792	2	4	94	381.3952266	302.8217822	119	408.6069652	302.8217822	96	408.6287312	303.7623762	123	371.397381	303.7623762	
388.2835821	304.2326733	2	4	95	371.397381	303.7623762	119	408.6287312	303.7623762	97	408.6722631	304.7029703	123	357.1579574	304.7029703	
388.2835821	305.1732673	2	4	96	357.1579574	304.7029703	119	408.6722631	304.7029703	98	408.7375611	305.6435644	123	338.676956	305.6435644	
388.2835821	306.1138614	2	5	97	338.676956	305.6435644	119	408.7375611	305.6435644	99	408.8246251	306.5841584	51	336.9402985	306.5841584	123	336.9402985	305.7154527	
388.2835821	307.0544554	2	5	100	408.8999141	307.5247525	52	336.9402985	307.5247525	98	336.9402985	306.5841584	119	408.8246251	306.5841584	132	408.9009832	307.244105	
388.2835821	307.9950495	2	5	101	408.8997603	308.4653465	53	336.9402985	308.4653465	99	336.9402985	307.5247525	132	408.8999141	307.5247525	133	408.9030978	307.6923077	
388.2835821	308.9356436	2	5	102	408.8996172	309.4059406	54	336.9402985	309.4059406	100	336.9402985	308.4653465	133	408.8997603	308.4653465	134	408.9032462	308.6538462	
388.2835821	309.8762376	2	5	103	408.8994847	310.3465347	55	336.9402985	310.3465347	101	336.9402985	309.4059406	134	408.8996172	309.4059406	135	408.903384	309.6153846	
388.2835821	310.8168317	2	5	104	408.8993628	311.2871287	56	336.9402985	311.2871287	102	336.9402985	310.3465347	135	408.8994847	310.3465347	136	408.9035112	310.5769231	
388.2835821	311.7574257	2	5	105	408.8992516	312.2277228	57	336.9402985	312.2277228	103	336.9402985	311.2871287	136	408.8993628	311.2871287	137	408.9036277	311.5384615	
388.2835821	312.6980198	2	5	106	408.899151	313.1683168	58	336.9402985	313.1683168	104	336.9402985	312.2277228	137	408.8992516	312.2277228	138	408.9037336	312.5	
388.2835821	313.6386139	2	5	107	408.8990611	314.1089109	59	336.9402985	314.1089109	105	336.9402985	313.1683168	138	408.899151	313.1683168	139	408.9038289	313.4615385	
388.2835821	314.5792079	2	5	108	408.8989818	315.049505	60	336.9402985	315.049505	106	336.9402985	314.1089109	139	408.8990611	314.1089109	140	408.9039135	314.4230769	
388.2835821	315.519802	2	5	109	408.8989131	315.990099	61	336.9402985	315.990099	107	336.9402985	315.049505	140	408.8989818	315.049505	141	408.9039875	315.3846154	
388.2835821	316.460396	2	5	110	408.8988551	316.9306931	62	336.9402985	316.9306931	108	336.9402985	315.990099	141	408.8989131	315.990099	142	408.9040508	316.3461538	
388.2835821	317.4009901	2	5	111	408.8988077	317.8712871	63	336.9402985	317.8712871	109	336.9402985	316.9306931	142	408.8988551	316.9306931	143	408.9041035	317.3076923	
388.2835821	318.3415842	2	5	112	408.898771	318.8118812	64	336.9402985	318.8118812	110	336.9402985	317.8712871	143	408.8988077	317.8712871	144	408.9041456	318.2692308	
388.2835821	319.2821782	2	5	113	408.8987449	319.7524752	65	336.9402985	319.7524752	111	336.9402985	318.8118812	144	408.898771	318.8118812	145	408.904177	319.2307692	
388.2835821	320.2227723	2	5	114	408.8987294	320.6930693	66	336.9402985	320.6930693	112	336.9402985	319.7524752	145	408.8987449	319.7524752	146	408.9041978	320.1923077	
388.2835821	321.1633663	2	5	115	408.8987245	321.6336634	67	336.9402985	321.6336634	113	336.9402985	320.6930693	146	408.8987294	320.6930693	147	408.904208	321.1538462	
388.2835821	322.1039604	2	5	116	408.8987303	322.5742574	68	336.9402985	322.5742574	114	336.9402985	321.6336634	147	408.8987245	321.6336634	148	408.9042075	322.1153846	
388.2835821	323.0445545	2	5	117	408.8987468	323.5148515	69	336.9402985	323.5148515	115	336.9402985	322.5742574	148	408.8987303	322.5742574	149	408.9041964	323.0769231	
388.2835821	323.9851485	2	5	118	408.8987739	324.4554455	70	336.9402985	324.4554455	116	336.9402985	323.5148515	149	408.8987468	323.5148515	150	408.9041746	324.0384615	
388.2835821	324.9257426	2	28	-1	404.3293122	450	93	360.0598631	450	92	338.9305264	345.1485149	91	338.7495966	344.2079208	90	338.5772825	343.2673267	89	338.4135841	342.3267327	88	338.2585014	341.3861386	87	338.1120344	340.4455446	86	337.9741831	339.5049505	85	337.8449475	338.5643564	84	337.7243277	337.6237624	83	337.6123235	336.6831683	82	337.508935	335.7425743	81	337.4141623	334.8019802	80	337.3280052	333.8613861	79	337.2504639	332.9207921	78	337.1815383	331.980198	77	337.1212283	331.039604	76	337.0695341	330.0990099	75	337.0264556	329.1584158	74	336.9919927	328.2178218	73	336.9661456	327.2772277	72	336.9489142	326.3366337	71	336.9402985	325.3960396	117	336.9402985	324.4554455	150	408.8987739	324.4554455	151	408.9041422	325	152	408.8912	325.9615385	
428.9303483	302.3514851	2	14	99	408.9009832	307.244105	98	408.8246251	306.5841584	97	408.7375611	305.6435644	96	408.6722631	304.7029703	95	408.6287312	303.7623762	94	408.6069652	302.8217822	124	408.6069652	301.7983829	126	428.9411586	301.7131861	127	429.2652097	301.9230769	128	429.1797136	302.8846154	129	427.5241995	303.8461538	130	424.2986672	304.8076923	131	419.5031168	305.7692308	132	413.1375483	306.7307692	
280.575	301.075	2	7	2	281.65	301.3036523	3	279.0432614	302.8217822	4	276.2381105	303.7623762	5	272.2428766	304.7029703	0	271.374365	304.8605145	-1	268.2027798	300	121	281.65	300	
282.725	301.075	2	5	15	283.8	301.3064758	2	282.3880597	302.1169394	120	281.65	301.3036523	-1	281.65	300	122	283.8	300	
284.875	301.075	2	4	121	283.8	301.3064758	-1	283.8	300	47	288.264932	300	15	284.5273632	302.1140712	
388.075	301.075	2	11	47	336.8498156	302.8217822	-1	336.814667	300	94	398.6640297	300	95	381.3952266	302.8217822	96	371.397381	303.7623762	97	357.1579574	304.7029703	98	338.676956	305.6435644	51	336.9402985	305.7154527	50	336.9367637	305.6435644	49	336.8991478	304.7029703	48	336.8701651	303.7623762	
428.925	301.075	2	5	94	408.6069652	301.7983829	-1	408.5504807	300	125	428.4442308	300	126	429.4057692	300.9615385	119	428.9411586	301.7131861	
429.5192308	300.4807692	2	4	124	429.4057692	300.9615385	-1	428.4442308	300	-1	430	300	126	430	300.9615385	
429.5192308	301.4423077	2	5	119	429.2652097	301.9230769	124	428.9411586	301.7131861	125	429.4057692	300.9615385	-1	430	300.9615385	127	430	301.9230769	
429.5192308	302.4038462	2	4	119	429.1797136	302.8846154	126	429.2652097	301.9230769	-1	430	301.9230769	128	430	302.8846154	
429.5192308	303.3653846	2	4	119	427.5241995	303.8461538	127	429.1797136	302.8846154	-1	430	302.8846154	129	430	303.8461538	
429.5192308	304.3269231	2	4	119	424.2986672	304.8076923	128	427.5241995	303.8461538	-1	430	303.8461538	130	430	304.8076923	
429.5192308	305.2884615	2	4	119	419.5031168	305.7692308	129	424.2986672	304.8076923	-1	430	304.8076923	131	430	305.7692308	
429.5192308	306.25	2	4	119	413.1375483	306.7307692	130	419.5031168	305.7692308	-1	430	305.7692308	132	430	306.7307692	
429.5192308	307.2115385	2	6	119	408.9009832	307.244105	131	413.1375483	306.7307692	-1	430	306.7307692	133	430	307.6923077	100	408.9030978	307.6923077	99	408.8999141	307.5247525	
429.5192308	308.1730769	2	5	100	408.8997603	308.4653465	132	408.9030978	307.6923077	-1	430	307.6923077	134	430	308.6538462	101	408.9032462	308.6538462	
429.5192308	309.1346154	2	5	101	408.8996172	309.4059406	133	408.9032462	308.6538462	-1	430	308.6538462	135	430	309.6153846	102	408.903384	309.6153846	
429.5192308	310.0961538	2	5	102	408.8994847	310.3465347	134	408.903384	309.6153846	-1	430	309.6153846	136	430	310.5769231	103	408.9035112	310.5769231	
429.5192308	311.0576923	2	5	103	408.8993628	311.2871287	135	408.9035112	310.5769231	-1	430	310.5769231	137	430	311.5384615	104	408.9036277	311.5384615	
429.5192308	312.0192308	2	5	104	408.8992516	312.2277228	136	408.9036277	311.5384615	-1	430	311.5384615	138	430	312.5	105	408.9037336	312.5	
429.5192308	312.9807692	2	5	105	408.899151	313.1683168	137	408.9037336	312.5	-1	430	312.5	139	430	313.4615385	106	408.9038289	313.4615385	
429.5192308	313.9423077	2	5	106	408.8990611	314.1089109	138	408.9038289	313.4615385	-1	430	313.4615385	140	430	314.4230769	107	408.9039135	314.4230769	
429.5192308	314.9038462	2	5	107	408.8989818	315.049505	139	408.9039135	314.4230769	-1	430	314.4230769	141	430	315.3846154	108	408.9039875	315.3846154	
429.5192308	315.8653846	2	5	108	408.8989131	315.990099	140	408.9039875	315.3846154	-1	430	315.3846154	142	430	316.3461538	109	408.9040508	316.3461538	
429.5192308	316.8269231	2	5	109	408.8988551	316.9306931	141	408.9040508	316.3461538	-1	430	316.3461538	143	430	317.3076923	110	408.9041035	317.3076923	
429.5192308	317.7884615	2	5	110	408.8988077	317.8712871	142	408.9041035	317.3076923	-1	430	317.3076923	144	430	318.2692308	111	408.9041456	318.2692308	
429.5192308	318.75	2	5	111	408.898771	318.8118812	143	408.9041456	318.2692308	-1	430	318.2692308	145	430	319.2307692	112	408.904177	319.2307692	
429.5192308	319.7115385	2	5	112	408.8987449	319.7524752	144	408.904177	319.2307692	-1	430	319.2307692	146	430	320.1923077	113	408.9041978	320.1923077	
429.5192308	320.6730769	2	5	113	408.8987294	320.6930693	145	408.9041978	320.1923077	-1	430	320.1923077	147	430	321.1538462	114	408.904208	321.1538462	
429.5192308	321.6346154	2	5	114	408.8987245	321.6336634	146	408.904208	321.1538462	-1	430	321.1538462	148	430	322.1153846	115	408.9042075	322.1153846	
429.5192308	322.5961538	2	5	115	408.8987303	322.5742574	147	408.9042075	322.1153846	-1	430	322.1153846	149	430	323.0769231	116	408.9041964	323.0769231	
429.5192308	323.5576923	2	5	116	408.8987468	323.5148515	148	408.9041964	323.0769231	-1	430	323.0769231	150	430	324.0384615	117	408.9041746	324.0384615	
429.5192308	324.5192308	2	5	117	408.8987739	324.4554455	149	408.9041746	324.0384615	-1	430	324.0384615	151	430	325	118	408.9041422	325	
429.5192308	325.4807692	2	4	118	408.8912	325.9615385	150	408.9041422	325	-1	430	325	152	430	325.9615385	
429.5192308	326.4423077	2	4	118	404.3293122	450	151	408.8912	325.9615385	-1	430	325.9615385	-1	430	450	
