### nodes (vertices)
0	0	300	1
1	430	300	1
2	36	392	4
3	91	379	4
4	109	376	4
5	206	367	4
6	286	356	4
7	327	356	4
8	390	351	4
9	46	390	4
10	121	375	4
11	0	395	4
12	430	350	4
13	46	358	2
14	121	358	2
15	36	388	1
16	46	386	2
17	91	375	3
18	109	372	3
19	206	363	2
20	286	352	2
21	327	352	2
22	390	347	2
23	430	346	2
24	121	371	2
25	0	391	1
26	91	338	1
27	91	358	2
28	430	341	2
29	430	337	1
30	270	337	1
31	199	338	1
32	36	358	1
33	46	340	1
34	0	304.789	1
35	0	309.579	1
36	0	314.368	1
37	0	319.158	1
38	0	323.947	1
39	0	328.737	1
40	0	333.526	1
41	0	338.316	1
42	0	343.105	1
43	0	347.895	1
44	0	352.684	1
45	0	357.474	1
46	0	362.263	1
47	0	367.053	1
48	0	371.842	1
49	0	376.632	1
50	0	381.421	1
51	0	386.211	1
52	0	393.45	4
53	1.89474	394.842	4
54	3.78947	394.684	4
55	5.68421	394.526	4
56	7.57895	394.368	4
57	9.47368	394.211	4
58	11.3684	394.053	4
59	13.2632	393.895	4
60	15.1579	393.737	4
61	17.0526	393.579	4
62	18.9474	393.421	4
63	20.8421	393.263	4
64	22.7368	393.105	4
65	24.6316	392.947	4
66	26.5263	392.789	4
67	28.4211	392.632	4
68	30.3158	392.474	4
69	32.2105	392.316	4
70	34.1053	392.158	4
71	37.7162	391.657	4
72	39.8743	391.225	4
73	42.5878	390.682	4
74	50.4443	388.914	4
75	54.6253	387.892	4
76	58.5585	386.93	4
77	62.2586	386.026	4
78	65.7395	385.175	4
79	69.0141	384.374	4
80	72.0947	383.621	4
81	74.9927	382.913	4
82	77.719	382.246	4
83	80.2837	381.62	4
84	82.6965	381.03	4
85	84.9663	380.475	4
86	87.1015	379.953	4
87	89.1103	379.462	4
88	92.8	378.7	4
89	94.6	378.4	4
90	96.4	378.1	4
91	98.2	377.8	4
92	100	377.5	4
93	101.8	377.2	4
94	103.6	376.9	4
95	105.4	376.6	4
96	107.2	376.3	4
97	110.714	375.857	4
98	112.429	375.714	4
99	114.143	375.571	4
100	115.857	375.429	4
101	117.571	375.286	4
102	119.286	375.143	4
103	122.977	374.814	4
104	124.953	374.628	4
105	126.93	374.442	4
106	128.907	374.256	4
107	130.884	374.07	4
108	132.86	373.884	4
109	134.837	373.698	4
110	136.814	373.512	4
111	138.791	373.326	4
112	140.767	373.14	4
113	142.744	372.953	4
114	144.721	372.767	4
115	146.698	372.581	4
116	148.674	372.395	4
117	150.651	372.209	4
118	152.628	372.023	4
119	154.605	371.837	4
120	156.581	371.651	4
121	158.558	371.465	4
122	160.535	371.279	4
123	162.512	371.093	4
124	164.488	370.907	4
125	166.465	370.721	4
126	168.442	370.535	4
127	170.419	370.349	4
128	172.395	370.163	4
129	174.372	369.977	4
130	176.349	369.791	4
131	178.326	369.605	4
132	180.302	369.419	4
133	182.279	369.233	4
134	184.256	369.047	4
135	186.233	368.86	4
136	188.209	368.674	4
137	190.186	368.488	4
138	192.163	368.302	4
139	194.14	368.116	4
140	196.116	367.93	4
141	198.093	367.744	4
142	200.07	367.558	4
143	202.047	367.372	4
144	204.023	367.186	4
145	207.951	366.732	4
146	209.902	366.463	4
147	211.854	366.195	4
148	213.805	365.927	4
149	215.756	365.659	4
150	217.707	365.39	4
151	219.659	365.122	4
152	221.61	364.854	4
153	223.561	364.585	4
154	225.512	364.317	4
155	227.463	364.049	4
156	229.415	363.78	4
157	231.366	363.512	4
158	233.317	363.244	4
159	235.268	362.976	4
160	237.22	362.707	4
161	239.171	362.439	4
162	241.122	362.171	4
163	243.073	361.902	4
164	245.024	361.634	4
165	246.976	361.366	4
166	248.927	361.098	4
167	250.878	360.829	4
168	252.829	360.561	4
169	254.78	360.293	4
170	256.732	360.024	4
171	258.683	359.756	4
172	260.634	359.488	4
173	262.585	359.22	4
174	264.537	358.951	4
175	266.488	358.683	4
176	268.439	358.415	4
177	270.39	358.146	4
178	272.341	357.878	4
179	274.293	357.61	4
180	276.244	357.341	4
181	278.195	357.073	4
182	280.146	356.805	4
183	282.098	356.537	4
184	284.049	356.268	4
185	287.952	356	4
186	289.905	356	4
187	291.857	356	4
188	293.81	356	4
189	295.762	356	4
190	297.714	356	4
191	299.667	356	4
192	301.619	356	4
193	303.571	356	4
194	305.524	356	4
195	307.476	356	4
196	309.429	356	4
197	311.381	356	4
198	313.333	356	4
199	315.286	356	4
200	317.238	356	4
201	319.19	356	4
202	321.143	356	4
203	323.095	356	4
204	325.048	356	4
205	328.969	355.844	4
206	330.938	355.688	4
207	332.906	355.531	4
208	334.875	355.375	4
209	336.844	355.219	4
210	338.812	355.062	4
211	340.781	354.906	4
212	342.75	354.75	4
213	344.719	354.594	4
214	346.687	354.438	4
215	348.656	354.281	4
216	350.625	354.125	4
217	352.594	353.969	4
218	354.562	353.812	4
219	356.531	353.656	4
220	358.5	353.5	4
221	360.469	353.344	4
222	362.437	353.188	4
223	364.406	353.031	4
224	366.375	352.875	4
225	368.344	352.719	4
226	370.312	352.562	4
227	372.281	352.406	4
228	374.25	352.25	4
229	376.219	352.094	4
230	378.187	351.938	4
231	380.156	351.781	4
232	382.125	351.625	4
233	384.094	351.469	4
234	386.062	351.312	4
235	388.031	351.156	4
236	392	350.95	4
237	394	350.9	4
238	396	350.85	4
239	398	350.8	4
240	400	350.75	4
241	402	350.7	4
242	404	350.65	4
243	406	350.6	4
244	408	350.55	4
245	410	350.5	4
246	412	350.45	4
247	414	350.4	4
248	416	350.35	4
249	418	350.3	4
250	420	350.25	4
251	422	350.2	4
252	424	350.15	4
253	426	350.1	4
254	428	350.05	4
255	430	348.45	4
256	430	332.375	1
257	430	327.75	1
258	430	323.125	1
259	430	318.5	1
260	430	313.875	1
261	430	309.25	1
262	430	304.625	1
263	425	300	1
264	420	300	1
265	415	300	1
266	410	300	1
267	405	300	1
268	400	300	1
269	395	300	1
270	390	300	1
271	385	300	1
272	380	300	1
273	375	300	1
274	370	300	1
275	365	300	1
276	360	300	1
277	355	300	1
278	350	300	1
279	345	300	1
280	340	300	1
281	335	300	1
282	330	300	1
283	325	300	1
284	320	300	1
285	315	300	1
286	310	300	1
287	305	300	1
288	300	300	1
289	295	300	1
290	290	300	1
291	285	300	1
292	280	300	1
293	275	300	1
294	270	300	1
295	265	300	1
296	260	300	1
297	255	300	1
298	250	300	1
299	245	300	1
300	240	300	1
301	235	300	1
302	230	300	1
303	225	300	1
304	220	300	1
305	215	300	1
306	210	300	1
307	205	300	1
308	200	300	1
309	195	300	1
310	190	300	1
311	185	300	1
312	180	300	1
313	175	300	1
314	170	300	1
315	165	300	1
316	160	300	1
317	155	300	1
318	150	300	1
319	145	300	1
320	140	300	1
321	135	300	1
322	130	300	1
323	125	300	1
324	120	300	1
325	115	300	1
326	110	300	1
327	105	300	1
328	100	300	1
329	95	300	1
330	90	300	1
331	85	300	1
332	80	300	1
333	75	300	1
334	70	300	1
335	65	300	1
336	60	300	1
337	55	300	1
338	50	300	1
339	45	300	1
340	40	300	1
341	35	300	1
342	30	300	1
343	25	300	1
344	20	300	1
345	15	300	1
346	10	300	1
347	5	300	1
348	4.5	390.625	1
349	9	390.25	1
350	13.5	389.875	1
351	18	389.5	1
352	22.5	389.125	1
353	27	388.75	1
354	31.5	388.375	1
355	39.4122	387.318	2
356	42.1257	386.775	2
357	44.2838	386.343	2
358	46	383.999	2
359	46	381.784	2
360	46	379.332	2
361	46	376.617	2
362	46	373.611	2
363	46	370.282	2
364	46	366.597	2
365	46	362.517	2
366	121	362.333	2
367	121	366.667	2
368	117	371.333	3
369	113	371.667	3
370	104.5	372.75	3
371	100	373.5	3
372	95.5	374.25	3
373	86.5557	376.086	3
374	82.3747	377.108	3
375	78.4415	378.07	3
376	74.7414	378.974	3
377	71.2605	379.825	3
378	67.9859	380.626	3
379	64.9053	381.379	3
380	62.0073	382.087	3
381	59.281	382.754	3
382	56.7163	383.38	3
383	54.3035	383.97	3
384	52.0337	384.525	3
385	49.8985	385.047	3
386	47.8897	385.538	3
387	125.722	370.556	2
388	130.444	370.111	2
389	135.167	369.667	2
390	139.889	369.222	2
391	144.611	368.778	2
392	149.333	368.333	2
393	154.056	367.889	2
394	158.778	367.444	2
395	163.5	367	2
396	168.222	366.556	2
397	172.944	366.111	2
398	177.667	365.667	2
399	182.389	365.222	2
400	187.111	364.778	2
401	191.833	364.333	2
402	196.556	363.889	2
403	201.278	363.444	2
404	210.706	362.353	2
405	215.412	361.706	2
406	220.118	361.059	2
407	224.824	360.412	2
408	229.529	359.765	2
409	234.235	359.118	2
410	238.941	358.471	2
411	243.647	357.824	2
412	248.353	357.176	2
413	253.059	356.529	2
414	257.765	355.882	2
415	262.471	355.235	2
416	267.176	354.588	2
417	271.882	353.941	2
418	276.588	353.294	2
419	281.294	352.647	2
420	290.556	352	2
421	295.111	352	2
422	299.667	352	2
423	304.222	352	2
424	308.778	352	2
425	313.333	352	2
426	317.889	352	2
427	322.444	352	2
428	331.846	351.615	2
429	336.692	351.231	2
430	341.538	350.846	2
431	346.385	350.462	2
432	351.231	350.077	2
433	356.077	349.692	2
434	360.923	349.308	2
435	365.769	348.923	2
436	370.615	348.538	2
437	375.462	348.154	2
438	380.308	347.769	2
439	385.154	347.385	2
440	395	346.875	2
441	400	346.75	2
442	405	346.625	2
443	410	346.5	2
444	415	346.375	2
445	420	346.25	2
446	425	346.125	2
447	51	358	2
448	56	358	2
449	61	358	2
450	66	358	2
451	71	358	2
452	76	358	2
453	81	358	2
454	86	358	2
455	96	358	2
456	101	358	2
457	106	358	2
458	111	358	2
459	116	358	2
460	95.9091	338	1
461	100.818	338	1
462	105.727	338	1
463	110.636	338	1
464	115.545	338	1
465	120.455	338	1
466	125.364	338	1
467	130.273	338	1
468	135.182	338	1
469	140.091	338	1
470	145	338	1
471	149.909	338	1
472	154.818	338	1
473	159.727	338	1
474	164.636	338	1
475	169.545	338	1
476	174.455	338	1
477	179.364	338	1
478	184.273	338	1
479	189.182	338	1
480	194.091	338	1
481	203.733	337.933	1
482	208.467	337.867	1
483	213.2	337.8	1
484	217.933	337.733	1
485	222.667	337.667	1
486	227.4	337.6	1
487	232.133	337.533	1
488	236.867	337.467	1
489	241.6	337.4	1
490	246.333	337.333	1
491	251.067	337.267	1
492	255.8	337.2	1
493	260.533	337.133	1
494	265.267	337.067	1
495	275	337	1
496	280	337	1
497	285	337	1
498	290	337	1
499	295	337	1
500	300	337	1
501	305	337	1
502	310	337	1
503	315	337	1
504	320	337	1
505	325	337	1
506	330	337	1
507	335	337	1
508	340	337	1
509	345	337	1
510	350	337	1
511	355	337	1
512	360	337	1
513	365	337	1
514	370	337	1
515	375	337	1
516	380	337	1
517	385	337	1
518	390	337	1
519	395	337	1
520	400	337	1
521	405	337	1
522	410	337	1
523	415	337	1
524	420	337	1
525	425	337	1
526	36.3138	353.526	1
527	37.2919	349.151	1
528	39.0626	345.036	1
529	41.8953	341.586	1
530	36	383	1
531	36	378	1
532	36	373	1
533	36	368	1
534	36	363	1
535	51	339.778	1
536	56	339.556	1
537	61	339.333	1
538	66	339.111	1
539	71	338.889	1
540	76	338.667	1
541	81	338.444	1
542	86	338.222	1
543	24.4498	324.449	1
544	43.6753	320.441	1
545	19.1722	342.882	1
546	63.6629	319.603	1
547	201.1	319.042	1
548	220.64	318.119	1
549	239.573	317.966	1
550	181.666	319.782	1
551	258.063	318.392	1
552	147.873	320.024	1
553	127.194	318.225	1
554	108.178	319.191	1
555	87.3185	318.903	1
556	411.444	318.5	1
557	18.0307	371.465	1
558	277.852	318.121	1
559	392.5	318.5	1
560	372.289	318.735	1
561	352.289	318.735	1
562	332.289	318.735	1
563	311.159	318.594	1
564	294.28	317.796	1
565	164.722	321.636	1
566	21.7657	357.38	1
567	15.1194	314.767	1
568	32.2325	313.361	1
569	13.2105	332.025	1
570	30.8105	335.29	1
571	75.6726	313.358	1
572	74.602	326.047	1
573	53.5259	312.65	1
574	54.5082	325.979	1
575	97.9308	325.855	1
576	210.351	326.18	1
577	99.0058	312.389	1
578	229.283	325.965	1
579	248.087	325.729	1
580	137.971	326.025	1
581	119.297	326.102	1
582	11.8531	351.951	1
583	191.506	326.093	1
584	137.609	312.141	1
585	118.029	312.167	1
586	191.711	312.092	1
587	210.4	312.019	1
588	362.5	311.784	1
589	343.323	311.843	1
590	323.884	311.713	1
591	383.323	311.843	1
592	362.667	325.096	1
593	383.851	325.614	1
594	342.728	325.331	1
595	322.728	325.331	1
596	229.311	311.957	1
597	40.8589	330.549	1
598	172.574	311.938	1
599	248.998	312.161	1
600	267.259	325.512	1
601	157.383	312.127	1
602	266.106	311.856	1
603	402.207	311.64	1
604	402.077	325.208	1
605	11.3262	362.654	1
606	303.296	325.539	1
607	285.665	325.473	1
608	10.4259	379.394	1
609	303.278	310.932	1
610	285.287	311.352	1
611	155.749	326.352	1
612	174.014	326.843	1
613	419.356	312.009	1
614	419.479	325.032	1
615	27.3082	348.969	1
616	25.8921	379.755	1
617	41.6677	310.022	1
618	33.7204	322.797	1
619	9.42815	340.073	1
620	27.0615	365.284	1
621	23.0595	309.688	1
622	201.222	327.48	1
623	66.1573	310.025	1
624	219.929	327.841	1
625	63.5769	329.964	1
626	84.0986	328.617	1
627	9.29342	323.231	1
628	238.865	327.632	1
629	21.7453	334.059	1
630	257.856	328.005	1
631	128.008	328.626	1
632	108.182	328.677	1
633	83.8426	309.444	1
634	107.952	309.995	1
635	147.687	309.941	1
636	182.231	309.38	1
637	127.377	310.012	1
638	200.909	309.534	1
639	257.035	309.789	1
640	219.956	309.492	1
641	238.858	309.381	1
642	391.611	309.438	1
643	373.527	309.188	1
644	312.5	327.919	1
645	351.673	309.526	1
646	332.5	327.919	1
647	333.527	309.188	1
648	354.586	327.216	1
649	372.5	327.919	1
650	394.381	327.266	1
651	276.629	327.604	1
652	313.709	309.141	1
653	145.454	329.798	1
654	275.138	308.25	1
655	183.509	328.803	1
656	410.455	308.576	1
657	410.702	328.305	1
658	294.553	327.68	1
659	8.53151	371.524	1
660	293.787	309.16	1
661	165.202	330.237	1
662	8.22762	308.183	1
663	164.845	308.349	1
664	18.0137	381.558	1
665	48.9405	332.358	1
666	32.3819	342.684	1
667	17.6912	321.97	1
668	51.3479	319.825	1
669	29.1955	357.672	1
670	25.3316	317.069	1
671	79.9675	320.124	1
672	18.8454	350.147	1
673	422.893	318.394	1
674	172.287	319.357	1
675	91.6998	330.349	1
676	157.165	319.389	1
677	19.0852	363.83	1
678	208.564	319.048	1
679	92.4003	307.283	1
680	192.509	319.141	1
681	227.434	318.914	1
682	6.77435	315.923	1
683	266.302	318.726	1
684	140.079	319.05	1
685	246.327	318.738	1
686	120.343	319.037	1
687	25.4208	340.369	1
688	71.2923	319.388	1
689	16.1047	307.363	1
690	37.5896	336.552	1
691	58.7617	306.894	1
692	100.771	319.011	1
693	30.174	329.21	1
694	48.6914	307.024	1
695	7.20011	356.954	1
696	301.937	318.557	1
697	404.172	318.5	1
698	287.216	318.366	1
699	385.245	318.5	1
700	365.245	318.5	1
701	345.245	318.5	1
702	325.245	318.5	1
703	35.472	307.065	1
704	7.05856	334.655	1
705	72.6333	306.796	1
706	6.52656	346.566	1
707	37.8129	317.252	1
708	29.0417	372.37	1
709	70.9871	331.307	1
710	15.7213	336.818	1
711	46.9499	325.872	1
712	6.14935	384.597	1
713	18.899	328.073	1
714	77.9741	332.047	1
715	47.2173	314.135	1
716	14.2636	357.899	1
717	102.277	331.749	1
718	57.8219	333.204	1
719	423.964	307.289	1
720	423.964	329.711	1
721	114.378	306.49	1
722	207.021	331.556	1
723	214.354	331.399	1
724	225.959	331.311	1
725	59.8727	314.452	1
726	233.288	331.153	1
727	195.364	331.569	1
728	244.896	331.06	1
729	133.794	331.523	1
730	28.8741	306.524	1
731	134.047	306.478	1
732	121.923	331.706	1
733	252.222	330.903	1
734	114.252	331.469	1
735	13.2424	345.895	1
736	94.2188	320.303	1
737	101.506	306.407	1
738	140.742	306.417	1
739	206.333	306.557	1
740	263.67	331.047	1
741	122.407	306.622	1
742	187.226	306.468	1
743	225.547	306.53	1
744	233.41	306.477	1
745	318.574	330.54	1
746	338.574	330.54	1
747	358.013	330.491	1
748	377.666	330.608	1
749	366.521	306.255	1
750	387.146	306.422	1
751	347.156	306.437	1
752	337.641	306.679	1
753	357.687	306.656	1
754	326.526	306.253	1
755	377.641	306.679	1
756	386.426	330.54	1
757	367.209	330.637	1
758	346.426	330.54	1
759	326.426	330.54	1
760	195.396	306.544	1
761	6.1638	327.925	1
762	244.428	306.488	1
763	177.567	306.467	1
764	152.191	306.538	1
765	318.758	306.421	1
766	214.596	306.204	1
767	58.483	322.125	1
768	263.303	306.254	1
769	91.5974	313.963	1
770	252.56	306.443	1
771	357.978	316.417	1
772	318.11	316.5	1
773	337.978	316.417	1
774	377.978	316.417	1
775	159.509	332.352	1
776	165.896	314.001	1
777	79.4335	306.276	1
778	397.684	330.589	1
779	397.004	306.597	1
780	281.849	331.83	1
781	140.719	331.68	1
782	114.262	320.966	1
783	133.893	320.963	1
784	40.265	324.021	1
785	270.985	330.769	1
786	111.605	313.942	1
787	306.827	330.871	1
788	188.332	331.84	1
789	307.277	304.259	1
790	416.168	306.289	1
791	416.336	330.844	1
792	68.3005	325.132	1
793	151.87	332.032	1
794	214.324	321.244	1
795	233.228	321.006	1
796	281.696	306.117	1
797	131.491	314.039	1
798	252.141	320.763	1
799	177.73	332.937	1
800	300.333	306.13	1
801	189.074	321.648	1
802	5.87194	365.576	1
803	197.561	324	1
804	270.544	305.598	1
805	405.222	306.239	1
806	405.222	330.761	1
807	30.0429	381.829	1
808	289.363	330.932	1
809	205.729	323.8	1
810	223.502	314.227	1
811	197.346	314.198	1
812	317.864	323.08	1
813	337.804	323.132	1
814	356.592	323.209	1
815	376.225	323.523	1
816	242.578	314.226	1
817	34.2667	330.673	1
818	288.533	306.046	1
819	224.412	323.631	1
820	299.967	330.786	1
821	178.252	314.098	1
822	103.308	323.896	1
823	185.913	314.298	1
824	243.34	323.452	1
825	216.062	314.334	1
826	143.965	313.679	1
827	123.388	323.868	1
828	261.311	313.877	1
829	234.993	314.219	1
830	151.246	314.186	1
831	398.336	316.539	1
832	253.812	313.907	1
833	204.836	314.321	1
834	171.035	332.123	1
835	262.154	323.576	1
836	6.08609	376.1	1
837	42.7072	335.425	1
838	269.807	321.184	1
839	170.272	306.064	1
840	124.104	314.727	1
841	396.326	323.209	1
842	19.9172	316.11	1
843	89.1579	324.861	1
844	24.3283	383.877	1
845	159.649	305.937	1
846	160.341	325.304	1
847	142.254	322.571	1
848	13.1578	383.792	1
849	298.41	322.873	1
850	387.891	313.518	1
851	347.894	313.523	1
852	367.736	313.737	1
853	327.82	313.733	1
854	388.285	323.662	1
855	368.505	323.054	1
856	348.285	323.662	1
857	328.285	323.662	1
858	308.696	323.17	1
859	290.539	322.949	1
860	272.561	313.982	1
861	179.327	324.284	1
862	150.098	324.276	1
863	13.3918	367.895	1
864	280.342	323.068	1
865	103.409	314.547	1
866	416.964	316.37	1
867	299.596	313.414	1
868	29.3807	361.503	1
869	15.4026	376.65	1
870	309.073	313.696	1
871	280.714	314.151	1
872	29.6815	320.944	1
873	22.4991	372.304	1
874	407.14	313.862	1
875	408.344	322.205	1
876	290.407	313.926	1
877	80.9067	314.657	1
878	24.0772	344.975	1
879	414.264	323.424	1
880	169.47	323.676	1
881	13.1916	325.499	1
882	160.864	315.531	1
883	25.1435	329.751	1
884	424.691	313.668	1
885	424.299	323.284	1
886	32.3086	350.334	1
887	5.33464	351.807	1
888	54.4578	305.802	1
889	67.8564	316.185	1
890	96.4607	333.153	1
891	23.4305	352.566	1
892	358.278	311.694	1
893	338.654	311.657	1
894	378.654	311.657	1
895	25.1965	360.357	1
896	53.5472	335.631	1
897	31.1606	376.434	1
898	43.288	305.244	1
899	87.9124	304.915	1
900	37.1903	341.102	1
901	4.95871	341.533	1
902	67.5	304.739	1
903	87.7626	333.118	1
904	37.2204	312.155	1
905	113.039	326.217	1
906	132.747	326.281	1
907	79.8875	325.387	1
908	319.013	311.653	1
909	253.324	325.795	1
910	4.53941	320.738	1
911	233.619	326.475	1
912	214.688	326.692	1
913	22.5	304.538	1
914	42.3984	315.341	1
915	55.7816	316.991	1
916	201.487	334.633	1
917	97.4373	304.036	1
918	32.8804	318.251	1
919	62.437	334.789	1
920	59.1268	327.116	1
921	27.3938	311.619	1
922	21.6561	367.956	1
923	220.253	334.508	1
924	306.949	318.397	1
925	12.9579	319.038	1
926	239.188	334.261	1
927	18.4905	311.617	1
928	412.292	314.637	1
929	258.543	332.71	1
930	282.222	318.381	1
931	85.3466	323.259	1
932	12.3354	304.63	1
933	21.2187	376.77	1
934	30.8271	368.038	1
935	202.766	303.972	1
936	397.965	311.613	1
937	237.07	303.898	1
938	127.361	333.44	1
939	4.56838	312.048	1
940	108.162	333.795	1
941	10.8638	336.288	1
942	182.451	304.08	1
943	106.888	304.721	1
944	127.117	304.164	1
945	26.1067	335.553	1
946	147.841	304.121	1
947	71.0412	311.567	1
948	21.2988	338.641	1
949	4.79388	304.772	1
950	64.0249	324.872	1
951	277.43	332.528	1
952	152.568	319.482	1
953	4.18445	360.845	1
954	148.048	333.713	1
955	177.461	318.716	1
956	187.597	326.655	1
957	218.59	304.69	1
958	21.3797	320.428	1
959	257.885	304.56	1
960	86.7668	314.752	1
961	116.185	316.477	1
962	181.687	333.512	1
963	271.761	326.875	1
964	312.029	304.381	1
965	17.6355	332.539	1
966	13.0676	372.59	1
967	277.547	304.605	1
968	372.049	304.666	1
969	392.252	303.995	1
970	352.359	304.041	1
971	332.049	304.666	1
972	312.528	332.096	1
973	332.513	331.776	1
974	352.216	332.255	1
975	372.5	332.804	1
976	392.149	332.294	1
977	135.771	316.525	1
978	37.4886	326.973	1
979	412.593	333.233	1
980	412.543	303.769	1
981	4.2335	369.056	1
982	108.456	323.172	1
983	62.4408	305.065	1
984	292.558	304.622	1
985	45.1226	329.495	1
986	293.383	332.521	1
987	20.1459	385.29	1
988	219.773	322.927	1
989	167.098	333.543	1
990	210.756	334.115	1
991	12.9055	310.047	1
992	229.688	333.861	1
993	418.926	320.437	1
994	137.441	303.794	1
995	248.621	333.604	1
996	118.043	334.224	1
997	257.666	322.677	1
998	238.701	322.739	1
999	128.088	323.02	1
1000	4.9805	380.636	1
1001	117.753	303.837	1
1002	82.3013	333.689	1
1003	14.1812	341.563	1
1004	75.5871	318.047	1
1005	362.461	303.857	1
1006	342.5	303.939	1
1007	382.334	333.231	1
1008	382.5	303.939	1
1009	362.5	333.061	1
1010	342.5	333.061	1
1011	322.5	333.061	1
1012	34.9489	345.852	1
1013	73.7418	334.566	1
1014	189.76	316.012	1
1015	393.323	315.181	1
1016	250.052	317.16	1
1017	372.975	314.498	1
1018	353.289	315.23	1
1019	332.985	314.498	1
1020	400.155	320.922	1
1021	323.188	303.9	1
1022	231.313	316.463	1
1023	212.39	316.621	1
1024	96.1589	316.431	1
1025	267.422	333.25	1
1026	32.2735	304.343	1
1027	93.2059	325.59	1
1028	29.6609	339.372	1
1029	32.5963	355.209	1
1030	18.3535	354.87	1
1031	28.3845	343.862	1
1032	163.378	303.847	1
1033	421.046	304.122	1
1034	421.063	332.892	1
1035	4.39992	332.2	1
1036	380.899	320.966	1
1037	360.583	320.903	1
1038	341.027	320.118	1
1039	321.054	320.122	1
1040	83.2377	304.127	1
1041	47.5527	321.909	1
1042	155.809	334.187	1
1043	18.1427	359.761	1
1044	268.795	315.584	1
1045	248.544	303.902	1
1046	191.33	303.957	1
1047	9.68103	386.493	1
1048	274.875	322.42	1
1049	47.9875	336.17	1
1050	136.635	334.049	1
1051	141.753	327.474	1
1052	160.836	310.682	1
1053	184.475	323.212	1
1054	192.541	334.064	1
1055	50.8078	324.136	1
1056	11.0763	355.418	1
1057	266.533	303.756	1
1058	51.1483	315.691	1
1059	33.7828	338.114	1
1060	16.8723	345.982	1
1061	10.4792	375.269	1
1062	314.194	314.682	1
1063	79.0341	310.657	1
1064	50.1109	328.178	1
1065	67.9044	333.949	1
1066	89.166	310.34	1
1067	415.636	310.489	1
1068	303.311	303.606	1
1069	22.4848	348.662	1
1070	107.818	315.218	1
1071	169.232	310.638	1
1072	38.1189	303.942	1
1073	10.5213	328.126	1
1074	174.586	315	1
1075	228.311	303.868	1
1076	206.665	310.647	1
1077	22.8796	363.628	1
1078	233.24	310.534	1
1079	155.219	315.635	1
1080	83.7233	318.139	1
1081	22.843	313.494	1
1082	3.80763	336.585	1
1083	3.17643	316.447	1
1084	121.609	311.108	1
1085	28.8211	332.421	1
1086	222.63	303.487	1
1087	57.9827	303.528	1
1088	187.594	310.455	1
1089	31.9719	309.246	1
1090	28.308	353.461	1
1091	37.5776	321.278	1
1092	426.688	319.879	1
1093	43.9335	324.002	1
1094	20.3245	324.55	1
1095	333.148	323.951	1
1096	352.749	323.307	1
1097	372.585	322.678	1
1098	401.358	333.155	1
1099	401.277	303.867	1
1100	14.25	380.348	1
1101	214.451	310.512	1
1102	92.9235	334.079	1
1103	3.36941	355.301	1
1104	195.708	327.613	1
1105	45.7363	310.375	1
1106	167.865	318.537	1
1107	75.9469	322.134	1
1108	29.504	316.249	1
1109	14.4705	349.336	1
1110	206.436	328.373	1
1111	252.245	310.282	1
1112	405.726	310.072	1
1113	405.366	326.329	1
1114	17.5562	303.554	1
1115	74.3511	330.025	1
1116	210.541	304.106	1
1117	9.31163	366.93	1
1118	162.803	334.08	1
1119	153.05	310.592	1
1120	303.785	333.227	1
1121	92.55	303.247	1
1122	28.2879	325.056	1
1123	61.5619	310.473	1
1124	25.9155	370.015	1
1125	224.087	327.808	1
1126	22.0644	380.868	1
1127	75.7103	304.057	1
1128	157.586	323.187	1
1129	195.32	310.729	1
1130	392.164	322.394	1
1131	289.453	326.89	1
1132	49.8259	311.455	1
1133	242.994	327.606	1
1134	178.545	329.135	1
1135	303.857	321.707	1
1136	67.632	321.283	1
1137	210.631	329.916	1
1138	176.449	310.453	1
1139	47.606	303.133	1
1140	198.664	303.918	1
1141	174.512	322.575	1
1142	280.923	327.748	1
1143	298.455	326.996	1
1144	201.277	322.577	1
1145	151.022	328.149	1
1146	10.1204	313.897	1
1147	9.75541	344.022	1
1148	284.657	321.531	1
1149	229.581	329.881	1
1150	225.741	310.794	1
1151	25.5792	356.287	1
1152	133.801	310.589	1
1153	57.0479	310.922	1
1154	426.508	310.266	1
1155	426.248	326.94	1
1156	248.505	329.634	1
1157	426.258	303.829	1
1158	426.261	333.173	1
1159	270.937	310.563	1
1160	147.097	315.06	1
1161	261.893	327.449	1
1162	167.1	303.427	1
1163	123.871	328.089	1
1164	97.926	321.841	1
1165	241.071	303.954	1
1166	15.5896	363.292	1
1167	118.127	330.112	1
1168	303.17	315.352	1
1169	94.4138	311.466	1
1170	244.796	310.72	1
1171	3.01117	345.5	1
1172	141.722	310.299	1
1173	308.535	327.226	1
1174	308.39	308.725	1
1175	40.7483	338.408	1
1176	113.833	310.579	1
1177	72.2899	315.709	1
1178	261.417	309.742	1
1179	398.388	326.504	1
1180	219.925	315.006	1
1181	296.737	304.228	1
1182	285.08	303.82	1
1183	160.834	320.361	1
1184	285.609	333.046	1
1185	117.854	308.33	1
1186	169.488	328.598	1
1187	173.93	303.909	1
1188	210.609	322.336	1
1189	31.2582	346.567	1
1190	285.023	315.253	1
1191	204.975	319.029	1
1192	238.842	314.875	1
1193	297.044	333.496	1
1194	415.961	326.95	1
1195	104.472	320.401	1
1196	289.88	309.473	1
1197	378.749	326.56	1
1198	359.01	326.166	1
1199	336.656	327.266	1
1200	316.574	327.199	1
1201	137.637	322.188	1
1202	280.194	309.438	1
1203	3.38686	387.286	1
1204	193.589	322.948	1
1205	118	322.199	1
1206	137.56	308.287	1
1207	408.644	303.717	1
1208	408.704	333.26	1
1209	60.1213	317.893	1
1210	229.545	322.136	1
1211	103.577	309.856	1
1212	54.9035	330.417	1
1213	197.298	319.328	1
1214	47.1464	317.914	1
1215	223.774	319.572	1
1216	182.059	315.085	1
1217	313.805	323.253	1
1218	67.6472	328.896	1
1219	103.706	327.888	1
1220	248.48	321.916	1
1221	103.566	334.71	1
1222	257.446	314.731	1
1223	262.283	319.245	1
1224	127.916	315.09	1
1225	124.084	320.197	1
1226	191.575	308.158	1
1227	143.633	317.75	1
1228	111.911	317.83	1
1229	143.862	334.238	1
1230	9.95309	348.969	1
1231	242.655	319.84	1
1232	3.54723	325.221	1
1233	201.076	315.185	1
1234	71.5008	323.64	1
1235	426.937	316.67	1
1236	322.899	307.955	1
1237	120.11	314.825	1
1238	17.487	367.124	1
1239	321.794	329.238	1
1240	362.568	328.698	1
1241	341.802	329.245	1
1242	342.7	308.02	1
1243	362.754	307.862	1
1244	382.7	308.019	1
1245	381.805	329.311	1
1246	9.09213	318.62	1
1247	14.676	353.341	1
1248	420.715	315.252	1
1249	88.1613	328.689	1
1250	248.448	308.181	1
1251	185.742	334.44	1
1252	382.439	315.623	1
1253	342.462	315.609	1
1254	322.521	315.37	1
1255	362.5	315.703	1
1256	246.484	314.688	1
1257	165.166	326.145	1
1258	16.4116	386.276	1
1259	27.3412	303.745	1
1260	210.487	308.165	1
1261	267.224	329.493	1
1262	140.463	314.907	1
1263	265.567	321.876	1
1264	196.885	334.572	1
1265	130.953	317.958	1
1266	19.8695	307.4	1
1267	137.288	329.834	1
1268	112.426	303.32	1
1269	32.6599	360.001	1
1270	174.282	334.378	1
1271	37.9851	332.616	1
1272	191.865	329.832	1
1273	32.5134	384.602	1
1274	273.646	303.691	1
1275	91.2947	317.773	1
1276	156.132	303.694	1
1277	229.211	308.253	1
1278	368.872	317.161	1
1279	389.14	317.542	1
1280	348.872	317.161	1
1281	328.872	317.161	1
1282	215.527	334.963	1
1283	206.061	335.097	1
1284	216.785	318.063	1
1285	153.808	323.379	1
1286	32.6589	371.161	1
1287	234.461	334.708	1
1288	10.3098	359.104	1
1289	224.994	334.842	1
1290	185.582	318.222	1
1291	63.2054	314.772	1
1292	253.49	334.176	1
1293	243.927	334.583	1
1294	75.3861	309.349	1
1295	27.9689	384.976	1
1296	33.0722	380.362	1
1297	25.4645	321.107	1
1298	132.257	334.362	1
1299	113.037	334.959	1
1300	122.909	335.141	1
1301	3.30859	373.429	1
1302	193.738	315.288	1
1303	71.2314	327.508	1
1304	235.731	317.904	1
1305	328.849	327.395	1
1306	366.109	326.614	1
1307	348.701	327.465	1
1308	389.131	327.208	1
1309	386.278	310.051	1
1310	346.207	310.119	1
1311	368.411	309.662	1
1312	328.701	309.535	1
1313	132.384	303.224	1
1314	401.972	315.384	1
1315	32.4156	326.037	1
1316	266.473	307.962	1
1317	295.669	313.492	1
1318	298.189	317.118	1
1319	16.588	318.429	1
1320	254.5	317.806	1
1321	42.2986	327.044	1
1322	9.25114	331.686	1
1323	272.537	333.899	1
1324	227.269	315.196	1
1325	7.20816	337.724	1
1326	8.25426	303.401	1
1327	170.407	314.912	1
1328	102.5	302.864	1
1329	98.1547	308.39	1
1330	404.06	322.412	1
1331	401.682	328.758	1
1332	401.766	307.788	1
1333	316.239	303.585	1
1334	22.4527	342.056	1
1335	39.1579	307.531	1
1336	262.862	334.384	1
1337	142.588	303.189	1
1338	298	309.548	1
1339	276.209	312.995	1
1340	317.5	334.165	1
1341	337.5	334.165	1
1342	357.5	334.165	1
1343	377.5	334.165	1
1344	367.5	302.835	1
1345	357.5	302.835	1
1346	347.5	302.835	1
1347	387.5	302.835	1
1348	337.5	302.835	1
1349	327.5	302.835	1
1350	377.5	302.835	1
1351	387.5	334.165	1
1352	367.5	334.165	1
1353	347.5	334.165	1
1354	327.5	334.165	1
1355	21.1783	330.338	1
1356	8.87891	382.982	1
1357	290.896	319.183	1
1358	99.0547	330.166	1
1359	90.6524	321.471	1
1360	303.416	329.295	1
1361	177.5	302.796	1
1362	208.344	315.388	1
1363	420.285	308.198	1
1364	420.114	328.731	1
1365	78.3758	335.762	1
1366	285.477	329.32	1
1367	77.5426	328.624	1
1368	122.5	302.78	1
1369	414.898	319.792	1
1370	72.097	303.096	1
1371	58.3771	336.679	1
1372	2.87308	383.9	1
1373	408.035	317.696	1
1374	395.769	319.477	1
1375	273.35	317.381	1
1376	264.944	315.619	1
1377	26.5772	374.998	1
1378	384.57	322.185	1
1379	364.754	322.515	1
1380	344.892	322.184	1
1381	324.892	322.184	1
1382	3.22297	308.043	1
1383	316.04	319.557	1
1384	335.872	319.475	1
1385	355.805	319.596	1
1386	375.897	319.534	1
1387	34.3843	334.257	1
1388	16.5675	325.188	1
1389	21.999	327.432	1
1390	40.3458	319.667	1
1391	285.028	307.681	1
1392	152.403	302.76	1
1393	304.518	306.73	1
1394	15.0042	328.575	1
1395	262.5	302.679	1
1396	99.684	334.571	1
1397	52.7098	309.571	1
1398	187.5	302.668	1
1399	397.5	334.328	1
1400	397.299	302.784	1
1401	99.8361	315.595	1
1402	32.3795	364.46	1
1403	161.713	329.497	1
1404	174.198	330.555	1
1405	3.18973	348.941	1
1406	252.578	302.727	1
1407	294.483	321.456	1
1408	156.54	308.261	1
1409	69.333	308.282	1
1410	110.814	306.974	1
1411	7.8108	362.383	1
1412	173.337	308.245	1
1413	8.91362	353.073	1
1414	427.346	307.052	1
1415	427.294	329.99	1
1416	2.5194	364.658	1
1417	199.049	331.161	1
1418	232.5	302.594	1
1419	95.1528	329.508	1
1420	45.1233	332.799	1
1421	156.396	330.253	1
1422	307.5	334.408	1
1423	6.54345	387.85	1
1424	164.036	318.013	1
1425	20.6508	345.784	1
1426	17.9023	339.563	1
1427	21.4044	360.814	1
1428	13.8165	322.343	1
1429	54.2989	322.32	1
1430	422.586	311.114	1
1431	422.821	326.739	1
1432	19.0201	335.997	1
1433	417.264	334.269	1
1434	417.264	302.731	1
1435	2.48725	302.395	1
1436	25.3998	307.064	1
1437	203.546	331.383	1
1438	217.827	330.956	1
1439	51.0504	303.397	1
1440	130.685	306.879	1
1441	222.369	331.054	1
1442	236.822	330.817	1
1443	34.8902	315.497	1
1444	130.296	331.162	1
1445	110.661	331.169	1
1446	207.268	302.732	1
1447	80.5144	329.657	1
1448	146.409	325.382	1
1449	152.224	335.34	1
1450	255.533	330.456	1
1451	241.31	330.837	1
1452	60.0154	330.689	1
1453	31.6913	332.37	1
1454	274.33	330.585	1
1455	105.366	331.467	1
1456	144.371	306.805	1
1457	135.784	353.804	2
1458	151.354	353.032	2
1459	165.745	352.364	2
1460	179.497	351.764	2
1461	193.333	351.26	2
1462	206.432	350.342	2
1463	219.729	348.375	2
1464	126.674	348.762	2
1465	231.775	348.84	2
1466	243.718	347.509	2
1467	93.4545	348	2
1468	108.909	347.875	2
1469	253.863	346.784	2
1470	47.1259	349.153	2
1471	129.97	360.082	2
1472	85.4148	348.2	2
1473	143.766	359.156	2
1474	143.368	346.838	2
1475	75.5052	348.381	2
1476	262.921	346.016	2
1477	64.0525	348.609	2
1478	117.638	346.73	2
1479	158.81	358.31	2
1480	158.055	347.243	2
1481	42.3503	383.082	2
1482	41.139	377.975	2
1483	172.381	346.565	2
1484	172.747	357.042	2
1485	270.344	345.356	2
1486	187.326	346.677	2
1487	186.258	356.474	2
1488	55.4918	349.369	2
1489	214.754	353.754	2
1490	200.12	355.177	2
1491	199.317	346.543	2
1492	282.185	344.622	2
1493	212.858	345.793	2
1494	134.557	345.341	2
1495	297.756	344.535	2
1496	306.5	344.598	2
1497	315.611	344.66	2
1498	324.445	344.645	2
1499	137.08	362.116	2
1500	151.582	360.692	2
1501	289.986	344.596	2
1502	100.893	345.172	2
1503	150.796	345.5	2
1504	333.122	343.908	2
1505	165.948	359.656	2
1506	237.426	344.67	2
1507	226.26	353.422	2
1508	225.399	344.608	2
1509	165.313	345.172	2
1510	237.668	351.61	2
1511	179.716	358.757	2
1512	343.431	343.963	2
1513	179.066	344.886	2
1514	193.679	358.101	2
1515	353.151	343.549	2
1516	191.872	344.615	2
1517	40.7894	372.053	2
1518	207.531	356.7	2
1519	42.794	352.742	2
1520	126.727	354.982	2
1521	206.184	343.895	2
1522	248.923	343.254	2
1523	121.095	351.819	2
1524	362.871	343.124	2
1525	249.815	350.686	2
1526	98.702	351.887	2
1527	113.281	351.749	2
1528	121.782	343.671	2
1529	88.2614	352.861	2
1530	88.4299	344.391	2
1531	125.8	363.955	2
1532	141.508	354.293	2
1533	372.67	342.328	2
1534	40.2934	359.449	2
1535	78.2848	352.977	2
1536	218.42	343.668	2
1537	219.465	355.136	2
1538	257.732	341.987	2
1539	78.1878	343.675	2
1540	277.238	347.349	2
1541	258.549	350.812	2
1542	40.5906	366.107	2
1543	113.346	343.196	2
1544	68.307	344.156	2
1545	68.5153	352.695	2
1546	157.225	352.547	2
1547	59.2308	344.819	2
1548	51.6878	345.345	2
1549	129.584	343.466	2
1550	338.573	346.653	2
1551	381.831	342.18	2
1552	231.814	354.076	2
1553	129.937	351.923	2
1554	231.507	342.193	2
1555	139.379	343.617	2
1556	104.52	352.403	2
1557	133.059	365.665	2
1558	267.873	341.222	2
1559	174.456	351.911	2
1560	268.76	349.997	2
1561	302.039	347.479	2
1562	311.056	347.27	2
1563	320.167	347.273	2
1564	141.893	364.176	2
1565	392.418	342.085	2
1566	51.1381	352.655	2
1567	242.753	352.44	2
1568	277.5	341.876	2
1569	59.7566	352.764	2
1570	244.716	342.246	2
1571	147.229	363.558	2
1572	184.759	351.435	2
1573	302.305	341.639	2
1574	155.807	362.605	2
1575	139.125	349.25	2
1576	402.46	341.874	2
1577	96.037	343.333	2
1578	105.452	343.463	2
1579	311.7	341.681	2
1580	42.9601	375.114	2
1581	146.999	342.983	2
1582	320.151	342.409	2
1583	348.381	345.806	2
1584	412.495	341.653	2
1585	93.4714	352.126	2
1586	45.4426	344.662	2
1587	139.16	357.858	2
1588	358.121	345.355	2
1589	169.946	361.459	2
1590	161.746	362.335	2
1591	201.761	350.869	2
1592	417.551	341.636	2
1593	42.1651	348.226	2
1594	43.3346	380.522	2
1595	253.966	352.279	2
1596	155.551	343.137	2
1597	252.88	341.202	2
1598	134.268	358.23	2
1599	83.0608	353.06	2
1600	367.095	344.957	2
1601	83.864	343.127	2
1602	125.68	359.448	2
1603	387.4	342.108	2
1604	203.649	358.905	2
1605	146.863	354.621	2
1606	423.071	341.364	2
1607	161.684	343.142	2
1608	183.843	360.447	2
1609	329.053	347.181	2
1610	377.536	343.922	2
1611	73.1513	353.088	2
1612	148.292	348.977	2
1613	40.5977	384.826	2
1614	73.1004	343.707	2
1615	175.654	361.079	2
1616	117.753	341.92	2
1617	397.48	341.931	2
1618	189.596	360.048	2
1619	407.493	341.775	2
1620	196.173	342.548	2
1621	293.516	347.363	2
1622	215.597	349.426	2
1623	154.285	356.912	2
1624	63.7181	343.206	2
1625	153.858	348.884	2
1626	201.848	342.193	2
1627	169.089	343.227	2
1628	211.421	349.929	2
1629	161.866	354.372	2
1630	293.965	342.454	2
1631	285.945	342.505	2
1632	328.297	341.526	2
1633	262.881	342.211	2
1634	285.867	346.768	2
1635	224.731	348.733	2
1636	182.662	342.798	2
1637	162.556	348.947	2
1638	263.674	349.814	2
1639	197.936	359.494	2
1640	211.827	358.028	2
1641	210.064	342.028	2
1642	175.228	342.996	2
1643	46.8401	353.864	2
1644	43.7938	377.975	2
1645	272.629	341.159	2
1646	273.306	349.228	2
1647	39.6898	355.562	2
1648	347.852	341.035	2
1649	168.472	356.06	2
1650	42.7739	369.305	2
1651	109.24	353.865	2
1652	167.736	348.23	2
1653	337.875	341.252	2
1654	176.825	355.348	2
1655	44.3025	384.551	2
1656	39.5744	381.807	2
1657	188.001	342.007	2
1658	204.653	354.222	2
1659	182.138	355.315	2
1660	189.334	350.21	2
1661	190.504	354.774	2
1662	197.563	351.413	2
1663	176.737	348.29	2
1664	117.977	354.368	2
1665	64.1743	353.895	2
1666	235.193	341.281	2
1667	133.152	341.509	2
1668	214.579	341.829	2
1669	181.742	347.79	2
1670	222.291	341.847	2
1671	122.288	348.367	2
1672	239.752	348.15	2
1673	39.5842	374.975	2
1674	130.38	356.258	2
1675	195.104	347.45	2
1676	357.735	340.774	2
1677	239.416	341.173	2
1678	203.666	346.929	2
1679	223.644	356.467	2
1680	306.507	348.657	2
1681	236.094	354.914	2
1682	315.611	348.684	2
1683	324.671	348.654	2
1684	333.857	348.118	2
1685	55.1825	353.86	2
1686	151.602	364.615	2
1687	297.637	348.569	2
1688	130.222	347.472	2
1689	235.785	348.277	2
1690	307.101	340.384	2
1691	281.167	348.543	2
1692	92.1255	342.077	2
1693	113.376	347.806	2
1694	137.222	366.199	2
1695	39.3859	369.064	2
1696	248.117	347.142	2
1697	282.233	340.531	2
1698	297.587	340.355	2
1699	134.112	349.695	2
1700	216.315	357.936	2
1701	103.059	348.182	2
1702	165.873	363.401	2
1703	426.621	342.578	2
1704	55.3287	343.576	2
1705	209.026	346.583	2
1706	316.483	340.736	2
1707	169.958	352.217	2
1708	142.749	341.478	2
1709	222.135	352.42	2
1710	148.029	358.919	2
1711	367.086	340.446	2
1712	89.4929	348.371	2
1713	97.526	348.049	2
1714	246.64	353.775	2
1715	222.114	345.446	2
1716	99.6562	341.636	2
1717	48.5697	342.918	2
1718	151.52	341.612	2
1719	323.962	340.803	2
1720	332.859	340.137	2
1721	209.856	353.677	2
1722	109.147	341.651	2
1723	259.267	346.299	2
1724	342.5	340.095	2
1725	80.3436	348.261	2
1726	239.802	354.971	2
1727	179.804	362.378	2
1728	59.4482	348.848	2
1729	289.917	348.34	2
1730	128.415	366.794	2
1731	43.7385	372.037	2
1732	227.48	341.218	2
1733	70.4386	348.439	2
1734	162.55	358.077	2
1735	122.89	355.021	2
1736	228.754	356.15	2
1737	343.731	347.747	2
1738	124.935	351.812	2
1739	50.8919	349.008	2
1740	42.1481	362.99	2
1741	125.866	341.69	2
1742	289.945	340.874	2
1743	228.489	350.366	2
1744	166.054	341.508	2
1745	229.046	345.845	2
1746	377.453	340.163	2
1747	352.5	339.83	2
1748	191.828	340.984	2
1749	44.1872	382.375	2
1750	124.358	367.4	2
1751	193.942	361.429	2
1752	38.3169	384.99	2
1753	233.455	345.185	2
1754	195.522	355.036	2
1755	39.5391	351.855	2
1756	150.632	356.64	2
1757	133.041	361.506	2
1758	353.439	347.18	2
1759	43.1695	356.206	2
1760	241.009	344.737	2
1761	234.627	351.543	2
1762	274.204	344.993	2
1763	266.572	345.75	2
1764	126.002	345.304	2
1765	427.099	339.563	2
1766	136.472	341.293	2
1767	140.475	360.827	2
1768	250.364	354.153	2
1769	207.989	360.059	2
1770	101.383	354.368	2
1771	206.136	340.43	2
1772	144.078	350.802	2
1773	178.293	341.403	2
1774	42.732	385.115	2
1775	218.336	351.822	2
1776	102.509	341.254	2
1777	246.209	350.31	2
1778	248.76	340.013	2
1779	362.5	339.563	2
1780	42.1414	344.878	2
1781	164.916	356.106	2
1782	191.505	348.002	2
1783	363.147	346.61	2
1784	118.076	350.494	2
1785	43.5222	359.833	2
1786	88.3776	341.011	2
1787	48.5621	346.05	2
1788	113.5	355.493	2
1789	172.144	341.427	2
1790	216.195	346.187	2
1791	129.281	363.394	2
1792	58.2063	370.602	3
1793	66.8378	370.611	3
1794	52.5347	377.568	3
1795	77.6605	367.165	3
1796	62.0867	376.267	3
1797	84.7042	367.209	3
1798	51.707	371.912	3
1799	53.9673	365.163	3
1800	56.591	378.101	3
1801	62.5688	365.27	3
1802	94.0129	366.476	3
1803	49.8844	381.241	3
1804	105.555	365.847	3
1805	114.449	364.939	3
1806	70.7641	364.981	3
1807	73.0166	373.022	3
1808	55.0211	374.676	3
1809	68.3449	375.846	3
1810	82.3965	371.018	3
1811	49.6714	375.067	3
1812	62.619	370.812	3
1813	99.9154	367.19	3
1814	53.6108	381.308	3
1815	81.1183	363.857	3
1816	48.8125	378.143	3
1817	50.7456	367.64	3
1818	48.3193	383.081	3
1819	59.7421	378.533	3
1820	77.8688	373.82	3
1821	58.1908	362.27	3
1822	65.8012	378.011	3
1823	90.5995	369.898	3
1824	89.8765	362.521	3
1825	75.6092	363.18	3
1826	110.349	367.858	3
1827	58.491	375.49	3
1828	98.167	362.703	3
1829	110.204	363.217	3
1830	54.4139	368.896	3
1831	58.0652	366.722	3
1832	71.1642	369.289	3
1833	67.4405	362.299	3
1834	65.167	373.948	3
1835	49.8982	363.693	3
1836	86.9273	371.406	3
1837	55.6819	380.958	3
1838	66.9815	366.841	3
1839	48.3662	372.467	3
1840	71.705	376.374	3
1841	96.34	369.938	3
1842	85.3638	362.702	3
1843	50.4951	383.324	3
1844	102.776	362.22	3
1845	47.7805	380.558	3
1846	52.2574	375.492	3
1847	93.8304	361.758	3
1848	75.3302	375.513	3
1849	62.472	379.541	3
1850	117.335	367.573	3
1851	116.97	361.932	3
1852	106.433	369.634	3
1853	53.9954	379.097	3
1854	60.6189	373.416	3
1855	58.0478	380.721	3
1856	80.9534	367.958	3
1857	52.9645	361.273	3
1858	70.0477	372.945	3
1859	54.7539	371.826	3
1860	63.0149	361.23	3
1861	74.2046	367.127	3
1862	83.8272	374.039	3
1863	61.0442	368.132	3
1864	114.17	368.522	3
1865	72.1909	361.535	3
1866	78.4319	360.759	3
1867	113.725	361.218	3
1868	106.815	361.598	3
1869	52.0678	382.47	3
1870	75.825	371.022	3
1871	51.5698	379.623	3
1872	48.7309	360.514	3
1873	69.1216	378.273	3
1874	103.132	369.764	3
1875	54.0799	376.987	3
1876	48.5638	369.78	3
1877	80.7953	374.468	3
1878	79.2499	370.908	3
1879	93.4357	371.351	3
1880	64.0103	368.333	3
1881	57.4182	373.202	3
1882	47.5508	375.131	3
1883	60.31	380.727	3
1884	89.0949	366.62	3
1885	118.56	364.661	3
1886	50.7311	377.054	3
1887	2.23803	393.1	4
1888	427.537	348.041	4
1889	43.5594	388.476	4
1890	38.3944	389.524	4
1891	47.5147	387.692	4
1892	382.928	349.451	4
1893	161.34	369.277	4
1894	208.654	364.696	4
1895	373.12	350.222	4
1896	36.5068	390.072	4
1897	45.4716	387.702	4
1898	15.9274	391.593	4
1899	320.167	353.908	4
1900	292.833	353.908	4
1901	306.5	353.908	4
1902	232.077	361.313	4
1903	93.3808	376.426	4
1904	102.382	374.931	4
1905	137.63	371.337	4
1906	185.02	366.88	4
1907	265.195	356.77	4
1908	329.737	353.687	4
1909	363.314	351.026	4
1910	255.52	358.098	4
1911	198.937	365.584	4
1912	29.2486	390.503	4
1913	111.369	373.613	4
1914	123.718	372.684	4
1915	33.9825	389.591	4
1916	241.754	360.002	4
1917	392.853	348.849	4
1918	402.853	348.599	4
1919	422.853	348.097	4
1920	412.853	348.349	4
1921	278.965	354.893	4
1922	339.546	352.932	4
1923	114.85	373.353	4
1924	175.243	367.823	4
1925	353.474	351.736	4
1926	89.4984	377.317	4
1927	147.412	370.445	4
1928	218.314	363.243	4
1929	222.41	362.697	4
1930	151.551	370.079	4
1931	349.385	352.093	4
1932	6.5347	392.361	4
1933	171.132	368.155	4
1934	343.66	352.56	4
1935	107.699	374.097	4
1936	274.898	355.408	4
1937	407.049	348.452	4
1938	417.049	348.202	4
1939	397.049	348.702	4
1940	25.3415	390.75	4
1941	245.807	359.419	4
1942	127.814	372.253	4
1943	194.837	365.95	4
1944	98.6946	375.593	4
1945	251.49	358.598	4
1946	359.234	351.302	4
1947	333.807	353.328	4
1948	269.206	356.176	4
1949	189.077	366.46	4
1950	133.569	371.691	4
1951	19.7788	391.231	4
1952	310.484	353.899	4
1953	296.795	353.865	4
1954	316.205	353.865	4
1955	302.516	353.899	4
1956	288.872	353.865	4
1957	324.15	353.907	4
1958	228.087	361.819	4
1959	12.0777	391.887	4
1960	119.97	373	4
1961	369.089	350.532	4
1962	212.609	363.964	4
1963	165.344	368.696	4
1964	386.953	349.12	4
1965	40.9923	389	4
1966	157.304	369.459	4
1967	284.678	354.081	4
1968	49.4295	386.751	4
1969	51.5386	386.542	4
1970	141.636	370.961	4
1971	236.038	360.776	4
1972	181.019	367.261	4
1973	379.003	349.729	4
1974	261.322	357.262	4
1975	202.927	365.227	4
1976	206.693	365.378	4
1977	375.223	350.605	4
1978	327.773	354.308	4
1979	87.5731	378.251	4
1980	85.4616	378.459	4
1981	390.746	349.424	4
1982	365.418	351.389	4
1983	366.999	351.288	4
1984	257.625	358.338	4
1985	259.206	358.145	4
1986	376.819	350.504	4
1987	239.79	360.793	4
1988	238.232	361.037	4
1989	400.762	349.168	4
1990	399.103	349.179	4
1991	410.762	348.918	4
1992	409.103	348.929	4
1993	425.017	348.4	4
1994	420.762	348.667	4
1995	419.103	348.679	4
1996	80.9647	379.512	4
1997	56.0353	385.488	4
1998	281.069	355.118	4
1999	282.637	354.93	4
2000	337.524	353.607	4
2001	335.884	353.705	4
2002	177.347	368.136	4
2003	178.932	368.017	4
2004	201.052	365.837	4
2005	95.3361	376.666	4
2006	104.336	375.166	4
2007	91.5358	377.289	4
2008	182.992	367.529	4
2009	355.605	352.154	4
2010	357.244	352.007	4
2011	145.403	371.144	4
2012	143.823	371.321	4
2013	139.743	371.597	4
2014	263.222	357.488	4
2015	159.303	369.785	4
2016	155.2	370.211	4
2017	153.564	370.354	4
2018	234.187	361.485	4
2019	163.437	369.395	4
2020	167.548	369.047	4
2021	169.21	368.831	4
2022	131.498	372.441	4
2023	129.859	372.576	4
2024	135.603	371.981	4
2025	380.904	350.071	4
2026	216.347	364.02	4
2027	214.786	364.255	4
2028	187.13	367.131	4
2029	191.25	366.816	4
2030	192.886	366.644	4
2031	414.98	348.735	4
2032	394.98	349.235	4
2033	404.98	348.985	4
2034	210.745	364.734	4
2035	226.038	362.671	4
2036	224.422	362.886	4
2037	230.095	362.038	4
2038	196.908	366.22	4
2039	125.828	372.912	4
2040	31.1705	390.738	4
2041	173.217	368.446	4
2042	149.524	370.693	4
2043	267.301	356.926	4
2044	271.381	356.439	4
2045	272.995	356.197	4
2046	389.146	349.54	4
2047	385.038	349.747	4
2048	253.536	358.816	4
2049	249.473	359.448	4
2050	247.853	359.656	4
2051	371.084	350.852	4
2052	243.861	360.156	4
2053	220.422	363.395	4
2054	276.978	355.602	4
2055	331.847	353.97	4
2056	361.276	351.634	4
2057	347.336	352.816	4
2058	345.703	352.927	4
2059	351.462	352.4	4
2060	341.655	353.199	4
2061	121.733	373.3	4
2062	304.467	354.361	4
2063	294.862	354.355	4
2064	290.805	354.355	4
2065	308.533	354.361	4
2066	314.103	354.435	4
2067	312.478	354.421	4
2068	318.138	354.355	4
2069	286.7	354.389	4
2070	322.2	354.363	4
2071	298.897	354.435	4
2072	300.522	354.421	4
2073	105.888	374.955	4
2074	96.887	376.454	4
2075	10.0619	392.61	4
2076	8.46109	392.705	4
2077	13.9852	392.197	4
2078	4.5705	392.969	4
2079	17.9412	391.865	4
2080	21.881	391.622	4
2081	23.4815	391.448	4
2082	27.3075	391.085	4
2083	109.556	374.314	4
2084	100.575	375.745	4
2085	116.615	373.765	4
2086	113.156	373.997	4
2087	118.15	373.711	4
2088	205.129	365.558	4
2089	326.145	354.44	4
2090	66.9397	382.869	4
2091	70.0642	382.121	4
2092	63.8185	383.61	4
2093	73.1821	381.388	4
2094	83.2927	379.317	4
2095	53.7073	385.683	4
2096	428.98	349.225	4
2097	60.7225	384.36	4
2098	76.2776	380.64	4
2099	78.7373	380.417	4
2100	58.2627	384.582	4
2101	32.7236	390.717	4
2102	0.889376	394.225	4


