### nodes (vertices)
0	0	300	1
1	430	300	1
2	36	392	4
3	91	379	4
4	109	376	4
5	206	367	4
6	286	356	4
7	327	356	4
8	390	351	4
9	46	390	4
10	121	375	4
11	0	395	4
12	430	350	4
13	46	358	1
14	121	358	2
15	36	388	1
16	46	386	1
17	91	375	3
18	109	372	3
19	206	363	2
20	286	352	2
21	327	352	2
22	390	347	2
23	430	346	2
24	121	371	2
25	0	391	1
26	91	338	1
27	91	358	1
28	430	341	2
29	430	337	1
30	270	337	1
31	199	338	1
32	0	303.5	1
33	0	307	1
34	0	310.5	1
35	0	314	1
36	0	317.5	1
37	0	321	1
38	0	324.5	1
39	0	328	1
40	0	331.5	1
41	0	335	1
42	0	338.5	1
43	0	342	1
44	0	345.5	1
45	0	349	1
46	0	352.5	1
47	0	356	1
48	0	359.5	1
49	0	363	1
50	0	366.5	1
51	0	370	1
52	0	373.5	1
53	0	377	1
54	0	380.5	1
55	0	384	1
56	0	387.5	1
57	0	393	4
58	3.27273	394.727	4
59	6.54545	394.455	4
60	9.81818	394.182	4
61	13.0909	393.909	4
62	16.3636	393.636	4
63	19.6364	393.364	4
64	22.9091	393.091	4
65	26.1818	392.818	4
66	29.4545	392.545	4
67	32.7273	392.273	4
68	39.3333	391.333	4
69	42.6667	390.667	4
70	49.2143	389.214	4
71	52.4286	388.429	4
72	55.6429	387.643	4
73	58.8571	386.857	4
74	62.0714	386.071	4
75	65.2857	385.286	4
76	68.5	384.5	4
77	71.7143	383.714	4
78	74.9286	382.929	4
79	78.1429	382.143	4
80	81.3571	381.357	4
81	84.5714	380.571	4
82	87.7857	379.786	4
83	94	378.5	4
84	97	378	4
85	100	377.5	4
86	103	377	4
87	106	376.5	4
88	112	375.75	4
89	115	375.5	4
90	118	375.25	4
91	124.4	374.68	4
92	127.8	374.36	4
93	131.2	374.04	4
94	134.6	373.72	4
95	138	373.4	4
96	141.4	373.08	4
97	144.8	372.76	4
98	148.2	372.44	4
99	151.6	372.12	4
100	155	371.8	4
101	158.4	371.48	4
102	161.8	371.16	4
103	165.2	370.84	4
104	168.6	370.52	4
105	172	370.2	4
106	175.4	369.88	4
107	178.8	369.56	4
108	182.2	369.24	4
109	185.6	368.92	4
110	189	368.6	4
111	192.4	368.28	4
112	195.8	367.96	4
113	199.2	367.64	4
114	202.6	367.32	4
115	209.333	366.542	4
116	212.667	366.083	4
117	216	365.625	4
118	219.333	365.167	4
119	222.667	364.708	4
120	226	364.25	4
121	229.333	363.792	4
122	232.667	363.333	4
123	236	362.875	4
124	239.333	362.417	4
125	242.667	361.958	4
126	246	361.5	4
127	249.333	361.042	4
128	252.667	360.583	4
129	256	360.125	4
130	259.333	359.667	4
131	262.667	359.208	4
132	266	358.75	4
133	269.333	358.292	4
134	272.667	357.833	4
135	276	357.375	4
136	279.333	356.917	4
137	282.667	356.458	4
138	289.417	356	4
139	292.833	356	4
140	296.25	356	4
141	299.667	356	4
142	303.083	356	4
143	306.5	356	4
144	309.917	356	4
145	313.333	356	4
146	316.75	356	4
147	320.167	356	4
148	323.583	356	4
149	330.316	355.737	4
150	333.632	355.474	4
151	336.947	355.211	4
152	340.263	354.947	4
153	343.579	354.684	4
154	346.895	354.421	4
155	350.211	354.158	4
156	353.526	353.895	4
157	356.842	353.632	4
158	360.158	353.368	4
159	363.474	353.105	4
160	366.789	352.842	4
161	370.105	352.579	4
162	373.421	352.316	4
163	376.737	352.053	4
164	380.053	351.789	4
165	383.368	351.526	4
166	386.684	351.263	4
167	393.333	350.917	4
168	396.667	350.833	4
169	400	350.75	4
170	403.333	350.667	4
171	406.667	350.583	4
172	410	350.5	4
173	413.333	350.417	4
174	416.667	350.333	4
175	420	350.25	4
176	423.333	350.167	4
177	426.667	350.083	4
178	430	348	4
179	430	343.5	2
180	430	339	2
181	430	333.636	1
182	430	330.273	1
183	430	326.909	1
184	430	323.545	1
185	430	320.182	1
186	430	316.818	1
187	430	313.455	1
188	430	310.091	1
189	430	306.727	1
190	430	303.364	1
191	426.504	300	1
192	423.008	300	1
193	419.512	300	1
194	416.016	300	1
195	412.52	300	1
196	409.024	300	1
197	405.528	300	1
198	402.033	300	1
199	398.537	300	1
200	395.041	300	1
201	391.545	300	1
202	388.049	300	1
203	384.553	300	1
204	381.057	300	1
205	377.561	300	1
206	374.065	300	1
207	370.569	300	1
208	367.073	300	1
209	363.577	300	1
210	360.081	300	1
211	356.585	300	1
212	353.089	300	1
213	349.593	300	1
214	346.098	300	1
215	342.602	300	1
216	339.106	300	1
217	335.61	300	1
218	332.114	300	1
219	328.618	300	1
220	325.122	300	1
221	321.626	300	1
222	318.13	300	1
223	314.634	300	1
224	311.138	300	1
225	307.642	300	1
226	304.146	300	1
227	300.65	300	1
228	297.154	300	1
229	293.659	300	1
230	290.163	300	1
231	286.667	300	1
232	283.171	300	1
233	279.675	300	1
234	276.179	300	1
235	272.683	300	1
236	269.187	300	1
237	265.691	300	1
238	262.195	300	1
239	258.699	300	1
240	255.203	300	1
241	251.707	300	1
242	248.211	300	1
243	244.715	300	1
244	241.22	300	1
245	237.724	300	1
246	234.228	300	1
247	230.732	300	1
248	227.236	300	1
249	223.74	300	1
250	220.244	300	1
251	216.748	300	1
252	213.252	300	1
253	209.756	300	1
254	206.26	300	1
255	202.764	300	1
256	199.268	300	1
257	195.772	300	1
258	192.276	300	1
259	188.78	300	1
260	185.285	300	1
261	181.789	300	1
262	178.293	300	1
263	174.797	300	1
264	171.301	300	1
265	167.805	300	1
266	164.309	300	1
267	160.813	300	1
268	157.317	300	1
269	153.821	300	1
270	150.325	300	1
271	146.829	300	1
272	143.333	300	1
273	139.837	300	1
274	136.341	300	1
275	132.846	300	1
276	129.35	300	1
277	125.854	300	1
278	122.358	300	1
279	118.862	300	1
280	115.366	300	1
281	111.87	300	1
282	108.374	300	1
283	104.878	300	1
284	101.382	300	1
285	97.8862	300	1
286	94.3902	300	1
287	90.8943	300	1
288	87.3984	300	1
289	83.9024	300	1
290	80.4065	300	1
291	76.9106	300	1
292	73.4146	300	1
293	69.9187	300	1
294	66.4228	300	1
295	62.9268	300	1
296	59.4309	300	1
297	55.935	300	1
298	52.439	300	1
299	48.9431	300	1
300	45.4472	300	1
301	41.9512	300	1
302	38.4553	300	1
303	34.9593	300	1
304	31.4634	300	1
305	27.9675	300	1
306	24.4715	300	1
307	20.9756	300	1
308	17.4797	300	1
309	13.9837	300	1
310	10.4878	300	1
311	6.99187	300	1
312	3.49593	300	1
313	3.27273	390.727	1
314	6.54545	390.455	1
315	9.81818	390.182	1
316	13.0909	389.909	1
317	16.3636	389.636	1
318	19.6364	389.364	1
319	22.9091	389.091	1
320	26.1818	388.818	1
321	29.4545	388.545	1
322	32.7273	388.273	1
323	39.3333	387.333	1
324	42.6667	386.667	1
325	46	382.5	1
326	46	379	1
327	46	375.5	1
328	46	372	1
329	46	368.5	1
330	46	365	1
331	46	361.5	1
332	121	361.25	2
333	121	364.5	2
334	121	367.75	2
335	118	371.25	3
336	115	371.5	3
337	112	371.75	3
338	106	372.5	3
339	103	373	3
340	100	373.5	3
341	97	374	3
342	94	374.5	3
343	87.7857	375.786	3
344	84.5714	376.571	3
345	81.3571	377.357	3
346	78.1429	378.143	3
347	74.9286	378.929	3
348	71.7143	379.714	3
349	68.5	380.5	3
350	65.2857	381.286	3
351	62.0714	382.071	3
352	58.8571	382.857	3
353	55.6429	383.643	3
354	52.4286	384.429	3
355	49.2143	385.214	3
356	124.4	370.68	2
357	127.8	370.36	2
358	131.2	370.04	2
359	134.6	369.72	2
360	138	369.4	2
361	141.4	369.08	2
362	144.8	368.76	2
363	148.2	368.44	2
364	151.6	368.12	2
365	155	367.8	2
366	158.4	367.48	2
367	161.8	367.16	2
368	165.2	366.84	2
369	168.6	366.52	2
370	172	366.2	2
371	175.4	365.88	2
372	178.8	365.56	2
373	182.2	365.24	2
374	185.6	364.92	2
375	189	364.6	2
376	192.4	364.28	2
377	195.8	363.96	2
378	199.2	363.64	2
379	202.6	363.32	2
380	209.333	362.542	2
381	212.667	362.083	2
382	216	361.625	2
383	219.333	361.167	2
384	222.667	360.708	2
385	226	360.25	2
386	229.333	359.792	2
387	232.667	359.333	2
388	236	358.875	2
389	239.333	358.417	2
390	242.667	357.958	2
391	246	357.5	2
392	249.333	357.042	2
393	252.667	356.583	2
394	256	356.125	2
395	259.333	355.667	2
396	262.667	355.208	2
397	266	354.75	2
398	269.333	354.292	2
399	272.667	353.833	2
400	276	353.375	2
401	279.333	352.917	2
402	282.667	352.458	2
403	289.417	352	2
404	292.833	352	2
405	296.25	352	2
406	299.667	352	2
407	303.083	352	2
408	306.5	352	2
409	309.917	352	2
410	313.333	352	2
411	316.75	352	2
412	320.167	352	2
413	323.583	352	2
414	330.316	351.737	2
415	333.632	351.474	2
416	336.947	351.211	2
417	340.263	350.947	2
418	343.579	350.684	2
419	346.895	350.421	2
420	350.211	350.158	2
421	353.526	349.895	2
422	356.842	349.632	2
423	360.158	349.368	2
424	363.474	349.105	2
425	366.789	348.842	2
426	370.105	348.579	2
427	373.421	348.316	2
428	376.737	348.053	2
429	380.053	347.789	2
430	383.368	347.526	2
431	386.684	347.263	2
432	393.333	346.917	2
433	396.667	346.833	2
434	400	346.75	2
435	403.333	346.667	2
436	406.667	346.583	2
437	410	346.5	2
438	413.333	346.417	2
439	416.667	346.333	2
440	420	346.25	2
441	423.333	346.167	2
442	426.667	346.083	2
443	49.4615	358	1
444	52.9231	358	1
445	56.3846	358	1
446	59.8462	358	1
447	63.3077	358	1
448	66.7692	358	1
449	70.2308	358	1
450	73.6923	358	1
451	77.1538	358	1
452	80.6154	358	1
453	84.0769	358	1
454	87.5385	358	1
455	94.3333	358	2
456	97.6667	358	2
457	101	358	2
458	104.333	358	2
459	107.667	358	2
460	111	358	2
461	114.333	358	2
462	117.667	358	2
463	91	354.667	1
464	91	351.333	1
465	91	348	1
466	91	344.667	1
467	91	341.333	1
468	94.4839	338	1
469	97.9677	338	1
470	101.452	338	1
471	104.935	338	1
472	108.419	338	1
473	111.903	338	1
474	115.387	338	1
475	118.871	338	1
476	122.355	338	1
477	125.839	338	1
478	129.323	338	1
479	132.806	338	1
480	136.29	338	1
481	139.774	338	1
482	143.258	338	1
483	146.742	338	1
484	150.226	338	1
485	153.71	338	1
486	157.194	338	1
487	160.677	338	1
488	164.161	338	1
489	167.645	338	1
490	171.129	338	1
491	174.613	338	1
492	178.097	338	1
493	181.581	338	1
494	185.065	338	1
495	188.548	338	1
496	192.032	338	1
497	195.516	338	1
498	202.381	337.952	1
499	205.762	337.905	1
500	209.143	337.857	1
501	212.524	337.81	1
502	215.905	337.762	1
503	219.286	337.714	1
504	222.667	337.667	1
505	226.048	337.619	1
506	229.429	337.571	1
507	232.81	337.524	1
508	236.19	337.476	1
509	239.571	337.429	1
510	242.952	337.381	1
511	246.333	337.333	1
512	249.714	337.286	1
513	253.095	337.238	1
514	256.476	337.19	1
515	259.857	337.143	1
516	263.238	337.095	1
517	266.619	337.048	1
518	273.478	337	1
519	276.957	337	1
520	280.435	337	1
521	283.913	337	1
522	287.391	337	1
523	290.87	337	1
524	294.348	337	1
525	297.826	337	1
526	301.304	337	1
527	304.783	337	1
528	308.261	337	1
529	311.739	337	1
530	315.217	337	1
531	318.696	337	1
532	322.174	337	1
533	325.652	337	1
534	329.13	337	1
535	332.609	337	1
536	336.087	337	1
537	339.565	337	1
538	343.043	337	1
539	346.522	337	1
540	350	337	1
541	353.478	337	1
542	356.957	337	1
543	360.435	337	1
544	363.913	337	1
545	367.391	337	1
546	370.87	337	1
547	374.348	337	1
548	377.826	337	1
549	381.304	337	1
550	384.783	337	1
551	388.261	337	1
552	391.739	337	1
553	395.217	337	1
554	398.696	337	1
555	402.174	337	1
556	405.652	337	1
557	409.13	337	1
558	412.609	337	1
559	416.087	337	1
560	419.565	337	1
561	423.043	337	1
562	426.522	337	1
563	30.8027	331.089	1
564	63.4301	328.998	1
565	22.6361	366.525	1
566	81.9547	320.313	1
567	19.5748	347.082	1
568	47.1182	319.816	1
569	200.353	319.077	1
570	220.784	319.366	1
571	100.532	319.399	1
572	240.989	320.348	1
573	181.501	319.027	1
574	120.711	319.722	1
575	141.286	318.988	1
576	162.46	319.432	1
577	261.1	318.678	1
578	411.294	318.443	1
579	47.8043	339.351	1
580	279.792	318.505	1
581	390.048	318.263	1
582	369.015	319.173	1
583	348.145	319.175	1
584	327.276	319.177	1
585	306.522	318.524	1
586	17.7753	317.749	1
587	74.4301	341.73	1
588	34.1622	347.84	1
589	14.9317	332.766	1
590	67.3224	315.311	1
591	32.5181	314.746	1
592	293.295	322.814	1
593	60.7761	344.129	1
594	13.6105	376.472	1
595	33.1894	375.684	1
596	12.8425	358.024	1
597	33.5088	360.052	1
598	210.663	325.77	1
599	230.95	325.536	1
600	400.778	324.666	1
601	131.065	325.706	1
602	131.371	312.239	1
603	151.934	325.722	1
604	251.236	325.298	1
605	151.534	312.091	1
606	400.696	312.297	1
607	209.936	312.208	1
608	379.889	325.251	1
609	358.696	324.895	1
610	337.826	324.896	1
611	316.957	324.897	1
612	230.614	312.546	1
613	379.566	312.346	1
614	358.694	312.146	1
615	337.564	311.924	1
616	316.404	311.616	1
617	251.217	311.922	1
618	110.586	325.9	1
619	90.2353	311.814	1
620	110.745	312.081	1
621	56.4565	312.058	1
622	81.5423	331.844	1
623	190.749	326.348	1
624	191.487	311.377	1
625	91.3245	326.415	1
626	171.89	326.124	1
627	171.498	311.979	1
628	289.195	311.555	1
629	270.653	325.388	1
630	270.74	311.587	1
631	52.2993	329.174	1
632	419.194	326.175	1
633	419.283	310.524	1
634	42.0342	328.607	1
635	10.6286	310.436	1
636	77.5631	310.32	1
637	299.856	310.444	1
638	23.4243	378.971	1
639	10.1905	342.071	1
640	73.2329	325.802	1
641	41.7129	310.341	1
642	23.6492	356.676	1
643	27.1764	340.405	1
644	9.97487	323.953	1
645	37.7539	337.951	1
646	24.1036	309.889	1
647	81.4327	348.484	1
648	51.856	348.237	1
649	9.79274	367.37	1
650	301.708	327.364	1
651	284.065	327.049	1
652	200.558	328.568	1
653	220.845	328.362	1
654	241.177	328.955	1
655	201.254	309.109	1
656	100.607	328.519	1
657	99.8183	309.451	1
658	121.174	328.666	1
659	220.914	309.01	1
660	261.77	327.781	1
661	140.968	328.803	1
662	162.19	328.688	1
663	26.7136	322.362	1
664	162.561	309.424	1
665	141.67	309.737	1
666	120.569	309.708	1
667	57.7596	321.294	1
668	240.583	308.955	1
669	181.707	328.498	1
670	181.917	309.598	1
671	260.526	308.679	1
672	69.2369	348.164	1
673	410.142	328.545	1
674	409.888	309.156	1
675	391.399	327.701	1
676	369.092	328.037	1
677	348.222	328.039	1
678	327.352	328.04	1
679	390.909	309.162	1
680	327.537	309.14	1
681	348.481	309.15	1
682	369.496	309.133	1
683	280.39	309.181	1
684	66.3662	337.411	1
685	308.619	309.011	1
686	57.529	335.428	1
687	43.7101	349.669	1
688	37.4342	367.722	1
689	82.4312	339.646	1
690	8.66166	350.278	1
691	35.5755	323.544	1
692	422.003	318.5	1
693	22.7071	329.861	1
694	7.94802	382.264	1
695	309.933	329.026	1
696	63.1415	308.104	1
697	73.5406	333.437	1
698	20.2712	339.645	1
699	48.8993	308.194	1
700	27.4533	349.512	1
701	84.4522	308.225	1
702	276.975	329.413	1
703	7.82569	335.341	1
704	38.8156	379.809	1
705	298.855	318.075	1
706	74.2769	318.695	1
707	89.1765	318.713	1
708	34.564	307.816	1
709	66.4712	321.855	1
710	193.121	318.9	1
711	29.045	367.981	1
712	70.5635	307.425	1
713	208.109	318.91	1
714	169.93	318.898	1
715	17.4311	382.673	1
716	228.342	318.779	1
717	107.579	319.359	1
718	128.344	318.918	1
719	154.239	318.753	1
720	287.358	318.754	1
721	249.188	318.327	1
722	268.652	318.37	1
723	7.447	317.023	1
724	30.4282	381.866	1
725	384.924	329.866	1
726	17.1525	307.443	1
727	58.4949	351.003	1
728	384.996	307.553	1
729	295.064	329.719	1
730	39.4817	355.664	1
731	39.2498	317.279	1
732	20.0038	372.725	1
733	404.232	318.787	1
734	382.118	318.654	1
735	361.574	318.44	1
736	340.706	318.447	1
737	319.872	318.497	1
738	16.9927	325.365	1
739	397.339	318.647	1
740	6.76539	373.838	1
741	215.232	306.977	1
742	246.905	307.136	1
743	16.0349	364.236	1
744	54.1747	341.628	1
745	75.1798	351.328	1
746	333.56	306.539	1
747	87.9668	332.255	1
748	6.21101	361.403	1
749	206.076	331.285	1
750	156.277	307.047	1
751	354.516	306.546	1
752	106.237	307.131	1
753	214.867	331.194	1
754	156.225	331.263	1
755	135.4	306.704	1
756	226.342	331.038	1
757	314.012	319.237	1
758	126.802	331.265	1
759	135.169	331.219	1
760	334.031	319.115	1
761	354.9	319.116	1
762	375.769	319.117	1
763	235.729	331.112	1
764	375.227	306.612	1
765	147.844	331.229	1
766	126.959	306.785	1
767	246.61	330.787	1
768	255.294	330.611	1
769	83.89	326.066	1
770	147.895	306.763	1
771	134.875	320.21	1
772	375.458	330.301	1
773	148.247	320.002	1
774	362.522	330.56	1
775	354.589	330.302	1
776	341.652	330.561	1
777	333.719	330.302	1
778	320.96	329.872	1
779	294.005	306.355	1
780	106.684	331.474	1
781	17.8417	353.508	1
782	195.232	306.686	1
783	254.598	319.895	1
784	362.583	306.655	1
785	114.501	331.349	1
786	234.512	319.975	1
787	214.289	320.288	1
788	114.893	306.326	1
789	342.386	305.991	1
790	42.5058	343.008	1
791	403.758	330.687	1
792	320.736	306.586	1
793	403.94	306.473	1
794	32.5649	353.517	1
795	83.8841	314.772	1
796	266.426	306.593	1
797	175.122	332.111	1
798	46.9964	332.987	1
799	194.704	331.502	1
800	175.338	306.177	1
801	206.509	306.328	1
802	274.966	306.366	1
803	227.519	306.939	1
804	216.825	313.695	1
805	93.9522	306.415	1
806	60.956	315.784	1
807	234.017	306.497	1
808	168.272	331.462	1
809	114.041	320.182	1
810	254.514	306.463	1
811	186.635	306.368	1
812	187.212	332.31	1
813	27.2812	361.95	1
814	266.794	330.609	1
815	168.114	306.387	1
816	424.205	330.313	1
817	26.1285	373.202	1
818	26.523	315.971	1
819	94.8163	332.263	1
820	424.204	306.687	1
821	244.068	313.559	1
822	52.6764	317.477	1
823	397.397	306.867	1
824	397.048	330.777	1
825	39.8474	373.627	1
826	137.586	314.47	1
827	286.173	306.334	1
828	145.114	314.852	1
829	103.735	313.772	1
830	196.888	313.769	1
831	46.844	326.158	1
832	331.158	313.457	1
833	116.819	314.495	1
834	314.628	305.968	1
835	94.7647	316.942	1
836	386.703	313.983	1
837	39.8327	361.938	1
838	386.746	324.016	1
839	352.077	313.478	1
840	5.86768	305.818	1
841	5.98887	329.583	1
842	373.013	313.447	1
843	264.071	313.654	1
844	288.996	331.301	1
845	187.196	316.768	1
846	175.548	321.347	1
847	196.631	323.937	1
848	415.701	330.98	1
849	28.8408	305.864	1
850	158.165	313.478	1
851	415.363	305.928	1
852	177.632	314.129	1
853	204.807	324.265	1
854	57.6696	305.559	1
855	158.096	324.437	1
856	96.894	324.043	1
857	125.305	324.294	1
858	225.11	324.133	1
859	125.25	313.566	1
860	292.974	316.75	1
861	185.514	323.659	1
862	276.423	323.697	1
863	276.208	313.752	1
864	245.411	323.984	1
865	236.417	314.283	1
866	104.933	324.402	1
867	26.2296	333.808	1
868	166.263	323.92	1
869	13.6428	347.54	1
870	68.6914	342.936	1
871	41.3826	322.714	1
872	265.119	323.632	1
873	47.2967	313.622	1
874	364.48	323.649	1
875	343.611	323.652	1
876	322.868	323.912	1
877	165.807	314.51	1
878	256.64	314.106	1
879	32.0694	336.716	1
880	78.5794	326.207	1
881	36.8866	332.534	1
882	85.1792	352.943	1
883	57.6577	326.752	1
884	364.27	313.189	1
885	303.577	305.869	1
886	52.1295	335.305	1
887	343.351	313.18	1
888	203.68	314.827	1
889	64.4785	351.729	1
890	322.45	313.196	1
891	78.1064	336.694	1
892	416.907	320.826	1
893	315.323	331.192	1
894	19.1626	359.28	1
895	424.314	323.698	1
896	52.1876	323.257	1
897	424.353	312.91	1
898	14.4401	370.744	1
899	332.315	324.192	1
900	353.185	324.191	1
901	373.957	324.206	1
902	283.608	314.15	1
903	223.731	314.795	1
904	69.0808	329.759	1
905	414.041	313.337	1
906	136.791	325.322	1
907	5.74923	345.509	1
908	15.8876	312.855	1
909	146.366	325.032	1
910	306.941	324.636	1
911	5.70482	355.555	1
912	85.6044	344.835	1
913	48.3292	352.033	1
914	304.882	312.845	1
915	256.625	325.203	1
916	236.474	325.154	1
917	310.526	314.504	1
918	216.303	325.842	1
919	33.2264	342.091	1
920	12.7478	318.908	1
921	47.3764	344.837	1
922	406.541	323.511	1
923	79.3864	305.406	1
924	44.3759	305.412	1
925	406.037	313.011	1
926	5.29211	312.063	1
927	5.30099	340.014	1
928	14.0362	337.968	1
929	11.9781	305.202	1
930	273.964	318.495	1
931	12.5938	384.691	1
932	115.663	326.057	1
933	305.301	331.484	1
934	25.4707	383.842	1
935	393.316	314.576	1
936	395.577	323.58	1
937	43.0627	336.669	1
938	272.3	331.809	1
939	78.8961	315.58	1
940	76.6433	346.352	1
941	72.7881	313.214	1
942	281.482	331.961	1
943	297.945	324.202	1
944	30.9817	325.431	1
945	21.538	322.175	1
946	89.0209	305.109	1
947	5.02664	322.405	1
948	24.474	344.929	1
949	294.863	311.954	1
950	177.084	326.129	1
951	22.1228	305.048	1
952	299.931	332.238	1
953	30.9034	319.657	1
954	380.482	305.264	1
955	11.35	329.028	1
956	22.7167	351.155	1
957	380.524	331.69	1
958	53.8101	352.963	1
959	18.5848	377.877	1
960	36.9905	312.184	1
961	61.3256	338.971	1
962	62.8929	334.15	1
963	39.1976	305.095	1
964	16.085	342.861	1
965	288.012	323.792	1
966	28.8013	311.378	1
967	20.1633	334.059	1
968	311.945	324.106	1
969	5.11065	369.332	1
970	283.137	322.486	1
971	389.339	332.187	1
972	389.277	304.786	1
973	79.825	353.074	1
974	4.71065	378.386	1
975	4.55803	385.794	1
976	86.1111	336.321	1
977	61.852	324.268	1
978	35.1469	383.211	1
979	21.4219	314.35	1
980	414.309	325.254	1
981	298.692	304.767	1
982	12.7328	352.884	1
983	200.647	333.213	1
984	95.5586	311.967	1
985	56.5605	346.906	1
986	220.887	333.017	1
987	100.098	333.31	1
988	219.713	304.762	1
989	186.086	311.815	1
990	241.839	304.786	1
991	180.396	304.593	1
992	241.207	332.504	1
993	180.384	333.232	1
994	11.3656	362.719	1
995	38.3847	350.854	1
996	201.078	305.097	1
997	101.728	304.924	1
998	160.462	304.922	1
999	28.0423	377.487	1
1000	122.353	333.297	1
1001	161.098	333.28	1
1002	139.762	333.378	1
1003	260.192	332.602	1
1004	29.2252	357.331	1
1005	139.8	304.602	1
1006	122.401	304.599	1
1007	70.1988	353.326	1
1008	71.1276	337.958	1
1009	74.5844	304.709	1
1010	36.6345	326.985	1
1011	63.986	348.071	1
1012	328.812	304.624	1
1013	37.4552	343.491	1
1014	33.4252	364.285	1
1015	349.757	304.621	1
1016	410.638	332.338	1
1017	281.423	304.502	1
1018	411.012	305.229	1
1019	418.288	315.509	1
1020	260.403	304.965	1
1021	370.72	304.574	1
1022	370.948	332.456	1
1023	350.078	332.457	1
1024	329.209	332.457	1
1025	141.333	323.792	1
1026	77.0488	322.087	1
1027	66.6319	304.725	1
1028	99.8746	314.257	1
1029	220.303	323.114	1
1030	119.704	323.224	1
1031	302.889	321.591	1
1032	210.763	333.595	1
1033	131.09	304.427	1
1034	152.041	304.435	1
1035	231.048	333.316	1
1036	151.96	333.586	1
1037	131.065	333.591	1
1038	240.789	323.395	1
1039	251.344	332.979	1
1040	358.696	332.618	1
1041	337.826	332.618	1
1042	21.4812	384.236	1
1043	110.16	304.598	1
1044	52.8049	304.712	1
1045	358.416	304.424	1
1046	337.328	304.562	1
1047	270.663	305.076	1
1048	18.457	368.52	1
1049	369.277	322.626	1
1050	348.408	322.629	1
1051	327.538	322.632	1
1052	71.1193	321.102	1
1053	51.3795	312.062	1
1054	56.1232	331.539	1
1055	111.92	316.322	1
1056	172.784	315.931	1
1057	309.39	304.297	1
1058	80.4376	343.916	1
1059	211.314	304.271	1
1060	27.1153	328.406	1
1061	34.0507	370.889	1
1062	9.34001	377.946	1
1063	76.3082	330.702	1
1064	92.6013	322.238	1
1065	396.352	310.793	1
1066	28.9746	344.982	1
1067	211.133	316.169	1
1068	390.957	322.991	1
1069	419.499	332.468	1
1070	22.2613	361.35	1
1071	250.085	304.469	1
1072	182.485	314.443	1
1073	180.758	323.616	1
1074	419.496	304.533	1
1075	43.2602	354.282	1
1076	280.192	326.047	1
1077	368.965	313.982	1
1078	348.06	313.988	1
1079	327.154	313.994	1
1080	67.0858	310.314	1
1081	41.5947	366.039	1
1082	291.61	327.213	1
1083	18.0571	328.923	1
1084	189.55	322.196	1
1085	110.471	333.526	1
1086	71.9251	346.473	1
1087	231.208	316.045	1
1088	290.262	304.486	1
1089	324.795	332.757	1
1090	346.068	333.146	1
1091	366.938	333.145	1
1092	313.009	310.533	1
1093	191.41	304.379	1
1094	261.256	322.86	1
1095	35.812	318.238	1
1096	409.925	322.273	1
1097	143.778	334.144	1
1098	3.95979	364.697	1
1099	366.682	303.819	1
1100	151.343	316.243	1
1101	345.49	304.408	1
1102	143.844	303.84	1
1103	323.776	304.953	1
1104	251.596	315.747	1
1105	131.128	315.661	1
1106	3.374	350.693	1
1107	206.399	310.874	1
1108	56.9646	317.185	1
1109	60.7226	311.242	1
1110	33.0758	379.765	1
1111	60.9965	303.605	1
1112	88.0374	323.223	1
1113	226.258	309.903	1
1114	171.587	333.644	1
1115	394.252	332.755	1
1116	394.245	304.35	1
1117	11.0998	314.962	1
1118	141.11	314.638	1
1119	121.005	314.403	1
1120	118.453	334.217	1
1121	62.558	318.842	1
1122	13.7425	380.638	1
1123	239.941	314.157	1
1124	118.146	304.288	1
1125	171.388	304.997	1
1126	81.4471	310.676	1
1127	42.0244	377.344	1
1128	86.9066	341.144	1
1129	190.493	332.79	1
1130	426.178	318.5	1
1131	68.6549	333.356	1
1132	40.1275	346.85	1
1133	82.0821	336.07	1
1134	237.663	304.271	1
1135	223.892	304.267	1
1136	41.2777	382.564	1
1137	24.0469	338.499	1
1138	91.6184	333.334	1
1139	161.618	323.176	1
1140	40.6497	333.531	1
1141	3.1772	332.491	1
1142	27.113	352.732	1
1143	86.959	348.434	1
1144	200.773	323.087	1
1145	9.0088	386.854	1
1146	68.6317	326.169	1
1147	65.7109	342.439	1
1148	23.5256	324.251	1
1149	379.285	315.52	1
1150	358.444	315.531	1
1151	164.78	333.291	1
1152	337.79	315.447	1
1153	42.9368	316.192	1
1154	316.665	316.065	1
1155	97.3937	304.276	1
1156	165.353	304.507	1
1157	19.4084	310.856	1
1158	310.097	334.055	1
1159	32.8885	305.093	1
1160	263.576	332.96	1
1161	25.6328	368.973	1
1162	410.067	314.602	1
1163	42.2176	370.33	1
1164	186.902	326.875	1
1165	292.642	333.203	1
1166	11.1035	373.162	1
1167	285.542	310.439	1
1168	285.225	333.21	1
1169	162.165	315.013	1
1170	22.2965	319.187	1
1171	234.271	310.645	1
1172	400.776	320.518	1
1173	425.88	327.23	1
1174	167.948	310.394	1
1175	425.886	309.704	1
1176	95.3368	326.979	1
1177	260.075	314.121	1
1178	303.441	316.358	1
1179	31.4078	349.581	1
1180	196.559	327.896	1
1181	100.693	323.309	1
1182	401.061	316.145	1
1183	254.833	310.448	1
1184	35.8465	356.81	1
1185	85.4905	317.827	1
1186	36.6087	376.373	1
1187	400.882	333.727	1
1188	88.649	316.276	1
1189	103.246	334.657	1
1190	270.684	321.589	1
1191	420.527	322.148	1
1192	400.619	303.91	1
1193	53.6228	308.45	1
1194	230.765	304.062	1
1195	271.363	315.774	1
1196	114.784	310.835	1
1197	20.479	342.543	1
1198	86.8942	310.74	1
1199	41.8007	358.583	1
1200	130.923	321.749	1
1201	48.1783	303.988	1
1202	29.8469	372.189	1
1203	151.934	321.674	1
1204	148.201	310.581	1
1205	58.2211	341.041	1
1206	210.547	321.825	1
1207	175.712	310.658	1
1208	380.036	321.582	1
1209	359.419	321.279	1
1210	338.55	321.282	1
1211	317.037	320.663	1
1212	134.317	309.753	1
1213	230.89	321.577	1
1214	11.5143	335.133	1
1215	264.885	327.319	1
1216	166.327	327.578	1
1217	313.561	327.197	1
1218	251.114	321.381	1
1219	9.66655	346.177	1
1220	64.5792	313.05	1
1221	9.72091	355.591	1
1222	317.916	304.5	1
1223	210.648	328.841	1
1224	15.8477	321.414	1
1225	204.02	320.198	1
1226	213.888	310.143	1
1227	184.215	333.987	1
1228	3.75543	315.76	1
1229	183.499	303.234	1
1230	3.56854	325.91	1
1231	45.3635	309.432	1
1232	84.9415	329.461	1
1233	297.904	313.526	1
1234	230.929	328.581	1
1235	83.165	304.372	1
1236	77.7423	340.072	1
1237	3.77902	382.133	1
1238	124.587	320.322	1
1239	158.189	317.784	1
1240	224.506	320.122	1
1241	60.0452	331.041	1
1242	249.992	308.183	1
1243	204.33	328.128	1
1244	130.994	328.8	1
1245	104.553	328.121	1
1246	383.395	325.598	1
1247	203.763	334.631	1
1248	217.716	334.42	1
1249	245.758	317.528	1
1250	144.683	321.942	1
1251	152.023	328.803	1
1252	251.21	328.319	1
1253	275.471	333.095	1
1254	131.13	309.087	1
1255	16.7067	349.629	1
1256	197.158	309.861	1
1257	196.7	317.776	1
1258	382.343	310.27	1
1259	224.035	334.377	1
1260	278.133	303.156	1
1261	211.046	308.468	1
1262	238.129	334.241	1
1263	152.239	308.673	1
1264	407.397	333.79	1
1265	110.324	322.135	1
1266	407.432	303.299	1
1267	88.5056	328.836	1
1268	61.3088	354.158	1
1269	72.9764	329.538	1
1270	70.069	317.719	1
1271	244.319	334.075	1
1272	46.9302	348.571	1
1273	25.6461	303.637	1
1274	372.41	320.703	1
1275	351.542	320.702	1
1276	193.073	314.878	1
1277	330.675	320.702	1
1278	208.105	315.61	1
1279	388.118	327.128	1
1280	220.493	314.996	1
1281	15.6791	303.809	1
1282	104.251	317.647	1
1283	103.732	309.856	1
1284	49.9848	342.505	1
1285	217.431	317.678	1
1286	224.664	327.949	1
1287	274.099	326.782	1
1288	365.239	319.877	1
1289	344.37	319.883	1
1290	323.274	319.932	1
1291	228.391	315.597	1
1292	387.898	309.49	1
1293	308.903	320.412	1
1294	295.411	319.619	1
1295	337.13	308.441	1
1296	32.2299	310.386	1
1297	393.441	320.256	1
1298	358.124	308.468	1
1299	248.18	314.608	1
1300	110.242	329.788	1
1301	359.119	328.626	1
1302	338.25	328.626	1
1303	298.092	326.973	1
1304	244.024	309.799	1
1305	274.603	310.42	1
1306	22.8439	375.181	1
1307	108.01	315.647	1
1308	265.619	317.408	1
1309	244.916	327.757	1
1310	407.695	320.037	1
1311	158.532	328.15	1
1312	65.6103	331.684	1
1313	124.481	328.229	1
1314	158.732	309.625	1
1315	4.01389	336.501	1
1316	109.803	308.315	1
1317	127.871	310.328	1
1318	48.4991	329.338	1
1319	171.827	322.229	1
1320	66.1278	318.714	1
1321	138.965	321.226	1
1322	397.266	314.172	1
1323	204.208	303.326	1
1324	166.066	320.064	1
1325	397.751	327.109	1
1326	9.79186	338.411	1
1327	217.422	309.769	1
1328	191.314	329.928	1
1329	383.174	314.128	1
1330	330.955	309.699	1
1331	351.903	309.718	1
1332	376.073	310.528	1
1333	169.934	315.26	1
1334	90.7705	330.095	1
1335	257.183	303.307	1
1336	81.7467	324.188	1
1337	291.114	319.907	1
1338	263.845	309.679	1
1339	177.53	318.198	1
1340	197.51	334.717	1
1341	197.876	303.339	1
1342	96.7155	319.541	1
1343	386.437	317.317	1
1344	289.319	315.685	1
1345	318.572	333.189	1
1346	200.45	315.186	1
1347	18.0017	386.371	1
1348	400.764	308.412	1
1349	172.316	329.912	1
1350	172.735	308.498	1
1351	406.186	327.473	1
1352	55.3208	337.866	1
1353	38.1403	320.824	1
1354	305.948	328.05	1
1355	73.7198	309.603	1
1356	415.457	310.05	1
1357	3.37919	308.861	1
1358	280.205	314.898	1
1359	71.7338	303.624	1
1360	4.02457	358.841	1
1361	389.607	312.196	1
1362	13.4481	366.927	1
1363	30.8254	385.223	1
1364	385.821	332.712	1
1365	385.788	304.311	1
1366	191.746	308.142	1
1367	426.236	333.223	1
1368	263.632	303.28	1
1369	296.779	333.414	1
1370	49.088	316.935	1
1371	13.3497	325.816	1
1372	231.052	308.495	1
1373	426.236	303.776	1
1374	90.6191	308.306	1
1375	185.202	319.954	1
1376	22.3157	370.153	1
1377	320.018	310.282	1
1378	406.22	309.469	1
1379	8.79582	303.327	1
1380	415.169	317.566	1
1381	365.122	327.359	1
1382	340.573	309.67	1
1383	344.253	327.361	1
1384	117.214	318.151	1
1385	361.496	310.155	1
1386	323.425	327.222	1
1387	144.602	318.709	1
1388	192.858	322.717	1
1389	84.7405	322.033	1
1390	378.562	329.142	1
1391	330.947	317.377	1
1392	283.548	317.723	1
1393	351.827	317.385	1
1394	290.645	308.212	1
1395	372.71	317.383	1
1396	303.351	309.45	1
1397	3.49758	374.963	1
1398	60.5928	347.732	1
1399	38.1912	308.723	1
1400	238.06	321.04	1
1401	154.746	314.977	1
1402	67.0618	354.182	1
1403	27.3242	365.659	1
1404	372.727	309.518	1
1405	19.7524	364.114	1
1406	258.413	317.741	1
1407	382.949	322.547	1
1408	20.3219	380.405	1
1409	317.664	328.657	1
1410	9.40506	320.306	1
1411	15.5296	360.569	1
1412	14.1702	309.575	1
1413	401.136	328.212	1
1414	16.26	373.804	1
1415	50.5708	320.191	1
1416	247.398	310.868	1
1417	217.777	321.121	1
1418	295.518	303.214	1
1419	128.231	315.403	1
1420	355.256	310.595	1
1421	288.337	327.312	1
1422	35.1585	350.597	1
1423	138.815	317.609	1
1424	65.0344	325.266	1
1425	334.278	310.535	1
1426	20.7206	327.215	1
1427	37.1013	359.375	1
1428	366.667	316.002	1
1429	345.783	316.007	1
1430	324.878	316.02	1
1431	214.883	303.313	1
1432	57.1095	354.453	1
1433	155.249	303.449	1
1434	155.087	334.833	1
1435	254.212	334.113	1
1436	127.944	334.834	1
1437	134.002	334.803	1
1438	55.4674	324.151	1
1439	134.23	303.17	1
1440	334.492	302.611	1
1441	137.399	328.454	1
1442	133.967	327.8	1
1443	149.073	334.829	1
1444	36.4235	302.908	1
1445	269.441	308.459	1
1446	43.2443	346.296	1
1447	246.749	303.279	1
1448	128.146	303.204	1
1449	331.421	327.56	1
1450	352.291	327.559	1
1451	373.048	327.576	1
1452	334.995	326.987	1
1453	355.865	326.986	1
1454	16.6139	357.144	1
1455	355.481	302.589	1
1456	9.00702	331.766	1
1457	144.972	328.825	1
1458	148.973	327.818	1
1459	148.976	303.152	1
1460	280.131	322.254	1
1461	218.379	330.639	1
1462	40.3282	313.606	1
1463	44.4549	340.281	1
1464	123.927	309.356	1
1465	376.014	302.923	1
1466	3.62999	303.63	1
1467	106.805	303.081	1
1468	243.99	320.621	1
1469	92.1934	303.375	1
1470	341.02	326.33	1
1471	269.484	333.063	1
1472	213.387	327.958	1
1473	361.889	326.328	1
1474	237.585	328.401	1
1475	123.088	316.952	1
1476	107.044	311.134	1
1477	258.083	328.242	1
1478	233.959	327.632	1
1479	376.269	334.081	1
1480	361.502	334.469	1
1481	355.769	333.835	1
1482	340.632	334.469	1
1483	334.899	333.836	1
1484	155.064	310.302	1
1485	30.8892	362.348	1
1486	379.015	308.263	1
1487	254.153	327.4	1
1488	270.806	329.176	1
1489	14.9295	315.98	1
1490	38.4212	383.676	1
1491	75.4231	354.88	1
1492	138.314	308.978	1
1493	33.0151	328.573	1
1494	306.074	303.062	1
1495	361.277	303.15	1
1496	113.154	303.1	1
1497	50.3933	332.274	1
1498	74.1833	337.636	1
1499	340.183	303.08	1
1500	159.354	321.26	1
1501	317.392	307.957	1
1502	72.4712	349.707	1
1503	422.727	326.986	1
1504	20.585	355.991	1
1505	422.655	309.818	1
1506	37.0238	364.217	1
1507	155.015	327.695	1
1508	8.27067	370.984	1
1509	267.87	314.751	1
1510	49.0935	335.97	1
1511	144.992	309.08	1
1512	17.4512	336.097	1
1513	313.341	313.472	1
1514	128.055	327.681	1
1515	365.496	309.088	1
1516	312.446	303.078	1
1517	117.474	320.873	1
1518	34.3523	338.813	1
1519	44.8769	329.824	1
1520	177.088	303.067	1
1521	45.1251	322.902	1
1522	96.6048	334.868	1
1523	37.1169	371.064	1
1524	55.2132	349.753	1
1525	35.5074	335.669	1
1526	51.4179	338.771	1
1527	29.7398	333.917	1
1528	43.3986	325.9	1
1529	7.90107	364.755	1
1530	198.291	331.091	1
1531	77.8125	349.253	1
1532	203.552	306.706	1
1533	237.948	317.546	1
1534	176.564	335.412	1
1535	43.9204	319.644	1
1536	50.9479	354.714	1
1537	344.855	308.632	1
1538	84.9194	333.388	1
1539	113.335	328.229	1
1540	117.223	329.073	1
1541	82.3231	354.958	1
1542	9.7061	359.625	1
1543	284.447	303.192	1
1544	52.656	344.844	1
1545	113.948	334.807	1
1546	54.384	320.532	1
1547	38.4676	324.051	1
1548	248.237	327.251	1
1549	267.065	310.787	1
1550	3.37876	343.142	1
1551	28.0701	319.076	1
1552	323.766	308.888	1
1553	2.81099	319.794	1
1554	297.381	307.84	1
1555	227.958	327.478	1
1556	361.412	314.551	1
1557	40.4359	340.314	1
1558	294.665	325.419	1
1559	50.2619	326.131	1
1560	207.668	327.698	1
1561	194.549	311.772	1
1562	257.589	321.593	1
1563	426.988	321.899	1
1564	427.072	315.078	1
1565	81.668	327.944	1
1566	257.536	307.524	1
1567	340.771	315.145	1
1568	207.918	334.723	1
1569	228.197	334.453	1
1570	23.5547	348.162	1
1571	248.481	334.166	1
1572	213.537	334.6	1
1573	233.923	334.362	1
1574	407.248	316.629	1
1575	107.319	335.303	1
1576	14.8969	329.47	1
1577	117.702	308.429	1
1578	91.5504	316.622	1
1579	313.333	333.973	1
1580	203.124	331.208	1
1581	208.46	303.145	1
1582	319.981	315.33	1
1583	104.224	321.05	1
1584	252.91	303.194	1
1585	397.697	333.664	1
1586	334.319	316.205	1
1587	19.6957	302.813	1
1588	81.6787	316.88	1
1589	320.34	326.076	1
1590	7.32087	309.436	1
1591	133.805	323.677	1
1592	277.276	308.672	1
1593	178.603	329.83	1
1594	75.7397	315.259	1
1595	397.167	303.025	1
1596	149.202	323.697	1
1597	376.978	322.435	1
1598	356.231	322.349	1
1599	355.171	316.234	1
1600	335.362	322.35	1
1601	66.7061	345.791	1
1602	78.4761	318.844	1
1603	23.0746	332.729	1
1604	213.35	323.831	1
1605	87.6971	354.701	1
1606	70.4275	310.799	1
1607	26.9294	380.542	1
1608	188.486	309.534	1
1609	223.04	330.939	1
1610	273.926	302.763	1
1611	233.585	323.516	1
1612	302.744	333.947	1
1613	168.612	334.928	1
1614	184.903	309.137	1
1615	253.871	323.284	1
1616	376.033	316.211	1
1617	421.425	315.276	1
1618	42.9473	362.945	1
1619	96.8368	308.59	1
1620	418.223	329.376	1
1621	340.641	323.409	1
1622	361.51	323.406	1
1623	320.089	322.206	1
1624	179.029	308.547	1
1625	154.677	324.2	1
1626	128.436	324.176	1
1627	3.06166	347.41	1
1628	413.815	302.629	1
1629	413.693	333.936	1
1630	418.187	307.635	1
1631	301.63	313.063	1
1632	276.903	316.923	1
1633	27.6711	336.957	1
1634	267.755	302.822	1
1635	243.646	330.816	1
1636	168.336	302.966	1
1637	385.423	320.645	1
1638	184.704	330.065	1
1639	321.165	303.174	1
1640	56.7388	308.859	1
1641	78.5465	333.393	1
1642	198.52	306.818	1
1643	7.24051	325.764	1
1644	29.9579	316.223	1
1645	268.333	323.195	1
1646	413.748	321.966	1
1647	134.456	313.43	1
1648	208.061	324.208	1
1649	276.925	320.194	1
1650	43.1714	373.75	1
1651	228.354	324.009	1
1652	24.8766	358.975	1
1653	248.555	323.818	1
1654	301.616	303.183	1
1655	31.7334	345.594	1
1656	76.534	307.037	1
1657	25.1242	312.846	1
1658	279.222	334.185	1
1659	213.24	313.764	1
1660	422.594	333.552	1
1661	30.7114	339.725	1
1662	13.1516	343.993	1
1663	224.203	307.795	1
1664	25.5415	307.122	1
1665	188.009	303.188	1
1666	107.309	326.303	1
1667	2.72929	329.53	1
1668	86.4655	302.896	1
1669	422.561	303.388	1
1670	102.209	331.102	1
1671	148.344	313.725	1
1672	113.226	323.922	1
1673	27.9777	331.266	1
1674	376.315	326.485	1
1675	23.5552	342.098	1
1676	413.271	328.254	1
1677	2.84898	371.649	1
1678	54.3865	314.119	1
1679	187.588	335.123	1
1680	237.308	308.067	1
1681	321.848	333.581	1
1682	382.618	302.901	1
1683	307.309	315.296	1
1684	165.283	308.094	1
1685	75.4279	327.369	1
1686	227.016	303.272	1
1687	234.544	303.262	1
1688	8.42167	313.06	1
1689	14.4762	387.064	1
1690	73.7777	322.726	1
1691	190.303	317.046	1
1692	43.5276	312.639	1
1693	307.984	312.145	1
1694	394.469	329.353	1
1695	11.705	349.962	1
1696	33.3641	332.622	1
1697	197.88	320.978	1
1698	394.144	307.968	1
1699	27.4428	386.016	1
1700	57.7437	302.474	1
1701	97.6866	330.389	1
1702	382.686	334.099	1
1703	289.025	334.343	1
1704	30.0029	302.726	1
1705	42.0391	303.816	1
1706	292.102	313.662	1
1707	71.269	340.893	1
1708	310.356	317.971	1
1709	31.5162	307.784	1
1710	24.1002	386.557	1
1711	174.598	324.344	1
1712	31.9858	357.125	1
1713	407.816	330.33	1
1714	107.156	322.241	1
1715	2.97198	353.804	1
1716	48.6846	323.076	1
1717	263.176	320.034	1
1718	262.899	306.614	1
1719	300.683	307.316	1
1720	286.785	313.57	1
1721	407.976	306.758	1
1722	283.083	307.273	1
1723	7.11076	342.739	1
1724	36.0009	315.196	1
1725	311.252	307.454	1
1726	58.4723	314.124	1
1727	12.7117	322.368	1
1728	31.1471	377.734	1
1729	98.3228	316.856	1
1730	285.869	330.018	1
1731	179.162	321.171	1
1732	82.3308	351.467	1
1733	139.883	311.905	1
1734	403.819	302.717	1
1735	194.115	302.783	1
1736	93.1703	313.934	1
1737	403.973	334.441	1
1738	306.839	306.664	1
1739	143.191	311.998	1
1740	296.51	316.399	1
1741	403.394	322.468	1
1742	59.6939	318.8	1
1743	169.642	327.853	1
1744	193.424	335.2	1
1745	16.5382	346.115	1
1746	113.369	313.734	1
1747	51.2972	351.259	1
1748	18.2924	314.944	1
1749	263.785	329.946	1
1750	118.903	311.874	1
1751	199.183	325.819	1
1752	32.2733	322.76	1
1753	418.914	318.519	1
1754	188.649	313.828	1
1755	87.4292	307.615	1
1756	199.842	311.906	1
1757	41.6905	307.107	1
1758	279.75	329.119	1
1759	382.151	328.713	1
1760	164.766	330.435	1
1761	10.7194	381.595	1
1762	202.111	325.962	1
1763	2.91693	361.736	1
1764	404.346	315.496	1
1765	169.073	324.87	1
1766	403.468	310.428	1
1767	426.933	330.292	1
1768	309.556	325.98	1
1769	194.112	325.95	1
1770	54.8846	334.459	1
1771	219.887	311.802	1
1772	426.934	306.707	1
1773	303.735	324.612	1
1774	307.011	334.131	1
1775	173.941	318.782	1
1776	412.762	308.323	1
1777	27.4781	325.542	1
1778	98.5554	326.539	1
1779	205.424	316.655	1
1780	180.08	312.174	1
1781	68.3185	339.766	1
1782	77.166	303.518	1
1783	398.442	322.593	1
1784	38.2326	335.335	1
1785	36.811	353.653	1
1786	122.43	311.957	1
1787	164.855	317.203	1
1788	88.873	335.566	1
1789	183.467	326.011	1
1790	93.4367	310.009	1
1791	88.5347	345.842	1
1792	233.366	313.859	1
1793	79.6855	308.487	1
1794	225.673	316.559	1
1795	60.6686	327.195	1
1796	183.944	316.918	1
1797	58.9906	324.243	1
1798	9.39917	307.051	1
1799	222.386	325.581	1
1800	101.966	326.09	1
1801	238.359	311.298	1
1802	163.582	325.246	1
1803	175.057	328.471	1
1804	273.178	323.864	1
1805	55.3697	327.841	1
1806	164.884	311.502	1
1807	64.4201	302.798	1
1808	278.705	311.65	1
1809	84.2364	347.438	1
1810	312.101	331.083	1
1811	93.7371	324.398	1
1812	424.091	320.684	1
1813	403.581	325.74	1
1814	234.238	316.808	1
1815	22.0449	358.57	1
1816	262.526	325.447	1
1817	41.2289	352.128	1
1818	253.6	313.821	1
1819	161.074	311.895	1
1820	60.3775	307.158	1
1821	12.2028	332.137	1
1822	416.776	323.994	1
1823	160.703	326.03	1
1824	11.5228	387.359	1
1825	134.845	316.776	1
1826	148.038	316.987	1
1827	44.026	333.546	1
1828	61.6598	350.611	1
1829	273.379	313.368	1
1830	67.6684	351.213	1
1831	77.3865	343.384	1
1832	242.667	325.59	1
1833	188.252	324.663	1
1834	29.9093	374.957	1
1835	11.4644	369.857	1
1836	258.554	311.104	1
1837	39.2853	329.839	1
1838	182.093	306.798	1
1839	46.5103	355.021	1
1840	6.19164	348.54	1
1841	368.983	302.621	1
1842	83.3509	342.209	1
1843	389.581	315.606	1
1844	48.6518	310.775	1
1845	302.284	330.507	1
1846	347.898	302.535	1
1847	254.635	316.675	1
1848	122.072	325.577	1
1849	141.535	302.667	1
1850	141.488	335.324	1
1851	388.611	321.014	1
1852	143.291	326.115	1
1853	326.961	302.551	1
1854	203.462	311.603	1
1855	369.193	334.357	1
1856	348.324	334.357	1
1857	327.287	334.451	1
1858	291.71	329.971	1
1859	16.5818	339.887	1
1860	19.9456	350.254	1
1861	238.775	331.089	1
1862	120.78	335.334	1
1863	81.4873	313.717	1
1864	257.89	333.874	1
1865	174.715	313.665	1
1866	88.071	351.323	1
1867	217.938	327.797	1
1868	120.591	302.493	1
1869	124.326	334.53	1
1870	137.748	334.586	1
1871	158.771	334.553	1
1872	124.448	303.205	1
1873	137.844	303.384	1
1874	427.436	324.656	1
1875	427.462	312.248	1
1876	158.552	302.753	1
1877	367.078	311.634	1
1878	223.321	311.617	1
1879	416.981	312.827	1
1880	21.3529	308.259	1
1881	46.8595	342.149	1
1882	346.16	311.664	1
1883	21.3028	336.644	1
1884	101.542	311.904	1
1885	16.6263	379.327	1
1886	411.684	311.41	1
1887	66.3575	328.375	1
1888	64.4857	355.222	1
1889	12.9015	312.563	1
1890	50.9027	302.578	1
1891	314.63	322.892	1
1892	139.727	326.105	1
1893	381.981	307.399	1
1894	424.206	316.053	1
1895	261.414	311.448	1
1896	35.2739	373.469	1
1897	325.243	311.694	1
1898	13.1715	341.004	1
1899	259.62	325.411	1
1900	17.4128	371.002	1
1901	63.5696	336.85	1
1902	279.086	306.356	1
1903	282.473	311.308	1
1904	394.655	326.481	1
1905	24.5983	364.155	1
1906	299.025	321.32	1
1907	306.033	321.737	1
1908	64.3087	316.34	1
1909	6.67718	352.464	1
1910	45.0803	351.937	1
1911	239.399	325.862	1
1912	56.5517	344.014	1
1913	285.409	321.208	1
1914	266.401	334.166	1
1915	23.8762	321.262	1
1916	103.148	302.627	1
1917	287.82	302.965	1
1918	34.5517	367.784	1
1919	162.432	335.53	1
1920	372.855	333.661	1
1921	352.113	333.817	1
1922	331.227	333.826	1
1923	88.6131	343.433	1
1924	241.634	311.68	1
1925	392.57	317.179	1
1926	261.23	334.722	1
1927	367.422	325.103	1
1928	346.552	325.106	1
1929	325.785	325.056	1
1930	370.692	311.704	1
1931	60.6668	336.297	1
1932	285.231	324.409	1
1933	416.84	302.618	1
1934	162.549	302.81	1
1935	142.083	331.572	1
1936	19.0226	320.057	1
1937	43.1599	380.335	1
1938	23.5454	381.81	1
1939	33.9799	385.594	1
1940	120.024	331.457	1
1941	25.2488	376.752	1
1942	99.2336	306.57	1
1943	292.345	310.939	1
1944	12.2358	302.366	1
1945	372.692	303.165	1
1946	141.667	306.495	1
1947	120.575	306.519	1
1948	80.4545	338.339	1
1949	416.909	334.277	1
1950	33.696	325.458	1
1951	2.39265	312.247	1
1952	68.5247	320.425	1
1953	351.826	303.012	1
1954	370.942	325.343	1
1955	99.9194	302.538	1
1956	350.098	325.569	1
1957	22.7236	302.352	1
1958	329.227	325.571	1
1959	29.6286	351.997	1
1960	92.9514	319.417	1
1961	330.864	303.012	1
1962	277.222	326.645	1
1963	2.28123	322.722	1
1964	274.085	329.776	1
1965	68.2279	302.508	1
1966	2.53873	340.031	1
1967	118.768	326.139	1
1968	221.486	302.631	1
1969	268.042	326.857	1
1970	421.546	312.354	1
1971	75.9388	334.758	1
1972	67.3912	307.602	1
1973	379.234	302.613	1
1974	408.833	325.342	1
1975	30.0653	359.694	1
1976	247.336	320.943	1
1977	71.0433	331.847	1
1978	272.147	334.393	1
1979	2.86468	367.605	1
1980	7.07349	358.203	1
1981	240.053	302.645	1
1982	75.6134	324.838	1
1983	45.91	336.93	1
1984	70.9103	327.564	1
1985	416.168	327.412	1
1986	217.838	302.673	1
1987	282.174	334.708	1
1988	292.721	302.811	1
1989	53.166	332.55	1
1990	349.538	311.514	1
1991	72.0487	355.441	1
1992	272.239	308.171	1
1993	288.042	308.583	1
1994	379.435	334.396	1
1995	412.817	315.928	1
1996	308.001	331.146	1
1997	54.7572	302.764	1
1998	2.8998	388.083	1
1999	30.0266	364.963	1
2000	328.572	311.497	1
2001	78.8383	355.591	1
2002	179.945	326.242	1
2003	393.601	311.592	1
2004	94.9996	302.799	1
2005	101.691	316.377	1
2006	188.01	319.535	1
2007	266.766	320.704	1
2008	34.8801	344.704	1
2009	54.5639	355.693	1
2010	368.837	330.939	1
2011	49.8281	346.282	1
2012	347.968	330.94	1
2013	421.073	329.812	1
2014	327.065	330.923	1
2015	195.196	320.936	1
2016	243.666	302.649	1
2017	156.175	321.386	1
2018	214.102	316.815	1
2019	408.717	311.595	1
2020	421.064	307.097	1
2021	285.963	316.103	1
2022	273.908	321.154	1
2023	167.55	316.659	1
2024	64.5359	339.532	1
2025	10.1562	317.7	1
2026	45.5797	302.838	1
2027	180.141	316.467	1
2028	368.484	306.359	1
2029	79.2933	346.29	1
2030	15.29	384.347	1
2031	347.667	306.278	1
2032	193.566	328.476	1
2033	88.3329	338.56	1
2034	326.601	306.366	1
2035	37.267	347.676	1
2036	299.565	334.781	1
2037	391.543	306.331	1
2038	39.2805	376.965	1
2039	168.591	321.859	1
2040	66.0149	335.007	1
2041	18.0321	361.876	1
2042	391.283	334.224	1
2043	222.818	317	1
2044	183.139	321.921	1
2045	300.739	324.477	1
2046	110.658	319.029	1
2047	290.811	323.966	1
2048	40.3161	326.304	1
2049	29.9227	328.337	1
2050	80.4652	302.81	1
2051	391.574	330.75	1
2052	114.673	316.577	1
2053	28.2193	383.498	1
2054	98.3611	311.848	1
2055	74.7106	347.878	1
2056	89.1945	302.276	1
2057	274.352	315.68	1
2058	23.7666	353.797	1
2059	26.8048	343.529	1
2060	26.778	346.444	1
2061	391.539	302.947	1
2062	421.744	324.734	1
2063	298.403	329.985	1
2064	36.8034	340.867	1
2065	183.347	311.927	1
2066	72.7079	315.942	1
2067	6.61382	387.71	1
2068	63.4601	344.813	1
2069	112.536	308.65	1
2070	60.7041	321.684	1
2071	102.343	307.331	1
2072	14.2936	306.782	1
2073	11.9519	307.944	1
2074	177.698	323.677	1
2075	59.7266	333.794	1
2076	29.4215	322.32	1
2077	206.869	321.685	1
2078	96.4421	314.539	1
2079	35.6934	361.774	1
2080	6.921	337.977	1
2081	16.6547	310.182	1
2082	46.8686	306.86	1
2083	39.5206	369.24	1
2084	20.88	377.477	1
2085	208.211	308.939	1
2086	33.848	320.516	1
2087	78.7265	312.872	1
2088	74.3941	344.878	1
2089	202.53	317.129	1
2090	411.55	325.425	1
2091	316.07	334.369	1
2092	20.3988	330.854	1
2093	6.9421	376.609	1
2094	17.6703	332.336	1
2095	6.84544	367.326	1
2096	211.675	319.117	1
2097	81.7628	306.91	1
2098	9.71942	326.783	1
2099	239.904	306.359	1
2100	282.527	324.73	1
2101	43.6165	384.034	1
2102	159.846	331.182	1
2103	123.69	331.112	1
2104	11.8135	378.531	1
2105	221.619	306.381	1
2106	6.18103	314.612	1
2107	7.21522	379.645	1
2108	58.6127	337.92	1
2109	160.537	307.136	1
2110	271.37	318.841	1
2111	14.4024	335.47	1
2112	376.892	313.371	1
2113	227.072	321.468	1
2114	387.703	329.974	1
2115	9.96115	352.393	1
2116	75.4758	312.374	1
2117	387.913	306.975	1
2118	2.10945	378.75	1
2119	33.1734	317.429	1
2120	20.7728	353.079	1
2121	15.0731	352.304	1
2122	405.416	320.985	1
2123	26.5263	309.792	1
2124	9.45625	375.273	1
2125	70.3007	314.23	1
2126	179.574	335.637	1
2127	23.4768	372.433	1
2128	35.6855	329.987	1
2129	296.002	322.623	1
2130	243.699	306.899	1
2131	252.69	308.683	1
2132	40.027	336.76	1
2133	2.5952	306.155	1
2134	29.3086	347.315	1
2135	222.947	322.563	1
2136	390.161	325.588	1
2137	36.0434	380.782	1
2138	82.3971	345.516	1
2139	335.102	313.411	1
2140	306.335	310.023	1
2141	343.352	302.696	1
2142	185.438	314.511	1
2143	127.183	321.676	1
2144	25.0474	351	1
2145	29.9648	342.524	1
2146	50.9654	314.843	1
2147	231.907	318.885	1
2148	395.229	316.589	1
2149	122.596	322.678	1
2150	396.147	321.098	1
2151	298.857	302.11	1
2152	149.824	308.659	1
2153	63.9878	305.54	1
2154	13.942	355.363	1
2155	16.5552	367.112	1
2156	218.029	306.482	1
2157	180.041	302.061	1
2158	6.10904	302.554	1
2159	364.42	302.96	1
2160	356.012	313.487	1
2161	19.5815	323.894	1
2162	28.0998	313.894	1
2163	29.5573	354.706	1
2164	351.294	306.765	1
2165	5.73853	319.352	1
2166	107.741	328.79	1
2167	330.348	306.766	1
2168	215.832	322.876	1
2169	377.851	305.175	1
2170	32.5123	383.279	1
2171	25.2876	330.689	1
2172	20.4227	316.972	1
2173	93.6372	335.492	1
2174	34.2873	312.771	1
2175	35.2446	310.318	1
2176	303.919	319.126	1
2177	282.801	329.497	1
2178	90.5084	323.937	1
2179	79.3081	329.899	1
2180	200.662	335.855	1
2181	16.7212	376.531	1
2182	297.119	310.641	1
2183	62.3383	341.821	1
2184	63.7913	321.772	1
2185	383.081	331.433	1
2186	84.1751	311.66	1
2187	343.847	334.287	1
2188	236.024	322.581	1
2189	364.716	334.287	1
2190	309.324	323.259	1
2191	11.3589	365.147	1
2192	77.536	352.705	1
2193	300.344	315.753	1
2194	19.1972	305.57	1
2195	21.6729	344.864	1
2196	366.204	330.721	1
2197	73.263	306.777	1
2198	85.0782	339.016	1
2199	378.05	331.922	1
2200	345.335	330.722	1
2201	323.85	330.274	1
2202	252.226	318.405	1
2203	13.7929	373.62	1
2204	99.7695	335.919	1
2205	85.323	355.703	1
2206	220.933	335.592	1
2207	7.7363	322.663	1
2208	21.1717	387.23	1
2209	46.2701	316.928	1
2210	64.4469	310.399	1
2211	315.472	302.513	1
2212	150.77	318.89	1
2213	27.8117	370.893	1
2214	294.919	309.31	1
2215	359.94	306.583	1
2216	129.667	306.674	1
2217	339.371	306.415	1
2218	270.901	302.036	1
2219	146.036	302.956	1
2220	19.0182	375.478	1
2221	7.02442	384.845	1
2222	150.589	331.343	1
2223	2.60778	356.421	1
2224	241.236	335.229	1
2225	132.076	318.838	1
2226	336.343	330.448	1
2227	357.213	330.447	1
2228	278.58	331.555	1
2229	116.208	302.499	1
2230	132.427	331.334	1
2231	126.012	317.02	1
2232	145.966	335.167	1
2233	39.6133	302.364	1
2234	5.46843	371.769	1
2235	366.775	322.421	1
2236	345.905	322.427	1
2237	325.035	322.433	1
2238	36.5763	385.563	1
2239	164.19	322.228	1
2240	170.045	308.562	1
2241	71.2575	335.138	1
2242	201.032	302.239	1
2243	79.8121	322.034	1
2244	252.646	330.778	1
2245	212.052	331.326	1
2246	232.496	331.086	1
2247	71.0847	324.35	1
2248	68.8056	336.514	1
2249	40.7008	349.393	1
2250	219.439	325.828	1
2251	43.455	367.883	1
2252	312.93	316.452	1
2253	69.5201	355.508	1
2254	410.78	334.933	1
2255	115.985	323.2	1
2256	2.14803	385.485	1
2257	22.1866	311.396	1
2258	87.4282	320.802	1
2259	173.991	302.621	1
2260	372.253	306.657	1
2261	136.395	322.798	1
2262	162.77	306.452	1
2263	362.622	321.202	1
2264	282.27	320.307	1
2265	341.753	321.206	1
2266	50.3631	306.328	1
2267	12.9235	360.629	1
2268	23.5159	316.277	1
2269	86.1066	305.644	1
2270	388.1	334.518	1
2271	398.923	310.392	1
2272	42.3129	331.098	1
2273	62.6008	331.45	1
2274	190.67	301.981	1
2275	40.3483	344.127	1
2276	84.7015	350.015	1
2277	39.2686	358.298	1
2278	119.432	316.747	1
2279	410.761	302.231	1
2280	91.4464	305.801	1
2281	26.5271	356.225	1
2282	23.7481	335.449	1
2283	36.5271	305.943	1
2284	138.54	331.348	1
2285	116.487	335.54	1
2286	30.9073	312.868	1
2287	98.3544	321.804	1
2288	29.0996	308.716	1
2289	74.7619	302.37	1
2290	281.423	301.912	1
2291	54.9596	306.213	1
2292	311.528	321.313	1
2293	262.508	316.347	1
2294	310.513	311.662	1
2295	162.536	331.375	1
2296	173.844	335.538	1
2297	260.43	302.194	1
2298	388.236	302.579	1
2299	165.781	302.014	1
2300	40.8655	384.895	1
2301	258.341	331.037	1
2302	39.3057	311.214	1
2303	147.124	322.668	1
2304	124.015	306.342	1
2305	261.32	330.443	1
2306	15.7997	318.835	1
2307	188.686	329.388	1
2308	93.6152	329.656	1
2309	393.064	324.462	1
2310	95.1441	321.844	1
2311	165.805	336.069	1
2312	110.122	301.893	1
2313	412.689	330.811	1
2314	324.028	335.018	1
2315	190.768	320.079	1
2316	80.3005	341.261	1
2317	87.1987	325.844	1
2318	39.0468	365.787	1
2319	372.292	330.463	1
2320	351.443	330.475	1
2321	330.569	330.475	1
2322	58.6209	346.133	1
2323	242.136	317.069	1
2324	144.929	332.187	1
2325	232.307	302.018	1
2326	58.0454	348.448	1
2327	138.194	306.285	1
2328	14.7255	323.741	1
2329	152.076	301.96	1
2330	56.1569	352.043	1
2331	210.8	335.94	1
2332	25.2063	318.827	1
2333	337.353	301.936	1
2334	151.968	336.137	1
2335	323.582	302.043	1
2336	131.098	301.868	1
2337	231.094	335.736	1
2338	294.871	314.458	1
2339	358.333	301.867	1
2340	43.6624	356.854	1
2341	49.6481	349.277	1
2342	131.065	336.14	1
2343	251.377	335.377	1
2344	18.6887	344.25	1
2345	69.5657	345.363	1
2346	51.1029	309.498	1
2347	43.6586	360.5	1
2348	358.687	335.092	1
2349	337.817	335.092	1
2350	399.894	330.71	1
2351	194.065	309.398	1
2352	66.4152	348.994	1
2353	104.131	305.148	1
2354	68.9097	305.177	1
2355	181.923	331.122	1
2356	72.6048	352.577	1
2357	110.289	336.041	1
2358	229.233	302.044	1
2359	177.871	332.921	1
2360	138.642	323.849	1
2361	251.947	306.233	1
2362	158.261	305.661	1
2363	415.459	315.033	1
2364	175.321	316.141	1
2365	168.167	313.203	1
2366	211.504	301.83	1
2367	403.13	313.313	1
2368	374.778	321.615	1
2369	353.964	321.59	1
2370	328.387	316.199	1
2371	228.856	310.259	1
2372	333.096	321.59	1
2373	383.19	305.407	1
2374	57.9488	329.124	1
2375	349.262	316.203	1
2376	238.149	323.606	1
2377	288.645	321.308	1
2378	67.9431	312.741	1
2379	24.4724	327.661	1
2380	178.642	305.913	1
2381	189.448	306.347	1
2382	54.2884	346.849	1
2383	370.136	316.208	1
2384	259.976	320.498	1
2385	206.168	313.63	1
2386	190.417	335.823	1
2387	68.4777	323.195	1
2388	215.904	328.829	1
2389	13.4434	363.371	1
2390	86.9212	334.38	1
2391	363.709	316.502	1
2392	44.8882	343.314	1
2393	7.86302	340.242	1
2394	112.004	331.571	1
2395	342.857	316.568	1
2396	249.952	301.903	1
2397	296.399	305.544	1
2398	27.595	358.835	1
2399	142.759	316.824	1
2400	322.021	316.6	1
2401	20.1067	366.904	1
2402	136.911	311.707	1
2403	204.752	309.031	1
2404	217.956	323.768	1
2405	70.3073	350.781	1
2406	87.0134	313.795	1
2407	53.1172	326.111	1
2408	14.0892	350.226	1
2409	8.99349	362.496	1
2410	314.537	308.706	1
2411	309.39	301.793	1
2412	424.601	301.902	1
2413	116.835	332.387	1
2414	424.602	335.084	1
2415	209.671	306.257	1
2416	427.866	335.088	1
2417	385.521	327.315	1
2418	427.864	301.906	1
2419	182.236	335.697	1
2420	200.655	331.02	1
2421	8.66612	328.88	1
2422	209.165	331.395	1
2423	403.604	328.051	1
2424	212.685	306.475	1
2425	142.116	321.295	1
2426	90.1888	321.434	1
2427	128.675	313.014	1
2428	365.4	305.98	1
2429	145.039	306.023	1
2430	108.481	324.237	1
2431	53.7907	311.055	1
2432	18.4757	341.745	1
2433	226.63	313.095	1
2434	319.384	312.684	1
2435	229.464	331.14	1
2436	32.2762	372.88	1
2437	71.7126	343.712	1
2438	220.788	330.739	1
2439	150.441	306.249	1
2440	31.6871	367.021	1
2441	41.126	319.331	1
2442	301.412	318.704	1
2443	33.1788	301.958	1
2444	288.653	306.373	1
2445	129.548	331.251	1
2446	112.109	306.198	1
2447	79.9767	350.742	1
2448	249.729	330.866	1
2449	153.483	331.254	1
2450	132.762	306.325	1
2451	6.00253	333.136	1
2452	419.423	313.311	1
2453	1.87536	301.877	1
2454	31.3242	369.948	1
2455	153.68	306.396	1
2456	19.7661	370.146	1
2457	340.182	312.776	1
2458	378.37	318.92	1
2459	29.4914	379.474	1
2460	145.969	312.047	1
2461	357.623	318.825	1
2462	187.306	322.001	1
2463	9.80286	384.602	1
2464	385.787	311.27	1
2465	336.793	318.807	1
2466	90.1237	314.488	1
2467	243.076	322.966	1
2468	136.17	353.753	2
2469	151.661	353.133	2
2470	166.477	351.876	2
2471	180.616	352.308	2
2472	193.131	351.094	2
2473	205.973	350.452	2
2474	217.758	349.444	2
2475	229.432	348.435	2
2476	125.587	348.825	2
2477	239.525	347.927	2
2478	102.649	347.834	2
2479	115.864	347.857	2
2480	249.641	347.165	2
2481	144.298	359.064	2
2482	143.843	347.788	2
2483	259.179	346.551	2
2484	130.237	360.844	2
2485	159.519	358.289	2
2486	158.724	347.141	2
2487	267.64	345.723	2
2488	173.393	357.376	2
2489	172.799	346.705	2
2490	186.791	356.54	2
2491	275.846	345.151	2
2492	186.344	346.243	2
2493	199.416	355.185	2
2494	199.389	346.121	2
2495	134	346.098	2
2496	283.539	344.697	2
2497	328.302	344.105	2
2498	211.849	345.627	2
2499	212.261	354.575	2
2500	291.387	344.945	2
2501	320.356	344.347	2
2502	311.625	344.597	2
2503	301.46	344.663	2
2504	152.129	360.575	2
2505	151.404	345.469	2
2506	137.53	362.027	2
2507	109.348	350.783	2
2508	339.133	344.581	2
2509	223.367	353.966	2
2510	166.726	358.584	2
2511	165.877	346.429	2
2512	222.888	344.392	2
2513	346.25	343.697	2
2514	180.423	357.643	2
2515	234.206	343.999	2
2516	179.781	345.063	2
2517	234.465	352.673	2
2518	351.615	343.529	2
2519	126.605	355.709	2
2520	194.155	357.636	2
2521	110.635	344.246	2
2522	121.97	344.191	2
2523	192.726	344.548	2
2524	97.4914	351.608	2
2525	356.797	343.399	2
2526	244.29	344.038	2
2527	97.563	344.552	2
2528	120.539	352.497	2
2529	244.84	351.055	2
2530	205.636	357.403	2
2531	205.411	344.168	2
2532	364.138	343.141	2
2533	253.992	343.101	2
2534	217.339	343.226	2
2535	254.436	350.318	2
2536	218.239	355.478	2
2537	142.155	353.47	2
2538	371.318	342.844	2
2539	157.716	352.738	2
2540	263.433	349.223	2
2541	139.995	343.501	2
2542	228.08	343.057	2
2543	377.972	342.594	2
2544	126.6	365.016	2
2545	229.277	354.228	2
2546	262.948	342.972	2
2547	128.985	343.644	2
2548	306.5	342.333	2
2549	296.248	342.365	2
2550	172.441	352.131	2
2551	425.314	341.562	2
2552	131.306	351.962	2
2553	384.571	342.328	2
2554	333.141	346.382	2
2555	239.989	353.183	2
2556	271.51	342.089	2
2557	238.861	342.669	2
2558	105.466	343.018	2
2559	271.92	348.645	2
2560	138.39	349.439	2
2561	147.425	363.274	2
2562	187.83	351.337	2
2563	142.271	363.957	2
2564	104.573	353.037	2
2565	114.498	352.819	2
2566	146.482	343.187	2
2567	391.657	342.222	2
2568	398.093	341.993	2
2569	116.668	342.971	2
2570	147.072	355.069	2
2571	133.216	364.935	2
2572	156.816	362.675	2
2573	200.868	350.561	2
2574	316.346	347.193	2
2575	404.652	341.835	2
2576	249.955	352.12	2
2577	249.091	342.182	2
2578	156.187	342.983	2
2579	411.551	341.818	2
2580	315.805	342.058	2
2581	280.031	348.076	2
2582	418.219	341.699	2
2583	162.342	362.257	2
2584	148.422	349.452	2
2585	125.566	359.85	2
2586	279.511	341.847	2
2587	134.105	357.946	2
2588	306.939	347.212	2
2589	297.055	347.287	2
2590	139.346	357.48	2
2591	210.778	350.116	2
2592	161.233	342.977	2
2593	170.91	361.506	2
2594	170.219	342.716	2
2595	258.336	341.226	2
2596	324.343	347.309	2
2597	287.269	347.456	2
2598	176.131	361.134	2
2599	334.058	341.512	2
2600	324.31	341.575	2
2601	287.298	341.766	2
2602	154.877	356.793	2
2603	154.518	349.056	2
2604	259.172	351.057	2
2605	162.503	354.886	2
2606	175.122	341.956	2
2607	163.079	348.905	2
2608	183.147	342.643	2
2609	221.907	349.735	2
2610	184.407	360.476	2
2611	189.619	360.097	2
2612	341.566	346.706	2
2613	168.959	355.961	2
2614	168.433	348.925	2
2615	175.033	353.901	2
2616	196.999	359.263	2
2617	188.868	342.502	2
2618	196.301	342.197	2
2619	341.154	340.67	2
2620	268.181	350.705	2
2621	176.968	348.38	2
2622	267.098	340.79	2
2623	202.602	358.954	2
2624	201.89	342.084	2
2625	210.122	359.002	2
2626	106.682	347.628	2
2627	348.297	346.673	2
2628	182.897	354.933	2
2629	235.46	348.251	2
2630	95.3109	348.014	2
2631	182.698	347.924	2
2632	348.095	340.584	2
2633	190.245	354.484	2
2634	101.113	342.261	2
2635	208.877	342.015	2
2636	190.067	347.96	2
2637	197.907	352.612	2
2638	355.138	346.499	2
2639	125.381	342.166	2
2640	130.981	355.95	2
2641	213.53	341.762	2
2642	275.901	349.908	2
2643	275.477	340.876	2
2644	149.241	358.389	2
2645	195.54	347.72	2
2646	101.049	353.603	2
2647	214.753	357.77	2
2648	134.386	341.641	2
2649	361.904	346.304	2
2650	355.07	340.371	2
2651	203.714	353.501	2
2652	130.624	347.187	2
2653	220.494	341.528	2
2654	246.01	347.423	2
2655	292.838	340.976	2
2656	329.977	341.015	2
2657	117.803	354.088	2
2658	361.776	340.33	2
2659	134.697	349.999	2
2660	310.25	340.777	2
2661	368.07	345.1	2
2662	303.029	340.927	2
2663	293.268	348.006	2
2664	303.5	348.005	2
2665	203.046	347.835	2
2666	207.957	347.056	2
2667	208.505	353.446	2
2668	221.682	356.924	2
2669	328.595	349.174	2
2670	112.311	348.022	2
2671	152.92	365.271	2
2672	225.116	341.402	2
2673	213.241	348.155	2
2674	122.656	347.654	2
2675	368.221	341.611	2
2676	283.816	348.991	2
2677	374.827	344.869	2
2678	226.966	356.687	2
2679	215.772	352.642	2
2680	311.66	349.487	2
2681	151.817	340.735	2
2682	122.992	354.551	2
2683	139.059	365.648	2
2684	143.072	341.857	2
2685	231.3	341.13	2
2686	320.819	340.486	2
2687	283.256	340.826	2
2688	374.576	341.166	2
2689	94.7293	354.271	2
2690	319.672	348.045	2
2691	381.402	344.378	2
2692	388.389	343.582	2
2693	253.454	346.965	2
2694	109.325	354.746	2
2695	237.114	355.229	2
2696	129.888	367.049	2
2697	232.345	355.465	2
2698	113.767	341.275	2
2699	336.615	347.503	2
2700	183.66	351.173	2
2701	98.9842	348.182	2
2702	421.73	342.999	2
2703	94.7305	341.745	2
2704	219.963	352.418	2
2705	166.593	364.16	2
2706	219.803	346.312	2
2707	394.878	343.867	2
2708	427.805	340.151	2
2709	337.605	340.418	2
2710	162.977	357.858	2
2711	225.742	350.025	2
2712	401.474	343.811	2
2713	145.156	351.306	2
2714	165.986	340.523	2
2715	408.253	343.323	2
2716	414.92	343.171	2
2717	235.927	341.123	2
2718	226.968	346.282	2
2719	264.403	346.003	2
2720	380.706	340.46	2
2721	241.627	341.035	2
2722	125.641	352.071	2
2723	180.207	362.993	2
2724	243.282	354.307	2
2725	344.355	347.312	2
2726	247.409	353.795	2
2727	140.857	360.719	2
2728	230.561	345.207	2
2729	151.301	356.556	2
2730	232.177	349.787	2
2731	176.63	357.95	2
2732	180.14	341.017	2
2733	299.121	340.433	2
2734	108.295	341.639	2
2735	119.617	341.543	2
2736	344.529	340.476	2
2737	119.333	347.043	2
2738	125.444	345.471	2
2739	114.412	345	2
2740	123.967	362.715	2
2741	386.895	339.995	2
2742	237.683	350.922	2
2743	196.521	355.868	2
2744	165.726	354.854	2
2745	193.545	360.969	2
2746	245.764	340.933	2
2747	351.714	346.256	2
2748	251.591	340.601	2
2749	193.54	341.117	2
2750	271.015	345.581	2
2751	351.639	340.789	2
2752	241.02	344.934	2
2753	131.04	341.011	2
2754	207.322	359.887	2
2755	394.294	340.227	2
2756	124.28	367.382	2
2757	159.799	364.459	2
2758	358.551	346.414	2
2759	401.012	340.157	2
2760	407.717	339.91	2
2761	133.806	361.418	2
2762	117.619	350.568	2
2763	253.14	353.193	2
2764	300.174	348.348	2
2765	160.129	350.049	2
2766	237.324	345.525	2
2767	204.481	340.952	2
2768	414.583	339.839	2
2769	241.643	350.518	2
2770	128.57	358.515	2
2771	313.828	339.748	2
2772	158.925	340.97	2
2773	178.974	354.728	2
2774	94.0771	351.082	2
2775	94.0857	344.947	2
2776	257.016	352.646	2
2777	358.436	340.191	2
2778	145.254	365.523	2
2779	100.737	350.34	2
2780	255.521	340.266	2
2781	137.803	340.946	2
2782	428.051	342.25	2
2783	139.17	352.179	2
2784	100.663	345.477	2
2785	141.633	350.196	2
2786	146.784	346.384	2
2787	364.895	346.384	2
2788	247.875	349.917	2
2789	135.575	366.905	2
2790	261.059	340.181	2
2791	304.704	344.862	2
2792	173.456	363.218	2
2793	149.587	365.471	2
2794	98.0582	341.224	2
2795	174.245	349.622	2
2796	294.526	344.855	2
2797	217.633	340.411	2
2798	172.189	340.744	2
2799	331.485	348.825	2
2800	290.1	348.563	2
2801	155.349	359.998	2
2802	148.357	340.689	2
2803	326.613	339.659	2
2804	279.034	345.088	2
2805	155.3	346.262	2
2806	187.675	361.984	2
2807	137.364	346.261	2
2808	97.7351	354.925	2
2809	421.557	339.771	2
2810	217.533	358.43	2
2811	251.102	344.366	2
2812	144.15	355.913	2
2813	247.555	344.912	2
2814	140.838	346.9	2
2815	251.585	349.645	2
2816	161.756	346.036	2
2817	270.731	351.36	2
2818	198.185	348.742	2
2819	264.484	339.92	2
2820	371.56	345.891	2
2821	365.762	339.638	2
2822	214.158	344.815	2
2823	106.305	350.944	2
2824	331.819	343.931	2
2825	261.903	351.553	2
2826	193.59	353.913	2
2827	151.318	350.03	2
2828	106.259	355.286	2
2829	256.759	345.366	2
2830	128.113	340.564	2
2831	112.622	355.341	2
2832	127.58	361.875	2
2833	227.774	340.113	2
2834	257.166	348.819	2
2835	185.966	340.784	2
2836	144.665	362.116	2
2837	170.521	358.576	2
2838	289.381	339.762	2
2839	158.888	360.817	2
2840	128.359	352.752	2
2841	199.935	360.879	2
2842	157.76	355.478	2
2843	154.896	353.732	2
2844	169.894	345.811	2
2845	133.391	354.048	2
2846	378.198	345.537	2
2847	371.745	339.872	2
2848	242.758	347.639	2
2849	265.471	351.859	2
2850	148.947	352.413	2
2851	103.717	340.752	2
2852	175.664	345.526	2
2853	273.614	350.895	2
2854	324.979	344.583	2
2855	308.637	344.429	2
2856	260.51	348.817	2
2857	286.679	344.438	2
2858	298.477	344.31	2
2859	259.455	343.624	2
2860	230.117	357.101	2
2861	131.807	343.916	2
2862	143.502	344.936	2
2863	226.662	353.292	2
2864	158.653	344.292	2
2865	231.45	352.668	2
2866	186.092	353.684	2
2867	123.803	357.641	2
2868	103.443	355.585	2
2869	185.831	349.156	2
2870	296.076	339.555	2
2871	163.405	351.826	2
2872	314.648	344.587	2
2873	269.664	339.868	2
2874	130.68	363.696	2
2875	306.533	339.441	2
2876	165.835	349.453	2
2877	390.245	339.636	2
2878	216.289	347.015	2
2879	314.998	349.625	2
2880	201.896	345.075	2
2881	183.556	345.365	2
2882	317.568	344.734	2
2883	120.382	355.281	2
2884	115.385	355.65	2
2885	342.831	343.907	2
2886	183.895	358.207	2
2887	335.395	344.054	2
2888	240.477	355.819	2
2889	171.842	354.934	2
2890	211.116	340.273	2
2891	169.246	352.697	2
2892	384.856	345.106	2
2893	173.498	360.174	2
2894	377.247	339.814	2
2895	322.569	349.244	2
2896	265.856	343.303	2
2897	132.896	367.73	2
2898	339.385	348.342	2
2899	228.779	351.464	2
2900	137.087	359.214	2
2901	397.199	339.356	2
2902	285.809	339.477	2
2903	128.086	346.344	2
2904	238.324	339.947	2
2905	266.313	348.414	2
2906	190.662	357.444	2
2907	383.667	339.437	2
2908	145.564	340.421	2
2909	112.329	350.968	2
2910	172.648	343.91	2
2911	196.632	345.115	2
2912	126.922	367.797	2
2913	212.838	351.856	2
2914	403.913	339.252	2
2915	189.053	345.348	2
2916	224.136	357.707	2
2917	317.157	339.744	2
2918	169.98	363.837	2
2919	334.322	349.001	2
2920	177.593	351.302	2
2921	325.576	349.414	2
2922	156.385	365.283	2
2923	269.01	343.256	2
2924	107.584	344.841	2
2925	162.501	340.605	2
2926	179.977	349.122	2
2927	269.313	348.25	2
2928	156.792	350.027	2
2929	136.548	356.428	2
2930	150.278	362.643	2
2931	116.862	340.358	2
2932	308.422	349.478	2
2933	199.074	340.751	2
2934	122.589	340.789	2
2935	272.956	339.723	2
2936	391.613	344.825	2
2937	202.663	355.833	2
2938	163.329	364.728	2
2939	142.557	366.594	2
2940	186.905	359.299	2
2941	427.906	338.449	2
2942	105.038	345.492	2
2943	348.919	343.583	2
2944	278.521	339.647	2
2945	250.501	354.547	2
2946	190.984	340.675	2
2947	280.801	350.618	2
2948	330.121	346.46	2
2949	410.87	339.143	2
2950	131.656	358.66	2
2951	273.664	344.041	2
2952	398.281	344.701	2
2953	149.467	343.713	2
2954	204.832	360.513	2
2955	128.88	349.877	2
2956	155.452	340.153	2
2957	107.41	352.799	2
2958	117.115	345.428	2
2959	190.51	351.864	2
2960	208.944	356.078	2
2961	140.491	340.658	2
2962	295.565	349.551	2
2963	404.949	344.572	2
2964	215.355	355.411	2
2965	248.499	339.667	2
2966	141.944	357.345	2
2967	109.599	346.974	2
2968	274.201	347.341	2
2969	212.713	359.445	2
2970	177.169	340.385	2
2971	136.71	343.689	2
2972	182.872	362.796	2
2973	232.531	347.141	2
2974	186.115	343.543	2
2975	411.616	344.437	2
2976	135.837	364.186	2
2977	139.53	354.98	2
2978	223.962	347.17	2
2979	192.955	348.422	2
2980	417.826	339.044	2
2981	171.304	349.409	2
2982	169.317	340.19	2
2983	354.294	343.458	2
2984	418.283	344.297	2
2985	209.027	344.692	2
2986	425.111	344.091	2
2987	206.858	340.4	2
2988	199.98	358.076	2
2989	114.524	350.047	2
2990	139.929	363.088	2
2991	176.959	363.594	2
2992	110.735	340.39	2
2993	201.144	353.29	2
2994	425.358	338.989	2
2995	287.708	350.046	2
2996	261.655	346.198	2
2997	305.667	349.683	2
2998	103.59	350.52	2
2999	203.408	350.609	2
3000	199.178	343.517	2
3001	428.061	344.489	2
3002	332.276	339.595	2
3003	323.913	338.974	2
3004	277.127	342.887	2
3005	277.195	347.702	2
3006	168.254	361.362	2
3007	278.16	350.651	2
3008	258.194	339.078	2
3009	164.147	343.307	2
3010	190.519	362.515	2
3011	200.677	347.667	2
3012	289.609	342.633	2
3013	195.591	350.303	2
3014	313.231	342.353	2
3015	317.592	349.718	2
3016	164.604	361.34	2
3017	153.271	343.219	2
3018	118.981	344.127	2
3019	123.114	359.998	2
3020	322.452	346.177	2
3021	206.116	354.223	2
3022	146.338	357.837	2
3023	149.536	347.076	2
3024	313.197	347.019	2
3025	282.111	346.205	2
3026	154.107	362.484	2
3027	208.425	350.945	2
3028	297.832	349.894	2
3029	210.409	347.546	2
3030	225.403	344.46	2
3031	211.426	343.197	2
3032	326.816	346.704	2
3033	147.008	360.61	2
3034	102.811	344.138	2
3035	220.131	343.864	2
3036	183.25	339.992	2
3037	310.08	347.037	2
3038	281.205	343.725	2
3039	160.272	353.121	2
3040	123.005	350.827	2
3041	222.729	340.148	2
3042	106.204	340.208	2
3043	220.583	354.748	2
3044	326.836	342.187	2
3045	197.21	361.857	2
3046	220.033	358.7	2
3047	123.297	365.193	2
3048	212.358	357.047	2
3049	167.54	343.241	2
3050	132.068	349.308	2
3051	285.316	342.241	2
3052	335.186	339.331	2
3053	205.703	348.016	2
3054	281.161	339.326	2
3055	137.016	351.343	2
3056	284.858	346.502	2
3057	318.341	342.274	2
3058	234.77	356.558	2
3059	92.8867	355.777	2
3060	360.267	343.296	2
3061	111.414	353.017	2
3062	322.793	343.534	2
3063	233.675	339.796	2
3064	288.821	345.484	2
3065	93.0378	339.976	2
3066	215.18	349.823	2
3067	181.948	360.351	2
3068	153.837	351.196	2
3069	256.697	342.776	2
3070	177.72	342.871	2
3071	149.621	355.024	2
3072	161.473	359.958	2
3073	178.716	360.611	2
3074	146.014	348.881	2
3075	341.808	348.948	2
3076	92.7087	353	2
3077	120.63	349.718	2
3078	157.174	358.221	2
3079	153.025	358.296	2
3080	215.347	340.161	2
3081	368.961	338.888	2
3082	300.755	342.218	2
3083	160.487	355.958	2
3084	92.704	343	2
3085	152.497	347.666	2
3086	260.018	353.226	2
3087	236.469	343.355	2
3088	59.0688	370.664	3
3089	68.9589	369.035	3
3090	79.0205	367.754	3
3091	91.3896	366.403	3
3092	100.222	366.066	3
3093	109.926	364.989	3
3094	53.8815	376.258	3
3095	64.235	374.476	3
3096	63.4074	365.19	3
3097	52.879	364.78	3
3098	85.5081	369.691	3
3099	74.7016	372.332	3
3100	73.7828	363.889	3
3101	115.372	366.159	3
3102	86.5691	363.911	3
3103	59.2879	377.037	3
3104	95.6855	369.02	3
3105	51.6895	370.805	3
3106	105.391	367.616	3
3107	95.1281	363.552	3
3108	69.544	374.721	3
3109	68.2988	363.223	3
3110	58.1856	363.138	3
3111	80.543	372.375	3
3112	105.763	362.529	3
3113	80.8443	363.045	3
3114	90.267	370.815	3
3115	50.3724	379.761	3
3116	64.8144	369.483	3
3117	113.152	362.493	3
3118	89.6328	362.412	3
3119	100.899	369.642	3
3120	99.3869	360.766	3
3121	75.3748	368.571	3
3122	117.718	362.421	3
3123	50.5563	362.573	3
3124	112.292	367.695	3
3125	56.0618	379.566	3
3126	82.4073	366.376	3
3127	62.5857	378.01	3
3128	49.9414	374.481	3
3129	77.1533	362.228	3
3130	56.8463	373.838	3
3131	108.736	368.337	3
3132	49.9492	367.564	3
3133	109.098	361.391	3
3134	93.2451	371.131	3
3135	55.0321	361.351	3
3136	77.8452	374.235	3
3137	67.1894	376.897	3
3138	64.7801	361.589	3
3139	60.5481	373.46	3
3140	56.5963	366.577	3
3141	87.3681	366.821	3
3142	72.7078	375.865	3
3143	67.204	372.064	3
3144	61.3568	368.242	3
3145	66.7103	366.363	3
3146	102.9	361.054	3
3147	85.5096	373.209	3
3148	71.4708	361.428	3
3149	61.1209	361.652	3
3150	77.7064	370.936	3
3151	103.501	364.721	3
3152	71.082	371.924	3
3153	98.0527	371.066	3
3154	117.826	368.065	3
3155	92.5586	360.875	3
3156	70.5219	365.82	3
3157	55.6227	370.138	3
3158	104.072	370.018	3
3159	94.235	366.16	3
3160	76.4352	365.614	3
3161	83.3808	361.244	3
3162	96.9388	366.168	3
3163	53.4833	381.361	3
3164	48.7067	377.156	3
3165	53.6402	373.123	3
3166	82.2892	369.302	3
3167	115.061	368.67	3
3168	59.7987	379.936	3
3169	92.0157	364.027	3
3170	112.821	364.631	3
3171	48.6027	370.25	3
3172	107.069	365.025	3
3173	87.1041	360.901	3
3174	118.21	365.307	3
3175	96.1076	360.703	3
3176	102.649	367.494	3
3177	59.999	365.431	3
3178	69.8617	377.56	3
3179	88.8578	373.183	3
3180	48.8906	382.337	3
3181	72.0863	368.916	3
3182	98.3595	368.393	3
3183	106.64	370.094	3
3184	62.0299	371.168	3
3185	82.5449	374.524	3
3186	68.3643	360.414	3
3187	74.2996	360.827	3
3188	75.6652	375.901	3
3189	56.5194	376.675	3
3190	92.5378	368.583	3
3191	79.3868	360.583	3
3192	95.5967	371.944	3
3193	58.1146	360.355	3
3194	53.3473	367.973	3
3195	48.8043	364.646	3
3196	89.2848	365.043	3
3197	115.407	360.659	3
3198	61.6642	375.746	3
3199	91.3493	372.702	3
3200	55.6732	363.961	3
3201	106	359.981	3
3202	87.9304	371.042	3
3203	100.882	363.305	3
3204	110.854	369.816	3
3205	52.9383	378.819	3
3206	83.3732	364.07	3
3207	118.69	360.285	3
3208	65.7992	364.091	3
3209	79.1721	365.003	3
3210	67.0431	374.539	3
3211	89.5097	368.31	3
3212	52.2034	360.514	3
3213	98.111	363.427	3
3214	48.6949	360.723	3
3215	111.955	360.485	3
3216	83.279	371.82	3
3217	89.463	359.934	3
3218	115.369	363.588	3
3219	84.868	366.96	3
3220	51.1681	377.295	3
3221	111.39	362.798	3
3222	80.0984	375.321	3
3223	113.369	370.049	3
3224	79.8982	370.062	3
3225	51.1883	382.402	3
3226	73.3751	366.643	3
3227	58.5287	368.21	3
3228	64.9779	378.873	3
3229	119.371	369.578	3
3230	2.19571	392.652	4
3231	428.307	349	4
3232	119.379	373.228	4
3233	113.344	373.75	4
3234	116.344	373.5	4
3235	110.471	373.911	4
3236	122.742	372.825	4
3237	428.26	347.117	4
3238	325.292	354	4
3239	287.708	354	4
3240	107.447	374.318	4
3241	391.652	348.979	4
3242	395.006	348.871	4
3243	398.362	348.767	4
3244	405.016	348.611	4
3245	401.686	348.692	4
3246	408.368	348.512	4
3247	415.016	348.361	4
3248	411.687	348.441	4
3249	418.368	348.262	4
3250	425.469	348.112	4
3251	421.716	348.167	4
3252	315.042	354	4
3253	321.875	354	4
3254	308.208	354	4
3255	294.542	354	4
3256	291.125	354	4
3257	311.625	354	4
3258	318.458	354	4
3259	297.958	354	4
3260	301.375	354	4
3261	304.792	354	4
3262	92.499	376.75	4
3263	95.4512	376.292	4
3264	98.4433	375.799	4
3265	101.442	375.3	4
3266	104.403	374.836	4
3267	1.36711	393.845	4
3268	31.2462	390.273	4
3269	17.8447	391.636	4
3270	5.06439	392.455	4
3271	8.18182	392.318	4
3272	14.572	391.909	4
3273	11.4287	392.068	4
3274	34.3904	390.097	4
3275	21.2727	391.227	4
3276	27.9735	390.545	4
3277	24.6347	390.876	4
3278	338.457	353.211	4
3279	348.404	352.421	4
3280	331.825	353.737	4
3281	341.773	352.947	4
3282	385.026	349.395	4
3283	388.341	349.15	4
3284	335.141	353.474	4
3285	345.089	352.684	4
3286	328.625	353.868	4
3287	351.868	352.026	4
3288	358.5	351.5	4
3289	355.184	351.763	4
3290	361.841	351.215	4
3291	368.447	350.711	4
3292	365.136	350.97	4
3293	371.738	350.469	4
3294	375.1	350.166	4
3295	381.735	349.636	4
3296	378.402	349.914	4
3297	89.4403	377.351	4
3298	204.225	365.213	4
3299	183.9	367.08	4
3300	163.327	369.16	4
3301	126.203	372.427	4
3302	129.488	372.211	4
3303	132.869	371.909	4
3304	136.266	371.591	4
3305	139.665	371.272	4
3306	143.065	370.952	4
3307	146.465	370.632	4
3308	149.865	370.312	4
3309	153.265	369.992	4
3310	156.665	369.672	4
3311	160.065	369.352	4
3312	197.5	365.8	4
3313	187.271	366.787	4
3314	190.724	366.418	4
3315	200.888	365.489	4
3316	194.104	366.116	4
3317	166.727	368.84	4
3318	180.471	367.427	4
3319	176.998	367.814	4
3320	173.56	368.169	4
3321	170.158	368.491	4
3322	254.577	358.125	4
3323	257.91	357.667	4
3324	264.414	356.903	4
3325	274.333	355.604	4
3326	281	354.687	4
3327	277.667	355.146	4
3328	271.041	356.024	4
3329	284.34	354.267	4
3330	267.751	356.442	4
3331	261.108	357.336	4
3332	251	358.812	4
3333	230.757	361.792	4
3334	210.757	364.542	4
3335	237.423	360.875	4
3336	217.423	363.625	4
3337	224.09	362.708	4
3338	207.555	364.862	4
3339	220.757	363.167	4
3340	234.09	361.333	4
3341	247.527	359.403	4
3342	214.09	364.083	4
3343	227.423	362.25	4
3344	240.757	360.417	4
3345	244.137	359.914	4
3346	37.6206	389.683	4
3347	44.7552	388.097	4
3348	50.3088	387.157	4
3349	40.5418	389.262	4
3350	83.4769	378.629	4
3351	86.2719	378.116	4
3352	63.6786	383.679	4
3353	73.7143	380.929	4
3354	47.5821	387.614	4
3355	54.516	385.803	4
3356	60.9483	384.157	4
3357	66.4089	383.2	4
3358	70.6197	381.772	4
3359	76.5357	380.536	4
3360	79.266	380.057	4
3361	56.7786	385.499	4


