# R2D2 grid
54.92857143	366	1	5	49	52.76515386	362.7635472	4	56.71428571	363.0513848	1	56.71428571	368.6666667	110	52.58564897	368.6666667	112	51.39396152	364.4	
54.92857143	371.3333333	1	5	0	52.58564897	368.6666667	5	56.71428571	368.6666667	2	56.71428571	374	108	52.68495626	374	110	51.19534695	370.8	
54.92857143	376.6666667	1	5	1	52.68495626	374	6	56.71428571	374	3	56.71428571	379.3333333	106	52.58564897	379.3333333	108	51.19534695	377.2	
54.92857143	382	1	6	2	52.58564897	379.3333333	7	56.71428571	379.3333333	102	56.71428571	383.7268862	103	56.47434671	384.0095602	104	51.76618417	384.04423	106	51.39396152	383.6	
58.5	366	1	5	8	60.28571429	363.087828	5	60.28571429	368.6666667	0	56.71428571	368.6666667	49	56.71428571	363.0513848	51	57.25	362.7780612	
58.5	371.3333333	1	4	6	60.28571429	374	1	56.71428571	374	4	56.71428571	368.6666667	9	60.28571429	368.6666667	
58.5	376.6666667	1	4	7	60.28571429	379.3333333	2	56.71428571	379.3333333	5	56.71428571	374	10	60.28571429	374	
58.5	382	1	4	3	56.71428571	383.7268862	6	56.71428571	379.3333333	11	60.28571429	379.3333333	102	60.28571429	383.4949753	
62.07142857	366	1	5	12	63.85714286	363.119065	9	63.85714286	368.6666667	4	60.28571429	368.6666667	51	60.28571429	363.087828	53	61	362.7442212	
62.07142857	371.3333333	1	4	10	63.85714286	374	5	60.28571429	374	8	60.28571429	368.6666667	13	63.85714286	368.6666667	
62.07142857	376.6666667	1	4	11	63.85714286	379.3333333	6	60.28571429	379.3333333	9	60.28571429	374	14	63.85714286	374	
62.07142857	382	1	6	7	60.28571429	383.4949753	10	60.28571429	379.3333333	14	63.85714286	379.3333333	100	65.10860364	380.1713651	101	64.09575639	382.8892371	102	60.29805416	383.5079104	
65.64285714	366	1	5	15	67.42857143	363.1450958	13	67.42857143	368.6666667	8	63.85714286	368.6666667	53	63.85714286	363.119065	55	64.75	362.7155873	
65.64285714	371.3333333	1	4	14	67.42857143	374	9	63.85714286	374	12	63.85714286	368.6666667	16	67.42857143	368.6666667	
65.64285714	376.6666667	1	6	11	65.10860364	380.1713651	10	63.85714286	379.3333333	13	63.85714286	374	17	67.42857143	374	99	67.42857143	379.9532313	100	67.38535551	379.9840998	
69.21428571	366	1	5	18	71	363.1659204	16	71	368.6666667	12	67.42857143	368.6666667	55	67.42857143	363.1450958	57	68.5	362.6921595	
69.21428571	371.3333333	1	4	17	71	374	13	67.42857143	374	15	67.42857143	368.6666667	19	71	368.6666667	
69.21428571	376.6666667	1	4	14	67.42857143	379.9532313	16	67.42857143	374	20	71	374	99	71	379.5134002	
72.78571429	366	1	5	21	74.57142857	363.1815389	19	74.57142857	368.6666667	15	71	368.6666667	57	71	363.1659204	59	72.25	362.6739379	
72.78571429	371.3333333	1	4	20	74.57142857	374	16	71	374	18	71	368.6666667	22	74.57142857	368.6666667	
72.78571429	376.6666667	1	5	17	71	379.5134002	19	71	374	23	74.57142857	374	98	74.57142857	379.0362245	99	71.24100416	379.6261854	
76.35714286	366	1	5	24	78.14285714	363.1919513	22	78.14285714	368.6666667	18	74.57142857	368.6666667	59	74.57142857	363.1815389	61	76	362.6609225	
76.35714286	371.3333333	1	4	23	78.14285714	374	19	74.57142857	374	21	74.57142857	368.6666667	25	78.14285714	368.6666667	
76.35714286	376.6666667	1	5	20	74.57142857	379.0362245	22	74.57142857	374	26	78.14285714	374	97	78.14285714	378.5432864	98	75.10543852	379.3078067	
79.92857143	366	1	5	27	81.71428571	363.1971574	25	81.71428571	368.6666667	21	78.14285714	368.6666667	61	78.14285714	363.1919513	63	79.75	362.6531133	
79.92857143	371.3333333	1	4	26	81.71428571	374	22	78.14285714	374	24	78.14285714	368.6666667	28	81.71428571	368.6666667	
79.92857143	376.6666667	1	5	23	78.14285714	378.5432864	25	78.14285714	374	29	81.71428571	374	96	81.71428571	378.0234594	97	78.97516154	379.0132269	
83.5	366	1	5	30	85.28571429	363.1971574	28	85.28571429	368.6666667	24	81.71428571	368.6666667	63	81.71428571	363.1971574	65	83.5	362.6505102	
83.5	371.3333333	1	4	29	85.28571429	374	25	81.71428571	374	27	81.71428571	368.6666667	31	85.28571429	368.6666667	
83.5	376.6666667	1	5	26	81.71428571	378.0234594	28	81.71428571	374	32	85.28571429	374	95	85.28571429	377.4519231	96	82.8543257	378.7611323	
87.07142857	366	1	5	33	88.85714286	363.1919513	31	88.85714286	368.6666667	27	85.28571429	368.6666667	65	85.28571429	363.1971574	67	87.25	362.6531133	
87.07142857	371.3333333	1	4	32	88.85714286	374	28	85.28571429	374	30	85.28571429	368.6666667	34	88.85714286	368.6666667	
87.07142857	376.6666667	1	6	29	85.28571429	377.4519231	31	85.28571429	374	34	88.85714286	374	93	90.12724099	374.8505121	94	90.03691908	375.7297683	95	86.75297179	378.5967064	
90.64285714	366	1	5	35	92.42857143	363.1815389	34	92.42857143	368.6666667	30	88.85714286	368.6666667	67	88.85714286	363.1919513	69	91	362.6609225	
90.64285714	371.3333333	1	5	32	90.12724099	374.8505121	31	88.85714286	374	33	88.85714286	368.6666667	36	92.42857143	368.6666667	93	92.42857143	374.0309236	
94.21428571	366	1	5	37	96	363.1659204	36	96	368.6666667	33	92.42857143	368.6666667	69	92.42857143	363.1815389	71	94.75	362.6739379	
94.21428571	371.3333333	1	5	34	92.42857143	374.0309236	35	92.42857143	368.6666667	38	96	368.6666667	92	96	373.6262827	93	94.51024592	374.5461067	
97.78571429	366	1	5	39	99.57142857	363.1450958	38	99.57142857	368.6666667	35	96	368.6666667	71	96	363.1659204	73	98.5	362.6921595	
97.78571429	371.3333333	1	5	36	96	373.6262827	37	96	368.6666667	40	99.57142857	368.6666667	91	99.57142857	373.4904834	92	99.10320086	373.9644039	
101.3571429	366	1	5	41	103.1428571	363.119065	40	103.1428571	368.6666667	37	99.57142857	368.6666667	73	99.57142857	363.1450958	75	102.25	362.7155873	
101.3571429	371.3333333	1	4	38	99.57142857	373.4904834	39	99.57142857	368.6666667	42	103.1428571	368.6666667	91	103.1428571	373.132255	
104.9285714	366	1	5	43	106.7142857	363.087828	42	106.7142857	368.6666667	39	103.1428571	368.6666667	75	103.1428571	363.119065	77	106	362.7442212	
104.9285714	371.3333333	1	5	40	103.1428571	373.132255	41	103.1428571	368.6666667	44	106.7142857	368.6666667	90	106.7142857	372.2819728	91	103.7499951	373.6249779	
108.5	366	1	5	45	110.2857143	363.0513848	44	110.2857143	368.6666667	41	106.7142857	368.6666667	77	106.7142857	363.087828	79	109.75	362.7780612	
108.5	371.3333333	1	5	42	106.7142857	372.2819728	43	106.7142857	368.6666667	46	110.2857143	368.6666667	89	110.2857143	372.0055556	90	108.5074488	373.66527	
112.0714286	366	1	5	46	114.1145947	368.6666667	43	110.2857143	368.6666667	79	110.2857143	363.0513848	83	113.3699982	362.8265828	85	116.3143402	366.5	
112.0714286	371.3333333	1	5	44	110.2857143	372.0055556	45	110.2857143	368.6666667	85	114.1145947	368.6666667	88	114.4272163	371.1740194	89	112.7986144	373.2500394	
47.875	356.125	0	5	113	46	359.325	-100	-0	313.325	-100	0	300	48	49.75	300	112	49.75	358.345936	
51.625	356.125	0	5	47	49.75	358.345936	-100	49.75	300	50	53.5	300	49	53.5	358	112	52.05341667	359.4465833	
55.375	359.875	1	6	48	52.05341667	359.4465833	50	53.5	358	51	57.25	358	4	57.25	362.7780612	0	56.71428571	363.0513848	112	52.76515386	362.7635472	
55.375	356.125	0	4	48	53.5	358	-100	53.5	300	52	57.25	300	49	57.25	358	
59.125	359.875	1	5	4	60.28571429	363.087828	49	57.25	362.7780612	52	57.25	358	53	61	358	8	61	362.7442212	
59.125	356.125	0	4	50	57.25	358	-100	57.25	300	54	61	300	51	61	358	
62.875	359.875	1	5	8	63.85714286	363.119065	51	61	362.7442212	54	61	358	55	64.75	358	12	64.75	362.7155873	
62.875	356.125	0	4	52	61	358	-100	61	300	56	64.75	300	53	64.75	358	
66.625	359.875	1	5	12	67.42857143	363.1450958	53	64.75	362.7155873	56	64.75	358	57	68.5	358	15	68.5	362.6921595	
66.625	356.125	0	4	54	64.75	358	-100	64.75	300	58	68.5	300	55	68.5	358	
70.375	359.875	1	5	15	71	363.1659204	55	68.5	362.6921595	58	68.5	358	59	72.25	358	18	72.25	362.6739379	
70.375	356.125	0	4	56	68.5	358	-100	68.5	300	60	72.25	300	57	72.25	358	
74.125	359.875	1	5	18	74.57142857	363.1815389	57	72.25	362.6739379	60	72.25	358	61	76	358	21	76	362.6609225	
74.125	356.125	0	4	58	72.25	358	-100	72.25	300	62	76	300	59	76	358	
77.875	359.875	1	5	21	78.14285714	363.1919513	59	76	362.6609225	62	76	358	63	79.75	358	24	79.75	362.6531133	
77.875	356.125	0	4	60	76	358	-100	76	300	64	79.75	300	61	79.75	358	
81.625	359.875	1	5	24	81.71428571	363.1971574	61	79.75	362.6531133	64	79.75	358	65	83.5	358	27	83.5	362.6505102	
81.625	356.125	0	4	62	79.75	358	-100	79.75	300	66	83.5	300	63	83.5	358	
85.375	359.875	1	5	27	85.28571429	363.1971574	63	83.5	362.6505102	66	83.5	358	67	87.25	358	30	87.25	362.6531133	
85.375	356.125	0	4	64	83.5	358	-100	83.5	300	68	87.25	300	65	87.25	358	
89.125	359.875	1	5	30	88.85714286	363.1919513	65	87.25	362.6531133	68	87.25	358	69	91	358	33	91	362.6609225	
89.125	356.125	0	4	66	87.25	358	-100	87.25	300	70	91	300	67	91	358	
92.875	359.875	1	5	33	92.42857143	363.1815389	67	91	362.6609225	70	91	358	71	94.75	358	35	94.75	362.6739379	
92.875	356.125	0	4	68	91	358	-100	91	300	72	94.75	300	69	94.75	358	
96.625	359.875	1	5	35	96	363.1659204	69	94.75	362.6739379	72	94.75	358	73	98.5	358	37	98.5	362.6921595	
96.625	356.125	0	4	70	94.75	358	-100	94.75	300	74	98.5	300	71	98.5	358	
100.375	359.875	1	5	37	99.57142857	363.1450958	71	98.5	362.6921595	74	98.5	358	75	102.25	358	39	102.25	362.7155873	
100.375	356.125	0	4	72	98.5	358	-100	98.5	300	76	102.25	300	73	102.25	358	
104.125	359.875	1	5	39	103.1428571	363.119065	73	102.25	362.7155873	76	102.25	358	77	106	358	41	106	362.7442212	
104.125	356.125	0	4	74	102.25	358	-100	102.25	300	78	106	300	75	106	358	
107.875	359.875	1	5	41	106.7142857	363.087828	75	106	362.7442212	78	106	358	79	109.75	358	43	109.75	362.7780612	
107.875	356.125	0	4	76	106	358	-100	106	300	80	109.75	300	77	109.75	358	
111.625	359.875	1	6	45	113.3699982	362.8265828	43	110.2857143	363.0513848	77	109.75	362.7780612	80	109.75	358	81	113.5	358	83	114.9395833	359.4395833	
111.625	356.125	0	4	78	109.75	358	-100	109.75	300	81	113.5	300	79	113.5	358	
115.375	356.125	0	5	80	113.5	358	-100	113.5	300	82	117.25	300	83	117.25	358.9209184	79	114.9395833	359.4395833	
119.125	356.125	0	4	81	117.25	358.9209184	-100	117.25	300	84	181.375	300	83	121	360.375	
116.75	362.25	1	6	45	116.3143402	366.5	79	113.3699982	362.8265828	81	114.9395833	359.4395833	82	117.25	358.9209184	84	121	360.375	85	121	366.5	
125.25	362.25	0	10	82	121	360.375	-100	181.375	300	-100	430	300	-100	430	350	-100	390	351	-100	327	356	-100	286	356	-100	270	358	86	209.5555556	366.5	83	121	366.5	
116.75	370.75	1	6	86	121	366.5	87	121	369.1925287	88	116.7906613	372.821269	46	114.4272163	371.1740194	45	114.1145947	368.6666667	83	116.3143402	366.5	
125.25	370.75	0	6	84	121	366.5	-100	209.5555556	366.5	-100	206	367	-100	199	368	87	123.1157191	374.8101278	85	121	369.1925287	
118.8333333	373.1666667	1	5	86	121	369.1925287	-100	123.1157191	374.8101278	-100	121	375	88	117	375.3333333	85	116.7906613	372.821269	
114.8333333	373.5	1	5	87	116.7906613	372.821269	-100	117	375.3333333	89	113	375.6666667	46	112.7986144	373.2500394	85	114.4272163	371.1740194	
110.8333333	373.8333333	1	6	88	112.7986144	373.2500394	-100	113	375.6666667	-100	109	376	90	108.7252475	376.0610561	44	108.5074488	373.66527	46	110.2857143	372.0055556	
106.25	374.25	1	5	89	108.5074488	373.66527	-100	108.7252475	376.0610561	91	104.5	377	42	103.7499951	373.6249779	44	106.7142857	372.2819728	
101.75	375.25	1	6	90	103.7499951	373.6249779	-100	104.5	377	92	100	378	38	99.10320086	373.9644039	40	99.57142857	373.4904834	42	103.1428571	373.132255	
97.25	376.25	1	5	91	99.10320086	373.9644039	-100	100	378	93	95.5	379	36	94.51024592	374.5461067	38	96	373.6262827	
92.75	377.25	1	6	92	94.51024592	374.5461067	-100	95.5	379	94	91.375	379.9166667	32	90.03691908	375.7297683	34	90.12724099	374.8505121	36	92.42857143	374.0309236	
88.70833333	378.5416667	1	5	93	90.03691908	375.7297683	-100	91.375	379.9166667	-100	91	380	95	87.25	380.8333333	32	86.75297179	378.5967064	
84.95833333	379.375	1	5	94	86.75297179	378.5967064	-100	87.25	380.8333333	96	83.5	381.6666667	29	82.8543257	378.7611323	32	85.28571429	377.4519231	
81.20833333	380.2083333	1	5	95	82.8543257	378.7611323	-100	83.5	381.6666667	97	79.75	382.5	26	78.97516154	379.0132269	29	81.71428571	378.0234594	
77.45833333	381.0416667	1	5	96	78.97516154	379.0132269	-100	79.75	382.5	98	76	383.3333333	23	75.10543852	379.3078067	26	78.14285714	378.5432864	
73.70833333	381.875	1	5	97	75.10543852	379.3078067	-100	76	383.3333333	99	72.25	384.1666667	20	71.24100416	379.6261854	23	74.57142857	379.0362245	
69.95833333	382.7083333	1	6	98	71.24100416	379.6261854	-100	72.25	384.1666667	100	68.5	385	14	67.38535551	379.9840998	17	67.42857143	379.9532313	20	71	379.5134002	
66.20833333	383.5416667	1	5	99	67.38535551	379.9840998	-100	68.5	385	101	64.75	385.8333333	11	64.09575639	382.8892371	14	65.10860364	380.1713651	
62.45833333	384.375	1	4	100	64.09575639	382.8892371	-100	64.75	385.8333333	102	61	386.6666667	11	60.29805416	383.5079104	
58.70833333	385.2083333	1	6	101	60.29805416	383.5079104	-100	61	386.6666667	103	57.25	387.5	3	56.47434671	384.0095602	7	56.71428571	383.7268862	11	60.28571429	383.4949753	
54.95833333	386.0416667	1	4	102	56.47434671	384.0095602	-100	57.25	387.5	104	52.3642673	388.5857184	3	51.76618417	384.04423	
49.2	386.8	1	5	103	51.76618417	384.04423	-100	52.3642673	388.5857184	105	46	390	106	46	383.6	3	51.39396152	383.6	
42.8	386.8	0	6	104	46	383.6	-100	46	390	-100	36	392	-100	21	394	-100	0	395	107	-0	383.6	
49.2	380.4	1	5	2	51.19534695	377.2	3	52.58564897	379.3333333	104	51.39396152	383.6	107	46	383.6	108	46	377.2	
42.8	380.4	0	4	105	46	383.6	-100	-0	383.6	109	-0	377.2	106	46	377.2	
49.2	374	1	5	1	51.19534695	370.8	2	52.68495626	374	106	51.19534695	377.2	109	46	377.2	110	46	370.8	
42.8	374	0	4	107	46	377.2	-100	-0	377.2	111	-0	370.8	108	46	370.8	
49.2	367.6	1	5	0	51.39396152	364.4	1	52.58564897	368.6666667	108	51.19534695	370.8	111	46	370.8	112	46	364.4	
42.8	367.6	0	4	109	46	370.8	-100	-0	370.8	113	-0	364.4	110	46	364.4	
49.2	361.2	1	6	113	46	364.4	47	46	359.325	48	49.75	358.345936	49	52.05341667	359.4465833	0	52.76515386	362.7635472	110	51.39396152	364.4	
42.8	361.2	0	4	111	46	364.4	-100	-0	364.4	47	-0	313.325	112	46	359.325	
