# R2D2 triangularized dual grid
5	0	-1	281.318408	305.1732673	264.2039801	311.7574257	275.365796	306.0018977		0	120	5	
0	120	-1	264.2039801	311.7574257	280.575	301.075	275.365796	306.0018977		0	120	5	
120	5	-1	280.575	301.075	281.318408	305.1732673	275.365796	306.0018977		0	120	5	
6	0	-1	281.318408	306.1138614	264.2039801	311.7574257	275.6135987	307.6815182		0	5	6	
0	5	-1	264.2039801	311.7574257	281.318408	305.1732673	275.6135987	307.6815182		0	5	6	
5	6	-1	281.318408	305.1732673	281.318408	306.1138614	275.6135987	307.6815182		0	5	6	
7	0	-1	281.318408	307.0544554	264.2039801	311.7574257	275.6135987	308.3085809		0	6	7	
0	6	-1	264.2039801	311.7574257	281.318408	306.1138614	275.6135987	308.3085809		0	6	7	
6	7	-1	281.318408	306.1138614	281.318408	307.0544554	275.6135987	308.3085809		0	6	7	
8	0	-1	281.318408	307.9950495	264.2039801	311.7574257	275.6135987	308.9356436		0	7	8	
0	7	-1	264.2039801	311.7574257	281.318408	307.0544554	275.6135987	308.9356436		0	7	8	
7	8	-1	281.318408	307.0544554	281.318408	307.9950495	275.6135987	308.9356436		0	7	8	
9	0	-1	281.318408	308.9356436	264.2039801	311.7574257	275.6135987	309.5627063		0	8	9	
0	8	-1	264.2039801	311.7574257	281.318408	307.9950495	275.6135987	309.5627063		0	8	9	
8	9	-1	281.318408	307.9950495	281.318408	308.9356436	275.6135987	309.5627063		0	8	9	
10	0	-1	281.318408	309.8762376	264.2039801	311.7574257	275.6135987	310.189769		0	9	10	
0	9	-1	264.2039801	311.7574257	281.318408	308.9356436	275.6135987	310.189769		0	9	10	
9	10	-1	281.318408	308.9356436	281.318408	309.8762376	275.6135987	310.189769		0	9	10	
11	0	-1	281.318408	310.8168317	264.2039801	311.7574257	275.6135987	310.8168317		0	10	11	
0	10	-1	264.2039801	311.7574257	281.318408	309.8762376	275.6135987	310.8168317		0	10	11	
10	11	-1	281.318408	309.8762376	281.318408	310.8168317	275.6135987	310.8168317		0	10	11	
12	0	-1	281.318408	311.7574257	264.2039801	311.7574257	275.6135987	311.4438944		0	11	12	
0	11	-1	264.2039801	311.7574257	281.318408	310.8168317	275.6135987	311.4438944		0	11	12	
11	12	-1	281.318408	310.8168317	281.318408	311.7574257	275.6135987	311.4438944		0	11	12	
1	0	-1	264.2039801	312.6980198	264.2039801	311.7574257	272.761194	312.2277228		0	12	13	1	
0	12	-1	264.2039801	311.7574257	281.318408	311.7574257	272.761194	312.2277228		0	12	13	1	
12	13	-1	281.318408	311.7574257	281.318408	312.6980198	272.761194	312.2277228		0	12	13	1	
13	1	-1	281.318408	312.6980198	264.2039801	312.6980198	272.761194	312.2277228		0	12	13	1	
0	0	-1	0	311.7574257	264.2039801	311.7574257	132.10199	312.2277228		0	1	1	0	
0	1	-1	264.2039801	311.7574257	264.2039801	312.6980198	132.10199	312.2277228		0	1	1	0	
1	1	-1	264.2039801	312.6980198	0	312.6980198	132.10199	312.2277228		0	1	1	0	
1	0	-1	0	312.6980198	0	311.7574257	132.10199	312.2277228		0	1	1	0	
0	0	-1	264.2039801	300	264.2039801	311.7574257	176.1359867	307.8382838		0	0	0	
0	0	-1	264.2039801	311.7574257	0	311.7574257	176.1359867	307.8382838		0	0	0	
0	0	-1	0	311.7574257	264.2039801	300	176.1359867	307.8382838		0	0	0	
120	0	-1	280.575	301.075	264.2039801	311.7574257	269.6609867	304.2774752		0	0	120	
0	0	-1	264.2039801	311.7574257	264.2039801	300	269.6609867	304.2774752		0	0	120	
0	120	-1	264.2039801	300	280.575	301.075	269.6609867	304.2774752		0	0	120	
1	1	-1	264.2039801	450	264.2039801	312.6980198	271.3349917	369.4389439		1	93	1	
1	93	-1	264.2039801	312.6980198	285.5970149	345.6188119	271.3349917	369.4389439		1	93	1	
93	1	-1	285.5970149	345.6188119	264.2039801	450	271.3349917	369.4389439		1	93	1	
1	1	-1	0	312.6980198	264.2039801	312.6980198	176.1359867	358.4653465		1	1	1	
1	1	-1	264.2039801	312.6980198	264.2039801	450	176.1359867	358.4653465		1	1	1	
1	1	-1	264.2039801	450	0	312.6980198	176.1359867	358.4653465		1	1	1	
14	1	-1	281.318408	313.6386139	264.2039801	312.6980198	275.6135987	313.0115512		1	13	14	
1	13	-1	264.2039801	312.6980198	281.318408	312.6980198	275.6135987	313.0115512		1	13	14	
13	14	-1	281.318408	312.6980198	281.318408	313.6386139	275.6135987	313.0115512		1	13	14	
34	1	-1	283.4577114	320.2227723	264.2039801	312.6980198	276.3266998	315.519802		1	14	34	
1	14	-1	264.2039801	312.6980198	281.318408	313.6386139	276.3266998	315.519802		1	14	34	
14	34	-1	281.318408	313.6386139	283.4577114	320.2227723	276.3266998	315.519802		1	14	34	
35	1	-1	283.4577114	321.1633663	264.2039801	312.6980198	277.039801	318.0280528		1	34	35	
1	34	-1	264.2039801	312.6980198	283.4577114	320.2227723	277.039801	318.0280528		1	34	35	
34	35	-1	283.4577114	320.2227723	283.4577114	321.1633663	277.039801	318.0280528		1	34	35	
36	1	-1	283.4577114	322.1039604	264.2039801	312.6980198	277.039801	318.6551155		1	35	36	
1	35	-1	264.2039801	312.6980198	283.4577114	321.1633663	277.039801	318.6551155		1	35	36	
35	36	-1	283.4577114	321.1633663	283.4577114	322.1039604	277.039801	318.6551155		1	35	36	
37	1	-1	283.4577114	323.0445545	264.2039801	312.6980198	277.039801	319.2821782		1	36	37	
1	36	-1	264.2039801	312.6980198	283.4577114	322.1039604	277.039801	319.2821782		1	36	37	
36	37	-1	283.4577114	322.1039604	283.4577114	323.0445545	277.039801	319.2821782		1	36	37	
38	1	-1	283.4577114	323.9851485	264.2039801	312.6980198	277.039801	319.9092409		1	37	38	
1	37	-1	264.2039801	312.6980198	283.4577114	323.0445545	277.039801	319.9092409		1	37	38	
37	38	-1	283.4577114	323.0445545	283.4577114	323.9851485	277.039801	319.9092409		1	37	38	
39	1	-1	283.4577114	324.9257426	264.2039801	312.6980198	277.039801	320.5363036		1	38	39	
1	38	-1	264.2039801	312.6980198	283.4577114	323.9851485	277.039801	320.5363036		1	38	39	
38	39	-1	283.4577114	323.9851485	283.4577114	324.9257426	277.039801	320.5363036		1	38	39	
40	1	-1	283.4577114	325.8663366	264.2039801	312.6980198	277.039801	321.1633663		1	39	40	
1	39	-1	264.2039801	312.6980198	283.4577114	324.9257426	277.039801	321.1633663		1	39	40	
39	40	-1	283.4577114	324.9257426	283.4577114	325.8663366	277.039801	321.1633663		1	39	40	
41	1	-1	283.4577114	326.8069307	264.2039801	312.6980198	277.039801	321.790429		1	40	41	
1	40	-1	264.2039801	312.6980198	283.4577114	325.8663366	277.039801	321.790429		1	40	41	
40	41	-1	283.4577114	325.8663366	283.4577114	326.8069307	277.039801	321.790429		1	40	41	
42	1	-1	283.4577114	327.7475248	264.2039801	312.6980198	277.039801	322.4174917		1	41	42	
1	41	-1	264.2039801	312.6980198	283.4577114	326.8069307	277.039801	322.4174917		1	41	42	
41	42	-1	283.4577114	326.8069307	283.4577114	327.7475248	277.039801	322.4174917		1	41	42	
43	1	-1	283.4577114	328.6881188	264.2039801	312.6980198	277.039801	323.0445545		1	42	43	
1	42	-1	264.2039801	312.6980198	283.4577114	327.7475248	277.039801	323.0445545		1	42	43	
42	43	-1	283.4577114	327.7475248	283.4577114	328.6881188	277.039801	323.0445545		1	42	43	
44	1	-1	283.4577114	329.6287129	264.2039801	312.6980198	277.039801	323.6716172		1	43	44	
1	43	-1	264.2039801	312.6980198	283.4577114	328.6881188	277.039801	323.6716172		1	43	44	
43	44	-1	283.4577114	328.6881188	283.4577114	329.6287129	277.039801	323.6716172		1	43	44	
45	1	-1	283.4577114	330.5693069	264.2039801	312.6980198	277.039801	324.2986799		1	44	45	
1	44	-1	264.2039801	312.6980198	283.4577114	329.6287129	277.039801	324.2986799		1	44	45	
44	45	-1	283.4577114	329.6287129	283.4577114	330.5693069	277.039801	324.2986799		1	44	45	
46	1	-1	283.4577114	331.509901	264.2039801	312.6980198	277.039801	324.9257426		1	45	46	
1	45	-1	264.2039801	312.6980198	283.4577114	330.5693069	277.039801	324.9257426		1	45	46	
45	46	-1	283.4577114	330.5693069	283.4577114	331.509901	277.039801	324.9257426		1	45	46	
90	1	-1	285.5970149	342.7970297	264.2039801	312.6980198	277.7529022	329.0016502		1	46	90	
1	46	-1	264.2039801	312.6980198	283.4577114	331.509901	277.7529022	329.0016502		1	46	90	
46	90	-1	283.4577114	331.509901	285.5970149	342.7970297	277.7529022	329.0016502		1	46	90	
91	1	-1	285.5970149	343.7376238	264.2039801	312.6980198	278.4660033	333.0775578		1	90	91	
1	90	-1	264.2039801	312.6980198	285.5970149	342.7970297	278.4660033	333.0775578		1	90	91	
90	91	-1	285.5970149	342.7970297	285.5970149	343.7376238	278.4660033	333.0775578		1	90	91	
92	1	-1	285.5970149	344.6782178	264.2039801	312.6980198	278.4660033	333.7046205		1	91	92	
1	91	-1	264.2039801	312.6980198	285.5970149	343.7376238	278.4660033	333.7046205		1	91	92	
91	92	-1	285.5970149	343.7376238	285.5970149	344.6782178	278.4660033	333.7046205		1	91	92	
93	1	-1	285.5970149	345.6188119	264.2039801	312.6980198	278.4660033	334.3316832		1	92	93	
1	92	-1	264.2039801	312.6980198	285.5970149	344.6782178	278.4660033	334.3316832		1	92	93	
92	93	-1	285.5970149	344.6782178	285.5970149	345.6188119	278.4660033	334.3316832		1	92	93	
15	2	-1	283.4577114	302.3514851	281.318408	302.3514851	282.5003731	301.9259901		2	121	15	
2	121	-1	281.318408	302.3514851	282.725	301.075	282.5003731	301.9259901		2	121	15	
121	15	-1	282.725	301.075	283.4577114	302.3514851	282.5003731	301.9259901		2	121	15	
3	2	-1	281.318408	303.2920792	281.318408	302.3514851	282.3880597	302.8217822		2	15	16	3	
2	15	-1	281.318408	302.3514851	283.4577114	302.3514851	282.3880597	302.8217822		2	15	16	3	
15	16	-1	283.4577114	302.3514851	283.4577114	303.2920792	282.3880597	302.8217822		2	15	16	3	
16	3	-1	283.4577114	303.2920792	281.318408	303.2920792	282.3880597	302.8217822		2	15	16	3	
120	2	-1	280.575	301.075	281.318408	302.3514851	281.0706053	302.2395215		2	3	120	
2	3	-1	281.318408	302.3514851	281.318408	303.2920792	281.0706053	302.2395215		2	3	120	
3	120	-1	281.318408	303.2920792	280.575	301.075	281.0706053	302.2395215		2	3	120	
121	2	-1	282.725	301.075	281.318408	302.3514851	281.5394693	301.500495		2	120	121	
2	120	-1	281.318408	302.3514851	280.575	301.075	281.5394693	301.500495		2	120	121	
120	121	-1	280.575	301.075	282.725	301.075	281.5394693	301.500495		2	120	121	
4	3	-1	281.318408	304.2326733	281.318408	303.2920792	282.3880597	303.7623762		3	16	17	4	
3	16	-1	281.318408	303.2920792	283.4577114	303.2920792	282.3880597	303.7623762		3	16	17	4	
16	17	-1	283.4577114	303.2920792	283.4577114	304.2326733	282.3880597	303.7623762		3	16	17	4	
17	4	-1	283.4577114	304.2326733	281.318408	304.2326733	282.3880597	303.7623762		3	16	17	4	
120	3	-1	280.575	301.075	281.318408	303.2920792	281.0706053	302.8665842		3	4	120	
3	4	-1	281.318408	303.2920792	281.318408	304.2326733	281.0706053	302.8665842		3	4	120	
4	120	-1	281.318408	304.2326733	280.575	301.075	281.0706053	302.8665842		3	4	120	
5	4	-1	281.318408	305.1732673	281.318408	304.2326733	282.3880597	304.7029703		4	17	18	5	
4	17	-1	281.318408	304.2326733	283.4577114	304.2326733	282.3880597	304.7029703		4	17	18	5	
17	18	-1	283.4577114	304.2326733	283.4577114	305.1732673	282.3880597	304.7029703		4	17	18	5	
18	5	-1	283.4577114	305.1732673	281.318408	305.1732673	282.3880597	304.7029703		4	17	18	5	
120	4	-1	280.575	301.075	281.318408	304.2326733	281.0706053	303.4936469		4	5	120	
4	5	-1	281.318408	304.2326733	281.318408	305.1732673	281.0706053	303.4936469		4	5	120	
5	120	-1	281.318408	305.1732673	280.575	301.075	281.0706053	303.4936469		4	5	120	
6	5	-1	281.318408	306.1138614	281.318408	305.1732673	282.3880597	305.6435644		5	18	19	6	
5	18	-1	281.318408	305.1732673	283.4577114	305.1732673	282.3880597	305.6435644		5	18	19	6	
18	19	-1	283.4577114	305.1732673	283.4577114	306.1138614	282.3880597	305.6435644		5	18	19	6	
19	6	-1	283.4577114	306.1138614	281.318408	306.1138614	282.3880597	305.6435644		5	18	19	6	
7	6	-1	281.318408	307.0544554	281.318408	306.1138614	282.3880597	306.5841584		6	19	20	7	
6	19	-1	281.318408	306.1138614	283.4577114	306.1138614	282.3880597	306.5841584		6	19	20	7	
19	20	-1	283.4577114	306.1138614	283.4577114	307.0544554	282.3880597	306.5841584		6	19	20	7	
20	7	-1	283.4577114	307.0544554	281.318408	307.0544554	282.3880597	306.5841584		6	19	20	7	
8	7	-1	281.318408	307.9950495	281.318408	307.0544554	282.3880597	307.5247525		7	20	21	8	
7	20	-1	281.318408	307.0544554	283.4577114	307.0544554	282.3880597	307.5247525		7	20	21	8	
20	21	-1	283.4577114	307.0544554	283.4577114	307.9950495	282.3880597	307.5247525		7	20	21	8	
21	8	-1	283.4577114	307.9950495	281.318408	307.9950495	282.3880597	307.5247525		7	20	21	8	
9	8	-1	281.318408	308.9356436	281.318408	307.9950495	282.3880597	308.4653465		8	21	22	9	
8	21	-1	281.318408	307.9950495	283.4577114	307.9950495	282.3880597	308.4653465		8	21	22	9	
21	22	-1	283.4577114	307.9950495	283.4577114	308.9356436	282.3880597	308.4653465		8	21	22	9	
22	9	-1	283.4577114	308.9356436	281.318408	308.9356436	282.3880597	308.4653465		8	21	22	9	
10	9	-1	281.318408	309.8762376	281.318408	308.9356436	282.3880597	309.4059406		9	22	23	10	
9	22	-1	281.318408	308.9356436	283.4577114	308.9356436	282.3880597	309.4059406		9	22	23	10	
22	23	-1	283.4577114	308.9356436	283.4577114	309.8762376	282.3880597	309.4059406		9	22	23	10	
23	10	-1	283.4577114	309.8762376	281.318408	309.8762376	282.3880597	309.4059406		9	22	23	10	
11	10	-1	281.318408	310.8168317	281.318408	309.8762376	282.3880597	310.3465347		10	23	24	11	
10	23	-1	281.318408	309.8762376	283.4577114	309.8762376	282.3880597	310.3465347		10	23	24	11	
23	24	-1	283.4577114	309.8762376	283.4577114	310.8168317	282.3880597	310.3465347		10	23	24	11	
24	11	-1	283.4577114	310.8168317	281.318408	310.8168317	282.3880597	310.3465347		10	23	24	11	
12	11	-1	281.318408	311.7574257	281.318408	310.8168317	282.3880597	311.2871287		11	24	25	12	
11	24	-1	281.318408	310.8168317	283.4577114	310.8168317	282.3880597	311.2871287		11	24	25	12	
24	25	-1	283.4577114	310.8168317	283.4577114	311.7574257	282.3880597	311.2871287		11	24	25	12	
25	12	-1	283.4577114	311.7574257	281.318408	311.7574257	282.3880597	311.2871287		11	24	25	12	
13	12	-1	281.318408	312.6980198	281.318408	311.7574257	282.3880597	312.2277228		12	25	26	13	
12	25	-1	281.318408	311.7574257	283.4577114	311.7574257	282.3880597	312.2277228		12	25	26	13	
25	26	-1	283.4577114	311.7574257	283.4577114	312.6980198	282.3880597	312.2277228		12	25	26	13	
26	13	-1	283.4577114	312.6980198	281.318408	312.6980198	282.3880597	312.2277228		12	25	26	13	
14	13	-1	281.318408	313.6386139	281.318408	312.6980198	282.3880597	313.1683168		13	26	27	14	
13	26	-1	281.318408	312.6980198	283.4577114	312.6980198	282.3880597	313.1683168		13	26	27	14	
26	27	-1	283.4577114	312.6980198	283.4577114	313.6386139	282.3880597	313.1683168		13	26	27	14	
27	14	-1	283.4577114	313.6386139	281.318408	313.6386139	282.3880597	313.1683168		13	26	27	14	
28	14	-1	283.4577114	314.5792079	281.318408	313.6386139	282.7446103	313.9521452		14	27	28	
14	27	-1	281.318408	313.6386139	283.4577114	313.6386139	282.7446103	313.9521452		14	27	28	
27	28	-1	283.4577114	313.6386139	283.4577114	314.5792079	282.7446103	313.9521452		14	27	28	
29	14	-1	283.4577114	315.519802	281.318408	313.6386139	282.7446103	314.5792079		14	28	29	
14	28	-1	281.318408	313.6386139	283.4577114	314.5792079	282.7446103	314.5792079		14	28	29	
28	29	-1	283.4577114	314.5792079	283.4577114	315.519802	282.7446103	314.5792079		14	28	29	
30	14	-1	283.4577114	316.460396	281.318408	313.6386139	282.7446103	315.2062706		14	29	30	
14	29	-1	281.318408	313.6386139	283.4577114	315.519802	282.7446103	315.2062706		14	29	30	
29	30	-1	283.4577114	315.519802	283.4577114	316.460396	282.7446103	315.2062706		14	29	30	
31	14	-1	283.4577114	317.4009901	281.318408	313.6386139	282.7446103	315.8333333		14	30	31	
14	30	-1	281.318408	313.6386139	283.4577114	316.460396	282.7446103	315.8333333		14	30	31	
30	31	-1	283.4577114	316.460396	283.4577114	317.4009901	282.7446103	315.8333333		14	30	31	
32	14	-1	283.4577114	318.3415842	281.318408	313.6386139	282.7446103	316.460396		14	31	32	
14	31	-1	281.318408	313.6386139	283.4577114	317.4009901	282.7446103	316.460396		14	31	32	
31	32	-1	283.4577114	317.4009901	283.4577114	318.3415842	282.7446103	316.460396		14	31	32	
33	14	-1	283.4577114	319.2821782	281.318408	313.6386139	282.7446103	317.0874587		14	32	33	
14	32	-1	281.318408	313.6386139	283.4577114	318.3415842	282.7446103	317.0874587		14	32	33	
32	33	-1	283.4577114	318.3415842	283.4577114	319.2821782	282.7446103	317.0874587		14	32	33	
34	14	-1	283.4577114	320.2227723	281.318408	313.6386139	282.7446103	317.7145215		14	33	34	
14	33	-1	281.318408	313.6386139	283.4577114	319.2821782	282.7446103	317.7145215		14	33	34	
33	34	-1	283.4577114	319.2821782	283.4577114	320.2227723	282.7446103	317.7145215		14	33	34	
47	15	-1	285.5970149	302.3514851	283.4577114	302.3514851	284.6432421	301.9259901		15	122	47	
15	122	-1	283.4577114	302.3514851	284.875	301.075	284.6432421	301.9259901		15	122	47	
122	47	-1	284.875	301.075	285.5970149	302.3514851	284.6432421	301.9259901		15	122	47	
16	15	-1	283.4577114	303.2920792	283.4577114	302.3514851	284.5273632	302.8217822		15	47	48	16	
15	47	-1	283.4577114	302.3514851	285.5970149	302.3514851	284.5273632	302.8217822		15	47	48	16	
47	48	-1	285.5970149	302.3514851	285.5970149	303.2920792	284.5273632	302.8217822		15	47	48	16	
48	16	-1	285.5970149	303.2920792	283.4577114	303.2920792	284.5273632	302.8217822		15	47	48	16	
122	15	-1	284.875	301.075	283.4577114	302.3514851	283.6859038	301.500495		15	121	122	
15	121	-1	283.4577114	302.3514851	282.725	301.075	283.6859038	301.500495		15	121	122	
121	122	-1	282.725	301.075	284.875	301.075	283.6859038	301.500495		15	121	122	
17	16	-1	283.4577114	304.2326733	283.4577114	303.2920792	284.5273632	303.7623762		16	48	49	17	
16	48	-1	283.4577114	303.2920792	285.5970149	303.2920792	284.5273632	303.7623762		16	48	49	17	
48	49	-1	285.5970149	303.2920792	285.5970149	304.2326733	284.5273632	303.7623762		16	48	49	17	
49	17	-1	285.5970149	304.2326733	283.4577114	304.2326733	284.5273632	303.7623762		16	48	49	17	
18	17	-1	283.4577114	305.1732673	283.4577114	304.2326733	284.5273632	304.7029703		17	49	50	18	
17	49	-1	283.4577114	304.2326733	285.5970149	304.2326733	284.5273632	304.7029703		17	49	50	18	
49	50	-1	285.5970149	304.2326733	285.5970149	305.1732673	284.5273632	304.7029703		17	49	50	18	
50	18	-1	285.5970149	305.1732673	283.4577114	305.1732673	284.5273632	304.7029703		17	49	50	18	
19	18	-1	283.4577114	306.1138614	283.4577114	305.1732673	284.5273632	305.6435644		18	50	51	19	
18	50	-1	283.4577114	305.1732673	285.5970149	305.1732673	284.5273632	305.6435644		18	50	51	19	
50	51	-1	285.5970149	305.1732673	285.5970149	306.1138614	284.5273632	305.6435644		18	50	51	19	
51	19	-1	285.5970149	306.1138614	283.4577114	306.1138614	284.5273632	305.6435644		18	50	51	19	
20	19	-1	283.4577114	307.0544554	283.4577114	306.1138614	284.5273632	306.5841584		19	51	52	20	
19	51	-1	283.4577114	306.1138614	285.5970149	306.1138614	284.5273632	306.5841584		19	51	52	20	
51	52	-1	285.5970149	306.1138614	285.5970149	307.0544554	284.5273632	306.5841584		19	51	52	20	
52	20	-1	285.5970149	307.0544554	283.4577114	307.0544554	284.5273632	306.5841584		19	51	52	20	
21	20	-1	283.4577114	307.9950495	283.4577114	307.0544554	284.5273632	307.5247525		20	52	53	21	
20	52	-1	283.4577114	307.0544554	285.5970149	307.0544554	284.5273632	307.5247525		20	52	53	21	
52	53	-1	285.5970149	307.0544554	285.5970149	307.9950495	284.5273632	307.5247525		20	52	53	21	
53	21	-1	285.5970149	307.9950495	283.4577114	307.9950495	284.5273632	307.5247525		20	52	53	21	
22	21	-1	283.4577114	308.9356436	283.4577114	307.9950495	284.5273632	308.4653465		21	53	54	22	
21	53	-1	283.4577114	307.9950495	285.5970149	307.9950495	284.5273632	308.4653465		21	53	54	22	
53	54	-1	285.5970149	307.9950495	285.5970149	308.9356436	284.5273632	308.4653465		21	53	54	22	
54	22	-1	285.5970149	308.9356436	283.4577114	308.9356436	284.5273632	308.4653465		21	53	54	22	
23	22	-1	283.4577114	309.8762376	283.4577114	308.9356436	284.5273632	309.4059406		22	54	55	23	
22	54	-1	283.4577114	308.9356436	285.5970149	308.9356436	284.5273632	309.4059406		22	54	55	23	
54	55	-1	285.5970149	308.9356436	285.5970149	309.8762376	284.5273632	309.4059406		22	54	55	23	
55	23	-1	285.5970149	309.8762376	283.4577114	309.8762376	284.5273632	309.4059406		22	54	55	23	
24	23	-1	283.4577114	310.8168317	283.4577114	309.8762376	284.5273632	310.3465347		23	55	56	24	
23	55	-1	283.4577114	309.8762376	285.5970149	309.8762376	284.5273632	310.3465347		23	55	56	24	
55	56	-1	285.5970149	309.8762376	285.5970149	310.8168317	284.5273632	310.3465347		23	55	56	24	
56	24	-1	285.5970149	310.8168317	283.4577114	310.8168317	284.5273632	310.3465347		23	55	56	24	
25	24	-1	283.4577114	311.7574257	283.4577114	310.8168317	284.5273632	311.2871287		24	56	57	25	
24	56	-1	283.4577114	310.8168317	285.5970149	310.8168317	284.5273632	311.2871287		24	56	57	25	
56	57	-1	285.5970149	310.8168317	285.5970149	311.7574257	284.5273632	311.2871287		24	56	57	25	
57	25	-1	285.5970149	311.7574257	283.4577114	311.7574257	284.5273632	311.2871287		24	56	57	25	
26	25	-1	283.4577114	312.6980198	283.4577114	311.7574257	284.5273632	312.2277228		25	57	58	26	
25	57	-1	283.4577114	311.7574257	285.5970149	311.7574257	284.5273632	312.2277228		25	57	58	26	
57	58	-1	285.5970149	311.7574257	285.5970149	312.6980198	284.5273632	312.2277228		25	57	58	26	
58	26	-1	285.5970149	312.6980198	283.4577114	312.6980198	284.5273632	312.2277228		25	57	58	26	
27	26	-1	283.4577114	313.6386139	283.4577114	312.6980198	284.5273632	313.1683168		26	58	59	27	
26	58	-1	283.4577114	312.6980198	285.5970149	312.6980198	284.5273632	313.1683168		26	58	59	27	
58	59	-1	285.5970149	312.6980198	285.5970149	313.6386139	284.5273632	313.1683168		26	58	59	27	
59	27	-1	285.5970149	313.6386139	283.4577114	313.6386139	284.5273632	313.1683168		26	58	59	27	
28	27	-1	283.4577114	314.5792079	283.4577114	313.6386139	284.5273632	314.1089109		27	59	60	28	
27	59	-1	283.4577114	313.6386139	285.5970149	313.6386139	284.5273632	314.1089109		27	59	60	28	
59	60	-1	285.5970149	313.6386139	285.5970149	314.5792079	284.5273632	314.1089109		27	59	60	28	
60	28	-1	285.5970149	314.5792079	283.4577114	314.5792079	284.5273632	314.1089109		27	59	60	28	
29	28	-1	283.4577114	315.519802	283.4577114	314.5792079	284.5273632	315.049505		28	60	61	29	
28	60	-1	283.4577114	314.5792079	285.5970149	314.5792079	284.5273632	315.049505		28	60	61	29	
60	61	-1	285.5970149	314.5792079	285.5970149	315.519802	284.5273632	315.049505		28	60	61	29	
61	29	-1	285.5970149	315.519802	283.4577114	315.519802	284.5273632	315.049505		28	60	61	29	
30	29	-1	283.4577114	316.460396	283.4577114	315.519802	284.5273632	315.990099		29	61	62	30	
29	61	-1	283.4577114	315.519802	285.5970149	315.519802	284.5273632	315.990099		29	61	62	30	
61	62	-1	285.5970149	315.519802	285.5970149	316.460396	284.5273632	315.990099		29	61	62	30	
62	30	-1	285.5970149	316.460396	283.4577114	316.460396	284.5273632	315.990099		29	61	62	30	
31	30	-1	283.4577114	317.4009901	283.4577114	316.460396	284.5273632	316.9306931		30	62	63	31	
30	62	-1	283.4577114	316.460396	285.5970149	316.460396	284.5273632	316.9306931		30	62	63	31	
62	63	-1	285.5970149	316.460396	285.5970149	317.4009901	284.5273632	316.9306931		30	62	63	31	
63	31	-1	285.5970149	317.4009901	283.4577114	317.4009901	284.5273632	316.9306931		30	62	63	31	
32	31	-1	283.4577114	318.3415842	283.4577114	317.4009901	284.5273632	317.8712871		31	63	64	32	
31	63	-1	283.4577114	317.4009901	285.5970149	317.4009901	284.5273632	317.8712871		31	63	64	32	
63	64	-1	285.5970149	317.4009901	285.5970149	318.3415842	284.5273632	317.8712871		31	63	64	32	
64	32	-1	285.5970149	318.3415842	283.4577114	318.3415842	284.5273632	317.8712871		31	63	64	32	
33	32	-1	283.4577114	319.2821782	283.4577114	318.3415842	284.5273632	318.8118812		32	64	65	33	
32	64	-1	283.4577114	318.3415842	285.5970149	318.3415842	284.5273632	318.8118812		32	64	65	33	
64	65	-1	285.5970149	318.3415842	285.5970149	319.2821782	284.5273632	318.8118812		32	64	65	33	
65	33	-1	285.5970149	319.2821782	283.4577114	319.2821782	284.5273632	318.8118812		32	64	65	33	
34	33	-1	283.4577114	320.2227723	283.4577114	319.2821782	284.5273632	319.7524752		33	65	66	34	
33	65	-1	283.4577114	319.2821782	285.5970149	319.2821782	284.5273632	319.7524752		33	65	66	34	
65	66	-1	285.5970149	319.2821782	285.5970149	320.2227723	284.5273632	319.7524752		33	65	66	34	
66	34	-1	285.5970149	320.2227723	283.4577114	320.2227723	284.5273632	319.7524752		33	65	66	34	
35	34	-1	283.4577114	321.1633663	283.4577114	320.2227723	284.5273632	320.6930693		34	66	67	35	
34	66	-1	283.4577114	320.2227723	285.5970149	320.2227723	284.5273632	320.6930693		34	66	67	35	
66	67	-1	285.5970149	320.2227723	285.5970149	321.1633663	284.5273632	320.6930693		34	66	67	35	
67	35	-1	285.5970149	321.1633663	283.4577114	321.1633663	284.5273632	320.6930693		34	66	67	35	
36	35	-1	283.4577114	322.1039604	283.4577114	321.1633663	284.5273632	321.6336634		35	67	68	36	
35	67	-1	283.4577114	321.1633663	285.5970149	321.1633663	284.5273632	321.6336634		35	67	68	36	
67	68	-1	285.5970149	321.1633663	285.5970149	322.1039604	284.5273632	321.6336634		35	67	68	36	
68	36	-1	285.5970149	322.1039604	283.4577114	322.1039604	284.5273632	321.6336634		35	67	68	36	
37	36	-1	283.4577114	323.0445545	283.4577114	322.1039604	284.5273632	322.5742574		36	68	69	37	
36	68	-1	283.4577114	322.1039604	285.5970149	322.1039604	284.5273632	322.5742574		36	68	69	37	
68	69	-1	285.5970149	322.1039604	285.5970149	323.0445545	284.5273632	322.5742574		36	68	69	37	
69	37	-1	285.5970149	323.0445545	283.4577114	323.0445545	284.5273632	322.5742574		36	68	69	37	
38	37	-1	283.4577114	323.9851485	283.4577114	323.0445545	284.5273632	323.5148515		37	69	70	38	
37	69	-1	283.4577114	323.0445545	285.5970149	323.0445545	284.5273632	323.5148515		37	69	70	38	
69	70	-1	285.5970149	323.0445545	285.5970149	323.9851485	284.5273632	323.5148515		37	69	70	38	
70	38	-1	285.5970149	323.9851485	283.4577114	323.9851485	284.5273632	323.5148515		37	69	70	38	
39	38	-1	283.4577114	324.9257426	283.4577114	323.9851485	284.5273632	324.4554455		38	70	71	39	
38	70	-1	283.4577114	323.9851485	285.5970149	323.9851485	284.5273632	324.4554455		38	70	71	39	
70	71	-1	285.5970149	323.9851485	285.5970149	324.9257426	284.5273632	324.4554455		38	70	71	39	
71	39	-1	285.5970149	324.9257426	283.4577114	324.9257426	284.5273632	324.4554455		38	70	71	39	
40	39	-1	283.4577114	325.8663366	283.4577114	324.9257426	284.5273632	325.3960396		39	71	72	40	
39	71	-1	283.4577114	324.9257426	285.5970149	324.9257426	284.5273632	325.3960396		39	71	72	40	
71	72	-1	285.5970149	324.9257426	285.5970149	325.8663366	284.5273632	325.3960396		39	71	72	40	
72	40	-1	285.5970149	325.8663366	283.4577114	325.8663366	284.5273632	325.3960396		39	71	72	40	
41	40	-1	283.4577114	326.8069307	283.4577114	325.8663366	284.5273632	326.3366337		40	72	73	41	
40	72	-1	283.4577114	325.8663366	285.5970149	325.8663366	284.5273632	326.3366337		40	72	73	41	
72	73	-1	285.5970149	325.8663366	285.5970149	326.8069307	284.5273632	326.3366337		40	72	73	41	
73	41	-1	285.5970149	326.8069307	283.4577114	326.8069307	284.5273632	326.3366337		40	72	73	41	
42	41	-1	283.4577114	327.7475248	283.4577114	326.8069307	284.5273632	327.2772277		41	73	74	42	
41	73	-1	283.4577114	326.8069307	285.5970149	326.8069307	284.5273632	327.2772277		41	73	74	42	
73	74	-1	285.5970149	326.8069307	285.5970149	327.7475248	284.5273632	327.2772277		41	73	74	42	
74	42	-1	285.5970149	327.7475248	283.4577114	327.7475248	284.5273632	327.2772277		41	73	74	42	
43	42	-1	283.4577114	328.6881188	283.4577114	327.7475248	284.5273632	328.2178218		42	74	75	43	
42	74	-1	283.4577114	327.7475248	285.5970149	327.7475248	284.5273632	328.2178218		42	74	75	43	
74	75	-1	285.5970149	327.7475248	285.5970149	328.6881188	284.5273632	328.2178218		42	74	75	43	
75	43	-1	285.5970149	328.6881188	283.4577114	328.6881188	284.5273632	328.2178218		42	74	75	43	
44	43	-1	283.4577114	329.6287129	283.4577114	328.6881188	284.5273632	329.1584158		43	75	76	44	
43	75	-1	283.4577114	328.6881188	285.5970149	328.6881188	284.5273632	329.1584158		43	75	76	44	
75	76	-1	285.5970149	328.6881188	285.5970149	329.6287129	284.5273632	329.1584158		43	75	76	44	
76	44	-1	285.5970149	329.6287129	283.4577114	329.6287129	284.5273632	329.1584158		43	75	76	44	
45	44	-1	283.4577114	330.5693069	283.4577114	329.6287129	284.5273632	330.0990099		44	76	77	45	
44	76	-1	283.4577114	329.6287129	285.5970149	329.6287129	284.5273632	330.0990099		44	76	77	45	
76	77	-1	285.5970149	329.6287129	285.5970149	330.5693069	284.5273632	330.0990099		44	76	77	45	
77	45	-1	285.5970149	330.5693069	283.4577114	330.5693069	284.5273632	330.0990099		44	76	77	45	
46	45	-1	283.4577114	331.509901	283.4577114	330.5693069	284.5273632	331.039604		45	77	78	46	
45	77	-1	283.4577114	330.5693069	285.5970149	330.5693069	284.5273632	331.039604		45	77	78	46	
77	78	-1	285.5970149	330.5693069	285.5970149	331.509901	284.5273632	331.039604		45	77	78	46	
78	46	-1	285.5970149	331.509901	283.4577114	331.509901	284.5273632	331.039604		45	77	78	46	
79	46	-1	285.5970149	332.450495	283.4577114	331.509901	284.8839138	331.8234323		46	78	79	
46	78	-1	283.4577114	331.509901	285.5970149	331.509901	284.8839138	331.8234323		46	78	79	
78	79	-1	285.5970149	331.509901	285.5970149	332.450495	284.8839138	331.8234323		46	78	79	
80	46	-1	285.5970149	333.3910891	283.4577114	331.509901	284.8839138	332.450495		46	79	80	
46	79	-1	283.4577114	331.509901	285.5970149	332.450495	284.8839138	332.450495		46	79	80	
79	80	-1	285.5970149	332.450495	285.5970149	333.3910891	284.8839138	332.450495		46	79	80	
81	46	-1	285.5970149	334.3316832	283.4577114	331.509901	284.8839138	333.0775578		46	80	81	
46	80	-1	283.4577114	331.509901	285.5970149	333.3910891	284.8839138	333.0775578		46	80	81	
80	81	-1	285.5970149	333.3910891	285.5970149	334.3316832	284.8839138	333.0775578		46	80	81	
82	46	-1	285.5970149	335.2722772	283.4577114	331.509901	284.8839138	333.7046205		46	81	82	
46	81	-1	283.4577114	331.509901	285.5970149	334.3316832	284.8839138	333.7046205		46	81	82	
81	82	-1	285.5970149	334.3316832	285.5970149	335.2722772	284.8839138	333.7046205		46	81	82	
83	46	-1	285.5970149	336.2128713	283.4577114	331.509901	284.8839138	334.3316832		46	82	83	
46	82	-1	283.4577114	331.509901	285.5970149	335.2722772	284.8839138	334.3316832		46	82	83	
82	83	-1	285.5970149	335.2722772	285.5970149	336.2128713	284.8839138	334.3316832		46	82	83	
84	46	-1	285.5970149	337.1534653	283.4577114	331.509901	284.8839138	334.9587459		46	83	84	
46	83	-1	283.4577114	331.509901	285.5970149	336.2128713	284.8839138	334.9587459		46	83	84	
83	84	-1	285.5970149	336.2128713	285.5970149	337.1534653	284.8839138	334.9587459		46	83	84	
85	46	-1	285.5970149	338.0940594	283.4577114	331.509901	284.8839138	335.5858086		46	84	85	
46	84	-1	283.4577114	331.509901	285.5970149	337.1534653	284.8839138	335.5858086		46	84	85	
84	85	-1	285.5970149	337.1534653	285.5970149	338.0940594	284.8839138	335.5858086		46	84	85	
86	46	-1	285.5970149	339.0346535	283.4577114	331.509901	284.8839138	336.2128713		46	85	86	
46	85	-1	283.4577114	331.509901	285.5970149	338.0940594	284.8839138	336.2128713		46	85	86	
85	86	-1	285.5970149	338.0940594	285.5970149	339.0346535	284.8839138	336.2128713		46	85	86	
87	46	-1	285.5970149	339.9752475	283.4577114	331.509901	284.8839138	336.839934		46	86	87	
46	86	-1	283.4577114	331.509901	285.5970149	339.0346535	284.8839138	336.839934		46	86	87	
86	87	-1	285.5970149	339.0346535	285.5970149	339.9752475	284.8839138	336.839934		46	86	87	
88	46	-1	285.5970149	340.9158416	283.4577114	331.509901	284.8839138	337.4669967		46	87	88	
46	87	-1	283.4577114	331.509901	285.5970149	339.9752475	284.8839138	337.4669967		46	87	88	
87	88	-1	285.5970149	339.9752475	285.5970149	340.9158416	284.8839138	337.4669967		46	87	88	
89	46	-1	285.5970149	341.8564356	283.4577114	331.509901	284.8839138	338.0940594		46	88	89	
46	88	-1	283.4577114	331.509901	285.5970149	340.9158416	284.8839138	338.0940594		46	88	89	
88	89	-1	285.5970149	340.9158416	285.5970149	341.8564356	284.8839138	338.0940594		46	88	89	
90	46	-1	285.5970149	342.7970297	283.4577114	331.509901	284.8839138	338.7211221		46	89	90	
46	89	-1	283.4577114	331.509901	285.5970149	341.8564356	284.8839138	338.7211221		46	89	90	
89	90	-1	285.5970149	341.8564356	285.5970149	342.7970297	284.8839138	338.7211221		46	89	90	
48	47	-1	285.5970149	303.2920792	285.5970149	302.3514851	319.7563433	302.2395215		47	123	48	
47	123	-1	285.5970149	302.3514851	388.075	301.075	319.7563433	302.2395215		47	123	48	
123	48	-1	388.075	301.075	285.5970149	303.2920792	319.7563433	302.2395215		47	123	48	
47	47	-1	285.5970149	300	285.5970149	302.3514851	285.3563433	301.1421617		47	122	47	
47	122	-1	285.5970149	302.3514851	284.875	301.075	285.3563433	301.1421617		47	122	47	
122	47	-1	284.875	301.075	285.5970149	300	285.3563433	301.1421617		47	122	47	
123	47	-1	388.075	301.075	285.5970149	302.3514851	319.7563433	301.1421617		47	47	123	
47	47	-1	285.5970149	302.3514851	285.5970149	300	319.7563433	301.1421617		47	47	123	
47	123	-1	285.5970149	300	388.075	301.075	319.7563433	301.1421617		47	47	123	
49	48	-1	285.5970149	304.2326733	285.5970149	303.2920792	319.7563433	302.8665842		48	123	49	
48	123	-1	285.5970149	303.2920792	388.075	301.075	319.7563433	302.8665842		48	123	49	
123	49	-1	388.075	301.075	285.5970149	304.2326733	319.7563433	302.8665842		48	123	49	
50	49	-1	285.5970149	305.1732673	285.5970149	304.2326733	319.7563433	303.4936469		49	123	50	
49	123	-1	285.5970149	304.2326733	388.075	301.075	319.7563433	303.4936469		49	123	50	
123	50	-1	388.075	301.075	285.5970149	305.1732673	319.7563433	303.4936469		49	123	50	
51	50	-1	285.5970149	306.1138614	285.5970149	305.1732673	319.7563433	304.1207096		50	123	51	
50	123	-1	285.5970149	305.1732673	388.075	301.075	319.7563433	304.1207096		50	123	51	
123	51	-1	388.075	301.075	285.5970149	306.1138614	319.7563433	304.1207096		50	123	51	
98	51	-1	388.2835821	306.1138614	285.5970149	306.1138614	353.985199	304.4342409		51	123	98	
51	123	-1	285.5970149	306.1138614	388.075	301.075	353.985199	304.4342409		51	123	98	
123	98	-1	388.075	301.075	388.2835821	306.1138614	353.985199	304.4342409		51	123	98	
52	51	-1	285.5970149	307.0544554	285.5970149	306.1138614	336.9402985	306.5841584		51	98	99	52	
51	98	-1	285.5970149	306.1138614	388.2835821	306.1138614	336.9402985	306.5841584		51	98	99	52	
98	99	-1	388.2835821	306.1138614	388.2835821	307.0544554	336.9402985	306.5841584		51	98	99	52	
99	52	-1	388.2835821	307.0544554	285.5970149	307.0544554	336.9402985	306.5841584		51	98	99	52	
53	52	-1	285.5970149	307.9950495	285.5970149	307.0544554	336.9402985	307.5247525		52	99	100	53	
52	99	-1	285.5970149	307.0544554	388.2835821	307.0544554	336.9402985	307.5247525		52	99	100	53	
99	100	-1	388.2835821	307.0544554	388.2835821	307.9950495	336.9402985	307.5247525		52	99	100	53	
100	53	-1	388.2835821	307.9950495	285.5970149	307.9950495	336.9402985	307.5247525		52	99	100	53	
54	53	-1	285.5970149	308.9356436	285.5970149	307.9950495	336.9402985	308.4653465		53	100	101	54	
53	100	-1	285.5970149	307.9950495	388.2835821	307.9950495	336.9402985	308.4653465		53	100	101	54	
100	101	-1	388.2835821	307.9950495	388.2835821	308.9356436	336.9402985	308.4653465		53	100	101	54	
101	54	-1	388.2835821	308.9356436	285.5970149	308.9356436	336.9402985	308.4653465		53	100	101	54	
55	54	-1	285.5970149	309.8762376	285.5970149	308.9356436	336.9402985	309.4059406		54	101	102	55	
54	101	-1	285.5970149	308.9356436	388.2835821	308.9356436	336.9402985	309.4059406		54	101	102	55	
101	102	-1	388.2835821	308.9356436	388.2835821	309.8762376	336.9402985	309.4059406		54	101	102	55	
102	55	-1	388.2835821	309.8762376	285.5970149	309.8762376	336.9402985	309.4059406		54	101	102	55	
56	55	-1	285.5970149	310.8168317	285.5970149	309.8762376	336.9402985	310.3465347		55	102	103	56	
55	102	-1	285.5970149	309.8762376	388.2835821	309.8762376	336.9402985	310.3465347		55	102	103	56	
102	103	-1	388.2835821	309.8762376	388.2835821	310.8168317	336.9402985	310.3465347		55	102	103	56	
103	56	-1	388.2835821	310.8168317	285.5970149	310.8168317	336.9402985	310.3465347		55	102	103	56	
57	56	-1	285.5970149	311.7574257	285.5970149	310.8168317	336.9402985	311.2871287		56	103	104	57	
56	103	-1	285.5970149	310.8168317	388.2835821	310.8168317	336.9402985	311.2871287		56	103	104	57	
103	104	-1	388.2835821	310.8168317	388.2835821	311.7574257	336.9402985	311.2871287		56	103	104	57	
104	57	-1	388.2835821	311.7574257	285.5970149	311.7574257	336.9402985	311.2871287		56	103	104	57	
58	57	-1	285.5970149	312.6980198	285.5970149	311.7574257	336.9402985	312.2277228		57	104	105	58	
57	104	-1	285.5970149	311.7574257	388.2835821	311.7574257	336.9402985	312.2277228		57	104	105	58	
104	105	-1	388.2835821	311.7574257	388.2835821	312.6980198	336.9402985	312.2277228		57	104	105	58	
105	58	-1	388.2835821	312.6980198	285.5970149	312.6980198	336.9402985	312.2277228		57	104	105	58	
59	58	-1	285.5970149	313.6386139	285.5970149	312.6980198	336.9402985	313.1683168		58	105	106	59	
58	105	-1	285.5970149	312.6980198	388.2835821	312.6980198	336.9402985	313.1683168		58	105	106	59	
105	106	-1	388.2835821	312.6980198	388.2835821	313.6386139	336.9402985	313.1683168		58	105	106	59	
106	59	-1	388.2835821	313.6386139	285.5970149	313.6386139	336.9402985	313.1683168		58	105	106	59	
60	59	-1	285.5970149	314.5792079	285.5970149	313.6386139	336.9402985	314.1089109		59	106	107	60	
59	106	-1	285.5970149	313.6386139	388.2835821	313.6386139	336.9402985	314.1089109		59	106	107	60	
106	107	-1	388.2835821	313.6386139	388.2835821	314.5792079	336.9402985	314.1089109		59	106	107	60	
107	60	-1	388.2835821	314.5792079	285.5970149	314.5792079	336.9402985	314.1089109		59	106	107	60	
61	60	-1	285.5970149	315.519802	285.5970149	314.5792079	336.9402985	315.049505		60	107	108	61	
60	107	-1	285.5970149	314.5792079	388.2835821	314.5792079	336.9402985	315.049505		60	107	108	61	
107	108	-1	388.2835821	314.5792079	388.2835821	315.519802	336.9402985	315.049505		60	107	108	61	
108	61	-1	388.2835821	315.519802	285.5970149	315.519802	336.9402985	315.049505		60	107	108	61	
62	61	-1	285.5970149	316.460396	285.5970149	315.519802	336.9402985	315.990099		61	108	109	62	
61	108	-1	285.5970149	315.519802	388.2835821	315.519802	336.9402985	315.990099		61	108	109	62	
108	109	-1	388.2835821	315.519802	388.2835821	316.460396	336.9402985	315.990099		61	108	109	62	
109	62	-1	388.2835821	316.460396	285.5970149	316.460396	336.9402985	315.990099		61	108	109	62	
63	62	-1	285.5970149	317.4009901	285.5970149	316.460396	336.9402985	316.9306931		62	109	110	63	
62	109	-1	285.5970149	316.460396	388.2835821	316.460396	336.9402985	316.9306931		62	109	110	63	
109	110	-1	388.2835821	316.460396	388.2835821	317.4009901	336.9402985	316.9306931		62	109	110	63	
110	63	-1	388.2835821	317.4009901	285.5970149	317.4009901	336.9402985	316.9306931		62	109	110	63	
64	63	-1	285.5970149	318.3415842	285.5970149	317.4009901	336.9402985	317.8712871		63	110	111	64	
63	110	-1	285.5970149	317.4009901	388.2835821	317.4009901	336.9402985	317.8712871		63	110	111	64	
110	111	-1	388.2835821	317.4009901	388.2835821	318.3415842	336.9402985	317.8712871		63	110	111	64	
111	64	-1	388.2835821	318.3415842	285.5970149	318.3415842	336.9402985	317.8712871		63	110	111	64	
65	64	-1	285.5970149	319.2821782	285.5970149	318.3415842	336.9402985	318.8118812		64	111	112	65	
64	111	-1	285.5970149	318.3415842	388.2835821	318.3415842	336.9402985	318.8118812		64	111	112	65	
111	112	-1	388.2835821	318.3415842	388.2835821	319.2821782	336.9402985	318.8118812		64	111	112	65	
112	65	-1	388.2835821	319.2821782	285.5970149	319.2821782	336.9402985	318.8118812		64	111	112	65	
66	65	-1	285.5970149	320.2227723	285.5970149	319.2821782	336.9402985	319.7524752		65	112	113	66	
65	112	-1	285.5970149	319.2821782	388.2835821	319.2821782	336.9402985	319.7524752		65	112	113	66	
112	113	-1	388.2835821	319.2821782	388.2835821	320.2227723	336.9402985	319.7524752		65	112	113	66	
113	66	-1	388.2835821	320.2227723	285.5970149	320.2227723	336.9402985	319.7524752		65	112	113	66	
67	66	-1	285.5970149	321.1633663	285.5970149	320.2227723	336.9402985	320.6930693		66	113	114	67	
66	113	-1	285.5970149	320.2227723	388.2835821	320.2227723	336.9402985	320.6930693		66	113	114	67	
113	114	-1	388.2835821	320.2227723	388.2835821	321.1633663	336.9402985	320.6930693		66	113	114	67	
114	67	-1	388.2835821	321.1633663	285.5970149	321.1633663	336.9402985	320.6930693		66	113	114	67	
68	67	-1	285.5970149	322.1039604	285.5970149	321.1633663	336.9402985	321.6336634		67	114	115	68	
67	114	-1	285.5970149	321.1633663	388.2835821	321.1633663	336.9402985	321.6336634		67	114	115	68	
114	115	-1	388.2835821	321.1633663	388.2835821	322.1039604	336.9402985	321.6336634		67	114	115	68	
115	68	-1	388.2835821	322.1039604	285.5970149	322.1039604	336.9402985	321.6336634		67	114	115	68	
69	68	-1	285.5970149	323.0445545	285.5970149	322.1039604	336.9402985	322.5742574		68	115	116	69	
68	115	-1	285.5970149	322.1039604	388.2835821	322.1039604	336.9402985	322.5742574		68	115	116	69	
115	116	-1	388.2835821	322.1039604	388.2835821	323.0445545	336.9402985	322.5742574		68	115	116	69	
116	69	-1	388.2835821	323.0445545	285.5970149	323.0445545	336.9402985	322.5742574		68	115	116	69	
70	69	-1	285.5970149	323.9851485	285.5970149	323.0445545	336.9402985	323.5148515		69	116	117	70	
69	116	-1	285.5970149	323.0445545	388.2835821	323.0445545	336.9402985	323.5148515		69	116	117	70	
116	117	-1	388.2835821	323.0445545	388.2835821	323.9851485	336.9402985	323.5148515		69	116	117	70	
117	70	-1	388.2835821	323.9851485	285.5970149	323.9851485	336.9402985	323.5148515		69	116	117	70	
71	70	-1	285.5970149	324.9257426	285.5970149	323.9851485	336.9402985	324.4554455		70	117	118	71	
70	117	-1	285.5970149	323.9851485	388.2835821	323.9851485	336.9402985	324.4554455		70	117	118	71	
117	118	-1	388.2835821	323.9851485	388.2835821	324.9257426	336.9402985	324.4554455		70	117	118	71	
118	71	-1	388.2835821	324.9257426	285.5970149	324.9257426	336.9402985	324.4554455		70	117	118	71	
72	71	-1	285.5970149	325.8663366	285.5970149	324.9257426	319.8258706	325.2392739		71	118	72	
71	118	-1	285.5970149	324.9257426	388.2835821	324.9257426	319.8258706	325.2392739		71	118	72	
118	72	-1	388.2835821	324.9257426	285.5970149	325.8663366	319.8258706	325.2392739		71	118	72	
73	72	-1	285.5970149	326.8069307	285.5970149	325.8663366	319.8258706	325.8663366		72	118	73	
72	118	-1	285.5970149	325.8663366	388.2835821	324.9257426	319.8258706	325.8663366		72	118	73	
118	73	-1	388.2835821	324.9257426	285.5970149	326.8069307	319.8258706	325.8663366		72	118	73	
74	73	-1	285.5970149	327.7475248	285.5970149	326.8069307	319.8258706	326.4933993		73	118	74	
73	118	-1	285.5970149	326.8069307	388.2835821	324.9257426	319.8258706	326.4933993		73	118	74	
118	74	-1	388.2835821	324.9257426	285.5970149	327.7475248	319.8258706	326.4933993		73	118	74	
75	74	-1	285.5970149	328.6881188	285.5970149	327.7475248	319.8258706	327.120462		74	118	75	
74	118	-1	285.5970149	327.7475248	388.2835821	324.9257426	319.8258706	327.120462		74	118	75	
118	75	-1	388.2835821	324.9257426	285.5970149	328.6881188	319.8258706	327.120462		74	118	75	
76	75	-1	285.5970149	329.6287129	285.5970149	328.6881188	319.8258706	327.7475248		75	118	76	
75	118	-1	285.5970149	328.6881188	388.2835821	324.9257426	319.8258706	327.7475248		75	118	76	
118	76	-1	388.2835821	324.9257426	285.5970149	329.6287129	319.8258706	327.7475248		75	118	76	
77	76	-1	285.5970149	330.5693069	285.5970149	329.6287129	319.8258706	328.3745875		76	118	77	
76	118	-1	285.5970149	329.6287129	388.2835821	324.9257426	319.8258706	328.3745875		76	118	77	
118	77	-1	388.2835821	324.9257426	285.5970149	330.5693069	319.8258706	328.3745875		76	118	77	
78	77	-1	285.5970149	331.509901	285.5970149	330.5693069	319.8258706	329.0016502		77	118	78	
77	118	-1	285.5970149	330.5693069	388.2835821	324.9257426	319.8258706	329.0016502		77	118	78	
118	78	-1	388.2835821	324.9257426	285.5970149	331.509901	319.8258706	329.0016502		77	118	78	
79	78	-1	285.5970149	332.450495	285.5970149	331.509901	319.8258706	329.6287129		78	118	79	
78	118	-1	285.5970149	331.509901	388.2835821	324.9257426	319.8258706	329.6287129		78	118	79	
118	79	-1	388.2835821	324.9257426	285.5970149	332.450495	319.8258706	329.6287129		78	118	79	
80	79	-1	285.5970149	333.3910891	285.5970149	332.450495	319.8258706	330.2557756		79	118	80	
79	118	-1	285.5970149	332.450495	388.2835821	324.9257426	319.8258706	330.2557756		79	118	80	
118	80	-1	388.2835821	324.9257426	285.5970149	333.3910891	319.8258706	330.2557756		79	118	80	
81	80	-1	285.5970149	334.3316832	285.5970149	333.3910891	319.8258706	330.8828383		80	118	81	
80	118	-1	285.5970149	333.3910891	388.2835821	324.9257426	319.8258706	330.8828383		80	118	81	
118	81	-1	388.2835821	324.9257426	285.5970149	334.3316832	319.8258706	330.8828383		80	118	81	
82	81	-1	285.5970149	335.2722772	285.5970149	334.3316832	319.8258706	331.509901		81	118	82	
81	118	-1	285.5970149	334.3316832	388.2835821	324.9257426	319.8258706	331.509901		81	118	82	
118	82	-1	388.2835821	324.9257426	285.5970149	335.2722772	319.8258706	331.509901		81	118	82	
83	82	-1	285.5970149	336.2128713	285.5970149	335.2722772	319.8258706	332.1369637		82	118	83	
82	118	-1	285.5970149	335.2722772	388.2835821	324.9257426	319.8258706	332.1369637		82	118	83	
118	83	-1	388.2835821	324.9257426	285.5970149	336.2128713	319.8258706	332.1369637		82	118	83	
84	83	-1	285.5970149	337.1534653	285.5970149	336.2128713	319.8258706	332.7640264		83	118	84	
83	118	-1	285.5970149	336.2128713	388.2835821	324.9257426	319.8258706	332.7640264		83	118	84	
118	84	-1	388.2835821	324.9257426	285.5970149	337.1534653	319.8258706	332.7640264		83	118	84	
85	84	-1	285.5970149	338.0940594	285.5970149	337.1534653	319.8258706	333.3910891		84	118	85	
84	118	-1	285.5970149	337.1534653	388.2835821	324.9257426	319.8258706	333.3910891		84	118	85	
118	85	-1	388.2835821	324.9257426	285.5970149	338.0940594	319.8258706	333.3910891		84	118	85	
86	85	-1	285.5970149	339.0346535	285.5970149	338.0940594	319.8258706	334.0181518		85	118	86	
85	118	-1	285.5970149	338.0940594	388.2835821	324.9257426	319.8258706	334.0181518		85	118	86	
118	86	-1	388.2835821	324.9257426	285.5970149	339.0346535	319.8258706	334.0181518		85	118	86	
87	86	-1	285.5970149	339.9752475	285.5970149	339.0346535	319.8258706	334.6452145		86	118	87	
86	118	-1	285.5970149	339.0346535	388.2835821	324.9257426	319.8258706	334.6452145		86	118	87	
118	87	-1	388.2835821	324.9257426	285.5970149	339.9752475	319.8258706	334.6452145		86	118	87	
88	87	-1	285.5970149	340.9158416	285.5970149	339.9752475	319.8258706	335.2722772		87	118	88	
87	118	-1	285.5970149	339.9752475	388.2835821	324.9257426	319.8258706	335.2722772		87	118	88	
118	88	-1	388.2835821	324.9257426	285.5970149	340.9158416	319.8258706	335.2722772		87	118	88	
89	88	-1	285.5970149	341.8564356	285.5970149	340.9158416	319.8258706	335.8993399		88	118	89	
88	118	-1	285.5970149	340.9158416	388.2835821	324.9257426	319.8258706	335.8993399		88	118	89	
118	89	-1	388.2835821	324.9257426	285.5970149	341.8564356	319.8258706	335.8993399		88	118	89	
90	89	-1	285.5970149	342.7970297	285.5970149	341.8564356	319.8258706	336.5264026		89	118	90	
89	118	-1	285.5970149	341.8564356	388.2835821	324.9257426	319.8258706	336.5264026		89	118	90	
118	90	-1	388.2835821	324.9257426	285.5970149	342.7970297	319.8258706	336.5264026		89	118	90	
91	90	-1	285.5970149	343.7376238	285.5970149	342.7970297	319.8258706	337.1534653		90	118	91	
90	118	-1	285.5970149	342.7970297	388.2835821	324.9257426	319.8258706	337.1534653		90	118	91	
118	91	-1	388.2835821	324.9257426	285.5970149	343.7376238	319.8258706	337.1534653		90	118	91	
92	91	-1	285.5970149	344.6782178	285.5970149	343.7376238	319.8258706	337.7805281		91	118	92	
91	118	-1	285.5970149	343.7376238	388.2835821	324.9257426	319.8258706	337.7805281		91	118	92	
118	92	-1	388.2835821	324.9257426	285.5970149	344.6782178	319.8258706	337.7805281		91	118	92	
93	92	-1	285.5970149	345.6188119	285.5970149	344.6782178	319.8258706	338.4075908		92	118	93	
92	118	-1	285.5970149	344.6782178	388.2835821	324.9257426	319.8258706	338.4075908		92	118	93	
118	93	-1	388.2835821	324.9257426	285.5970149	345.6188119	319.8258706	338.4075908		92	118	93	
93	93	-1	285.5970149	450	285.5970149	345.6188119	319.8258706	373.5148515		93	118	93	
93	118	-1	285.5970149	345.6188119	388.2835821	324.9257426	319.8258706	373.5148515		93	118	93	
118	93	-1	388.2835821	324.9257426	285.5970149	450	319.8258706	373.5148515		93	118	93	
119	94	-1	428.9303483	302.3514851	388.2835821	302.3514851	415.3796434	301.9259901		94	124	119	
94	124	-1	388.2835821	302.3514851	428.925	301.075	415.3796434	301.9259901		94	124	119	
124	119	-1	428.925	301.075	428.9303483	302.3514851	415.3796434	301.9259901		94	124	119	
95	94	-1	388.2835821	303.2920792	388.2835821	302.3514851	401.8325041	302.6650165		94	119	95	
94	119	-1	388.2835821	302.3514851	428.9303483	302.3514851	401.8325041	302.6650165		94	119	95	
119	95	-1	428.9303483	302.3514851	388.2835821	303.2920792	401.8325041	302.6650165		94	119	95	
123	94	-1	388.075	301.075	388.2835821	302.3514851	388.2140547	302.2395215		94	95	123	
94	95	-1	388.2835821	302.3514851	388.2835821	303.2920792	388.2140547	302.2395215		94	95	123	
95	123	-1	388.2835821	303.2920792	388.075	301.075	388.2140547	302.2395215		94	95	123	
94	94	-1	388.2835821	300	388.2835821	302.3514851	388.2140547	301.1421617		94	123	94	
94	123	-1	388.2835821	302.3514851	388.075	301.075	388.2140547	301.1421617		94	123	94	
123	94	-1	388.075	301.075	388.2835821	300	388.2140547	301.1421617		94	123	94	
124	94	-1	428.925	301.075	388.2835821	302.3514851	401.8307214	301.1421617		94	94	124	
94	94	-1	388.2835821	302.3514851	388.2835821	300	401.8307214	301.1421617		94	94	124	
94	124	-1	388.2835821	300	428.925	301.075	401.8307214	301.1421617		94	94	124	
96	95	-1	388.2835821	304.2326733	388.2835821	303.2920792	401.8325041	303.2920792		95	119	96	
95	119	-1	388.2835821	303.2920792	428.9303483	302.3514851	401.8325041	303.2920792		95	119	96	
119	96	-1	428.9303483	302.3514851	388.2835821	304.2326733	401.8325041	303.2920792		95	119	96	
123	95	-1	388.075	301.075	388.2835821	303.2920792	388.2140547	302.8665842		95	96	123	
95	96	-1	388.2835821	303.2920792	388.2835821	304.2326733	388.2140547	302.8665842		95	96	123	
96	123	-1	388.2835821	304.2326733	388.075	301.075	388.2140547	302.8665842		95	96	123	
97	96	-1	388.2835821	305.1732673	388.2835821	304.2326733	401.8325041	303.9191419		96	119	97	
96	119	-1	388.2835821	304.2326733	428.9303483	302.3514851	401.8325041	303.9191419		96	119	97	
119	97	-1	428.9303483	302.3514851	388.2835821	305.1732673	401.8325041	303.9191419		96	119	97	
123	96	-1	388.075	301.075	388.2835821	304.2326733	388.2140547	303.4936469		96	97	123	
96	97	-1	388.2835821	304.2326733	388.2835821	305.1732673	388.2140547	303.4936469		96	97	123	
97	123	-1	388.2835821	305.1732673	388.075	301.075	388.2140547	303.4936469		96	97	123	
98	97	-1	388.2835821	306.1138614	388.2835821	305.1732673	401.8325041	304.5462046		97	119	98	
97	119	-1	388.2835821	305.1732673	428.9303483	302.3514851	401.8325041	304.5462046		97	119	98	
119	98	-1	428.9303483	302.3514851	388.2835821	306.1138614	401.8325041	304.5462046		97	119	98	
123	97	-1	388.075	301.075	388.2835821	305.1732673	388.2140547	304.1207096		97	98	123	
97	98	-1	388.2835821	305.1732673	388.2835821	306.1138614	388.2140547	304.1207096		97	98	123	
98	123	-1	388.2835821	306.1138614	388.075	301.075	388.2140547	304.1207096		97	98	123	
99	98	-1	388.2835821	307.0544554	388.2835821	306.1138614	401.8325041	305.1732673		98	119	99	
98	119	-1	388.2835821	306.1138614	428.9303483	302.3514851	401.8325041	305.1732673		98	119	99	
119	99	-1	428.9303483	302.3514851	388.2835821	307.0544554	401.8325041	305.1732673		98	119	99	
100	99	-1	388.2835821	307.9950495	388.2835821	307.0544554	402.0287983	307.4203478		99	132	100	
99	132	-1	388.2835821	307.0544554	429.5192308	307.2115385	402.0287983	307.4203478		99	132	100	
132	100	-1	429.5192308	307.2115385	388.2835821	307.9950495	402.0287983	307.4203478		99	132	100	
132	99	-1	429.5192308	307.2115385	388.2835821	307.0544554	415.5777204	305.5391597		99	119	132	
99	119	-1	388.2835821	307.0544554	428.9303483	302.3514851	415.5777204	305.5391597		99	119	132	
119	132	-1	428.9303483	302.3514851	429.5192308	307.2115385	415.5777204	305.5391597		99	119	132	
101	100	-1	388.2835821	308.9356436	388.2835821	307.9950495	402.0287983	308.3679233		100	133	101	
100	133	-1	388.2835821	307.9950495	429.5192308	308.1730769	402.0287983	308.3679233		100	133	101	
133	101	-1	429.5192308	308.1730769	388.2835821	308.9356436	402.0287983	308.3679233		100	133	101	
133	100	-1	429.5192308	308.1730769	388.2835821	307.9950495	415.7740145	307.7932216		100	132	133	
100	132	-1	388.2835821	307.9950495	429.5192308	307.2115385	415.7740145	307.7932216		100	132	133	
132	133	-1	429.5192308	307.2115385	429.5192308	308.1730769	415.7740145	307.7932216		100	132	133	
102	101	-1	388.2835821	309.8762376	388.2835821	308.9356436	402.0287983	309.3154989		101	134	102	
101	134	-1	388.2835821	308.9356436	429.5192308	309.1346154	402.0287983	309.3154989		101	134	102	
134	102	-1	429.5192308	309.1346154	388.2835821	309.8762376	402.0287983	309.3154989		101	134	102	
134	101	-1	429.5192308	309.1346154	388.2835821	308.9356436	415.7740145	308.7477786		101	133	134	
101	133	-1	388.2835821	308.9356436	429.5192308	308.1730769	415.7740145	308.7477786		101	133	134	
133	134	-1	429.5192308	308.1730769	429.5192308	309.1346154	415.7740145	308.7477786		101	133	134	
103	102	-1	388.2835821	310.8168317	388.2835821	309.8762376	402.0287983	310.2630744		102	135	103	
102	135	-1	388.2835821	309.8762376	429.5192308	310.0961538	402.0287983	310.2630744		102	135	103	
135	103	-1	429.5192308	310.0961538	388.2835821	310.8168317	402.0287983	310.2630744		102	135	103	
135	102	-1	429.5192308	310.0961538	388.2835821	309.8762376	415.7740145	309.7023356		102	134	135	
102	134	-1	388.2835821	309.8762376	429.5192308	309.1346154	415.7740145	309.7023356		102	134	135	
134	135	-1	429.5192308	309.1346154	429.5192308	310.0961538	415.7740145	309.7023356		102	134	135	
104	103	-1	388.2835821	311.7574257	388.2835821	310.8168317	402.0287983	311.2106499		103	136	104	
103	136	-1	388.2835821	310.8168317	429.5192308	311.0576923	402.0287983	311.2106499		103	136	104	
136	104	-1	429.5192308	311.0576923	388.2835821	311.7574257	402.0287983	311.2106499		103	136	104	
136	103	-1	429.5192308	311.0576923	388.2835821	310.8168317	415.7740145	310.6568926		103	135	136	
103	135	-1	388.2835821	310.8168317	429.5192308	310.0961538	415.7740145	310.6568926		103	135	136	
135	136	-1	429.5192308	310.0961538	429.5192308	311.0576923	415.7740145	310.6568926		103	135	136	
105	104	-1	388.2835821	312.6980198	388.2835821	311.7574257	402.0287983	312.1582254		104	137	105	
104	137	-1	388.2835821	311.7574257	429.5192308	312.0192308	402.0287983	312.1582254		104	137	105	
137	105	-1	429.5192308	312.0192308	388.2835821	312.6980198	402.0287983	312.1582254		104	137	105	
137	104	-1	429.5192308	312.0192308	388.2835821	311.7574257	415.7740145	311.6114496		104	136	137	
104	136	-1	388.2835821	311.7574257	429.5192308	311.0576923	415.7740145	311.6114496		104	136	137	
136	137	-1	429.5192308	311.0576923	429.5192308	312.0192308	415.7740145	311.6114496		104	136	137	
106	105	-1	388.2835821	313.6386139	388.2835821	312.6980198	402.0287983	313.105801		105	138	106	
105	138	-1	388.2835821	312.6980198	429.5192308	312.9807692	402.0287983	313.105801		105	138	106	
138	106	-1	429.5192308	312.9807692	388.2835821	313.6386139	402.0287983	313.105801		105	138	106	
138	105	-1	429.5192308	312.9807692	388.2835821	312.6980198	415.7740145	312.5660066		105	137	138	
105	137	-1	388.2835821	312.6980198	429.5192308	312.0192308	415.7740145	312.5660066		105	137	138	
137	138	-1	429.5192308	312.0192308	429.5192308	312.9807692	415.7740145	312.5660066		105	137	138	
107	106	-1	388.2835821	314.5792079	388.2835821	313.6386139	402.0287983	314.0533765		106	139	107	
106	139	-1	388.2835821	313.6386139	429.5192308	313.9423077	402.0287983	314.0533765		106	139	107	
139	107	-1	429.5192308	313.9423077	388.2835821	314.5792079	402.0287983	314.0533765		106	139	107	
139	106	-1	429.5192308	313.9423077	388.2835821	313.6386139	415.7740145	313.5205636		106	138	139	
106	138	-1	388.2835821	313.6386139	429.5192308	312.9807692	415.7740145	313.5205636		106	138	139	
138	139	-1	429.5192308	312.9807692	429.5192308	313.9423077	415.7740145	313.5205636		106	138	139	
108	107	-1	388.2835821	315.519802	388.2835821	314.5792079	402.0287983	315.000952		107	140	108	
107	140	-1	388.2835821	314.5792079	429.5192308	314.9038462	402.0287983	315.000952		107	140	108	
140	108	-1	429.5192308	314.9038462	388.2835821	315.519802	402.0287983	315.000952		107	140	108	
140	107	-1	429.5192308	314.9038462	388.2835821	314.5792079	415.7740145	314.4751206		107	139	140	
107	139	-1	388.2835821	314.5792079	429.5192308	313.9423077	415.7740145	314.4751206		107	139	140	
139	140	-1	429.5192308	313.9423077	429.5192308	314.9038462	415.7740145	314.4751206		107	139	140	
109	108	-1	388.2835821	316.460396	388.2835821	315.519802	402.0287983	315.9485275		108	141	109	
108	141	-1	388.2835821	315.519802	429.5192308	315.8653846	402.0287983	315.9485275		108	141	109	
141	109	-1	429.5192308	315.8653846	388.2835821	316.460396	402.0287983	315.9485275		108	141	109	
141	108	-1	429.5192308	315.8653846	388.2835821	315.519802	415.7740145	315.4296776		108	140	141	
108	140	-1	388.2835821	315.519802	429.5192308	314.9038462	415.7740145	315.4296776		108	140	141	
140	141	-1	429.5192308	314.9038462	429.5192308	315.8653846	415.7740145	315.4296776		108	140	141	
110	109	-1	388.2835821	317.4009901	388.2835821	316.460396	402.0287983	316.8961031		109	142	110	
109	142	-1	388.2835821	316.460396	429.5192308	316.8269231	402.0287983	316.8961031		109	142	110	
142	110	-1	429.5192308	316.8269231	388.2835821	317.4009901	402.0287983	316.8961031		109	142	110	
142	109	-1	429.5192308	316.8269231	388.2835821	316.460396	415.7740145	316.3842346		109	141	142	
109	141	-1	388.2835821	316.460396	429.5192308	315.8653846	415.7740145	316.3842346		109	141	142	
141	142	-1	429.5192308	315.8653846	429.5192308	316.8269231	415.7740145	316.3842346		109	141	142	
111	110	-1	388.2835821	318.3415842	388.2835821	317.4009901	402.0287983	317.8436786		110	143	111	
110	143	-1	388.2835821	317.4009901	429.5192308	317.7884615	402.0287983	317.8436786		110	143	111	
143	111	-1	429.5192308	317.7884615	388.2835821	318.3415842	402.0287983	317.8436786		110	143	111	
143	110	-1	429.5192308	317.7884615	388.2835821	317.4009901	415.7740145	317.3387916		110	142	143	
110	142	-1	388.2835821	317.4009901	429.5192308	316.8269231	415.7740145	317.3387916		110	142	143	
142	143	-1	429.5192308	316.8269231	429.5192308	317.7884615	415.7740145	317.3387916		110	142	143	
112	111	-1	388.2835821	319.2821782	388.2835821	318.3415842	402.0287983	318.7912541		111	144	112	
111	144	-1	388.2835821	318.3415842	429.5192308	318.75	402.0287983	318.7912541		111	144	112	
144	112	-1	429.5192308	318.75	388.2835821	319.2821782	402.0287983	318.7912541		111	144	112	
144	111	-1	429.5192308	318.75	388.2835821	318.3415842	415.7740145	318.2933486		111	143	144	
111	143	-1	388.2835821	318.3415842	429.5192308	317.7884615	415.7740145	318.2933486		111	143	144	
143	144	-1	429.5192308	317.7884615	429.5192308	318.75	415.7740145	318.2933486		111	143	144	
113	112	-1	388.2835821	320.2227723	388.2835821	319.2821782	402.0287983	319.7388297		112	145	113	
112	145	-1	388.2835821	319.2821782	429.5192308	319.7115385	402.0287983	319.7388297		112	145	113	
145	113	-1	429.5192308	319.7115385	388.2835821	320.2227723	402.0287983	319.7388297		112	145	113	
145	112	-1	429.5192308	319.7115385	388.2835821	319.2821782	415.7740145	319.2479056		112	144	145	
112	144	-1	388.2835821	319.2821782	429.5192308	318.75	415.7740145	319.2479056		112	144	145	
144	145	-1	429.5192308	318.75	429.5192308	319.7115385	415.7740145	319.2479056		112	144	145	
114	113	-1	388.2835821	321.1633663	388.2835821	320.2227723	402.0287983	320.6864052		113	146	114	
113	146	-1	388.2835821	320.2227723	429.5192308	320.6730769	402.0287983	320.6864052		113	146	114	
146	114	-1	429.5192308	320.6730769	388.2835821	321.1633663	402.0287983	320.6864052		113	146	114	
146	113	-1	429.5192308	320.6730769	388.2835821	320.2227723	415.7740145	320.2024626		113	145	146	
113	145	-1	388.2835821	320.2227723	429.5192308	319.7115385	415.7740145	320.2024626		113	145	146	
145	146	-1	429.5192308	319.7115385	429.5192308	320.6730769	415.7740145	320.2024626		113	145	146	
115	114	-1	388.2835821	322.1039604	388.2835821	321.1633663	402.0287983	321.6339807		114	147	115	
114	147	-1	388.2835821	321.1633663	429.5192308	321.6346154	402.0287983	321.6339807		114	147	115	
147	115	-1	429.5192308	321.6346154	388.2835821	322.1039604	402.0287983	321.6339807		114	147	115	
147	114	-1	429.5192308	321.6346154	388.2835821	321.1633663	415.7740145	321.1570195		114	146	147	
114	146	-1	388.2835821	321.1633663	429.5192308	320.6730769	415.7740145	321.1570195		114	146	147	
146	147	-1	429.5192308	320.6730769	429.5192308	321.6346154	415.7740145	321.1570195		114	146	147	
116	115	-1	388.2835821	323.0445545	388.2835821	322.1039604	402.0287983	322.5815562		115	148	116	
115	148	-1	388.2835821	322.1039604	429.5192308	322.5961538	402.0287983	322.5815562		115	148	116	
148	116	-1	429.5192308	322.5961538	388.2835821	323.0445545	402.0287983	322.5815562		115	148	116	
148	115	-1	429.5192308	322.5961538	388.2835821	322.1039604	415.7740145	322.1115765		115	147	148	
115	147	-1	388.2835821	322.1039604	429.5192308	321.6346154	415.7740145	322.1115765		115	147	148	
147	148	-1	429.5192308	321.6346154	429.5192308	322.5961538	415.7740145	322.1115765		115	147	148	
117	116	-1	388.2835821	323.9851485	388.2835821	323.0445545	402.0287983	323.5291318		116	149	117	
116	149	-1	388.2835821	323.0445545	429.5192308	323.5576923	402.0287983	323.5291318		116	149	117	
149	117	-1	429.5192308	323.5576923	388.2835821	323.9851485	402.0287983	323.5291318		116	149	117	
149	116	-1	429.5192308	323.5576923	388.2835821	323.0445545	415.7740145	323.0661335		116	148	149	
116	148	-1	388.2835821	323.0445545	429.5192308	322.5961538	415.7740145	323.0661335		116	148	149	
148	149	-1	429.5192308	322.5961538	429.5192308	323.5576923	415.7740145	323.0661335		116	148	149	
118	117	-1	388.2835821	324.9257426	388.2835821	323.9851485	402.0287983	324.4767073		117	150	118	
117	150	-1	388.2835821	323.9851485	429.5192308	324.5192308	402.0287983	324.4767073		117	150	118	
150	118	-1	429.5192308	324.5192308	388.2835821	324.9257426	402.0287983	324.4767073		117	150	118	
150	117	-1	429.5192308	324.5192308	388.2835821	323.9851485	415.7740145	324.0206905		117	149	150	
117	149	-1	388.2835821	323.9851485	429.5192308	323.5576923	415.7740145	324.0206905		117	149	150	
149	150	-1	429.5192308	323.5576923	429.5192308	324.5192308	415.7740145	324.0206905		117	149	150	
118	118	-1	388.2835821	450	388.2835821	324.9257426	402.0287983	367.1226834		118	152	118	
118	152	-1	388.2835821	324.9257426	429.5192308	326.4423077	402.0287983	367.1226834		118	152	118	
152	118	-1	429.5192308	326.4423077	388.2835821	450	402.0287983	367.1226834		118	152	118	
151	118	-1	429.5192308	325.4807692	388.2835821	324.9257426	415.7740145	324.9752475		118	150	151	
118	150	-1	388.2835821	324.9257426	429.5192308	324.5192308	415.7740145	324.9752475		118	150	151	
150	151	-1	429.5192308	324.5192308	429.5192308	325.4807692	415.7740145	324.9752475		118	150	151	
152	118	-1	429.5192308	326.4423077	388.2835821	324.9257426	415.7740145	325.6162732		118	151	152	
118	151	-1	388.2835821	324.9257426	429.5192308	325.4807692	415.7740145	325.6162732		118	151	152	
151	152	-1	429.5192308	325.4807692	429.5192308	326.4423077	415.7740145	325.6162732		118	151	152	
126	119	-1	429.5192308	301.4423077	428.9303483	302.3514851	429.1248597	301.6229309		119	124	126	
119	124	-1	428.9303483	302.3514851	428.925	301.075	429.1248597	301.6229309		119	124	126	
124	126	-1	428.925	301.075	429.5192308	301.4423077	429.1248597	301.6229309		119	124	126	
127	119	-1	429.5192308	302.4038462	428.9303483	302.3514851	429.3229366	302.0658797		119	126	127	
119	126	-1	428.9303483	302.3514851	429.5192308	301.4423077	429.3229366	302.0658797		119	126	127	
126	127	-1	429.5192308	301.4423077	429.5192308	302.4038462	429.3229366	302.0658797		119	126	127	
128	119	-1	429.5192308	303.3653846	428.9303483	302.3514851	429.3229366	302.7069053		119	127	128	
119	127	-1	428.9303483	302.3514851	429.5192308	302.4038462	429.3229366	302.7069053		119	127	128	
127	128	-1	429.5192308	302.4038462	429.5192308	303.3653846	429.3229366	302.7069053		119	127	128	
129	119	-1	429.5192308	304.3269231	428.9303483	302.3514851	429.3229366	303.3479309		119	128	129	
119	128	-1	428.9303483	302.3514851	429.5192308	303.3653846	429.3229366	303.3479309		119	128	129	
128	129	-1	429.5192308	303.3653846	429.5192308	304.3269231	429.3229366	303.3479309		119	128	129	
130	119	-1	429.5192308	305.2884615	428.9303483	302.3514851	429.3229366	303.9889566		119	129	130	
119	129	-1	428.9303483	302.3514851	429.5192308	304.3269231	429.3229366	303.9889566		119	129	130	
129	130	-1	429.5192308	304.3269231	429.5192308	305.2884615	429.3229366	303.9889566		119	129	130	
131	119	-1	429.5192308	306.25	428.9303483	302.3514851	429.3229366	304.6299822		119	130	131	
119	130	-1	428.9303483	302.3514851	429.5192308	305.2884615	429.3229366	304.6299822		119	130	131	
130	131	-1	429.5192308	305.2884615	429.5192308	306.25	429.3229366	304.6299822		119	130	131	
132	119	-1	429.5192308	307.2115385	428.9303483	302.3514851	429.3229366	305.2710079		119	131	132	
119	131	-1	428.9303483	302.3514851	429.5192308	306.25	429.3229366	305.2710079		119	131	132	
131	132	-1	429.5192308	306.25	429.5192308	307.2115385	429.3229366	305.2710079		119	131	132	
121	120	-1	282.725	301.075	280.575	301.075	281.65	300.5375		120	120	121	121	
120	120	-1	280.575	301.075	280.575	300	281.65	300.5375		120	120	121	121	
120	121	-1	280.575	300	282.725	300	281.65	300.5375		120	120	121	121	
121	121	-1	282.725	300	282.725	301.075	281.65	300.5375		120	120	121	121	
122	121	-1	284.875	301.075	282.725	301.075	283.8	300.5375		121	121	122	122	
121	121	-1	282.725	301.075	282.725	300	283.8	300.5375		121	121	122	122	
121	122	-1	282.725	300	284.875	300	283.8	300.5375		121	121	122	122	
122	122	-1	284.875	300	284.875	301.075	283.8	300.5375		121	121	122	122	
125	124	-1	429.5192308	300.4807692	428.925	301.075	429.1230769	300.5185897		124	124	125	
124	124	-1	428.925	301.075	428.925	300	429.1230769	300.5185897		124	124	125	
124	125	-1	428.925	300	429.5192308	300.4807692	429.1230769	300.5185897		124	124	125	
126	124	-1	429.5192308	301.4423077	428.925	301.075	429.3211538	300.999359		124	125	126	
124	125	-1	428.925	301.075	429.5192308	300.4807692	429.3211538	300.999359		124	125	126	
125	126	-1	429.5192308	300.4807692	429.5192308	301.4423077	429.3211538	300.999359		124	125	126	
125	125	-1	430	300.4807692	429.5192308	300.4807692	429.6794872	300.3205128		125	125	125	
125	125	-1	429.5192308	300.4807692	429.5192308	300	429.6794872	300.3205128		125	125	125	
125	125	-1	429.5192308	300	430	300.4807692	429.6794872	300.3205128		125	125	125	
126	125	-1	429.5192308	301.4423077	429.5192308	300.4807692	429.7596154	300.9615385		125	125	126	126	
125	125	-1	429.5192308	300.4807692	430	300.4807692	429.7596154	300.9615385		125	125	126	126	
125	126	-1	430	300.4807692	430	301.4423077	429.7596154	300.9615385		125	125	126	126	
126	126	-1	430	301.4423077	429.5192308	301.4423077	429.7596154	300.9615385		125	125	126	126	
127	126	-1	429.5192308	302.4038462	429.5192308	301.4423077	429.7596154	301.9230769		126	126	127	127	
126	126	-1	429.5192308	301.4423077	430	301.4423077	429.7596154	301.9230769		126	126	127	127	
126	127	-1	430	301.4423077	430	302.4038462	429.7596154	301.9230769		126	126	127	127	
127	127	-1	430	302.4038462	429.5192308	302.4038462	429.7596154	301.9230769		126	126	127	127	
128	127	-1	429.5192308	303.3653846	429.5192308	302.4038462	429.7596154	302.8846154		127	127	128	128	
127	127	-1	429.5192308	302.4038462	430	302.4038462	429.7596154	302.8846154		127	127	128	128	
127	128	-1	430	302.4038462	430	303.3653846	429.7596154	302.8846154		127	127	128	128	
128	128	-1	430	303.3653846	429.5192308	303.3653846	429.7596154	302.8846154		127	127	128	128	
129	128	-1	429.5192308	304.3269231	429.5192308	303.3653846	429.7596154	303.8461538		128	128	129	129	
128	128	-1	429.5192308	303.3653846	430	303.3653846	429.7596154	303.8461538		128	128	129	129	
128	129	-1	430	303.3653846	430	304.3269231	429.7596154	303.8461538		128	128	129	129	
129	129	-1	430	304.3269231	429.5192308	304.3269231	429.7596154	303.8461538		128	128	129	129	
130	129	-1	429.5192308	305.2884615	429.5192308	304.3269231	429.7596154	304.8076923		129	129	130	130	
129	129	-1	429.5192308	304.3269231	430	304.3269231	429.7596154	304.8076923		129	129	130	130	
129	130	-1	430	304.3269231	430	305.2884615	429.7596154	304.8076923		129	129	130	130	
130	130	-1	430	305.2884615	429.5192308	305.2884615	429.7596154	304.8076923		129	129	130	130	
131	130	-1	429.5192308	306.25	429.5192308	305.2884615	429.7596154	305.7692308		130	130	131	131	
130	130	-1	429.5192308	305.2884615	430	305.2884615	429.7596154	305.7692308		130	130	131	131	
130	131	-1	430	305.2884615	430	306.25	429.7596154	305.7692308		130	130	131	131	
131	131	-1	430	306.25	429.5192308	306.25	429.7596154	305.7692308		130	130	131	131	
132	131	-1	429.5192308	307.2115385	429.5192308	306.25	429.7596154	306.7307692		131	131	132	132	
131	131	-1	429.5192308	306.25	430	306.25	429.7596154	306.7307692		131	131	132	132	
131	132	-1	430	306.25	430	307.2115385	429.7596154	306.7307692		131	131	132	132	
132	132	-1	430	307.2115385	429.5192308	307.2115385	429.7596154	306.7307692		131	131	132	132	
133	132	-1	429.5192308	308.1730769	429.5192308	307.2115385	429.7596154	307.6923077		132	132	133	133	
132	132	-1	429.5192308	307.2115385	430	307.2115385	429.7596154	307.6923077		132	132	133	133	
132	133	-1	430	307.2115385	430	308.1730769	429.7596154	307.6923077		132	132	133	133	
133	133	-1	430	308.1730769	429.5192308	308.1730769	429.7596154	307.6923077		132	132	133	133	
134	133	-1	429.5192308	309.1346154	429.5192308	308.1730769	429.7596154	308.6538462		133	133	134	134	
133	133	-1	429.5192308	308.1730769	430	308.1730769	429.7596154	308.6538462		133	133	134	134	
133	134	-1	430	308.1730769	430	309.1346154	429.7596154	308.6538462		133	133	134	134	
134	134	-1	430	309.1346154	429.5192308	309.1346154	429.7596154	308.6538462		133	133	134	134	
135	134	-1	429.5192308	310.0961538	429.5192308	309.1346154	429.7596154	309.6153846		134	134	135	135	
134	134	-1	429.5192308	309.1346154	430	309.1346154	429.7596154	309.6153846		134	134	135	135	
134	135	-1	430	309.1346154	430	310.0961538	429.7596154	309.6153846		134	134	135	135	
135	135	-1	430	310.0961538	429.5192308	310.0961538	429.7596154	309.6153846		134	134	135	135	
136	135	-1	429.5192308	311.0576923	429.5192308	310.0961538	429.7596154	310.5769231		135	135	136	136	
135	135	-1	429.5192308	310.0961538	430	310.0961538	429.7596154	310.5769231		135	135	136	136	
135	136	-1	430	310.0961538	430	311.0576923	429.7596154	310.5769231		135	135	136	136	
136	136	-1	430	311.0576923	429.5192308	311.0576923	429.7596154	310.5769231		135	135	136	136	
137	136	-1	429.5192308	312.0192308	429.5192308	311.0576923	429.7596154	311.5384615		136	136	137	137	
136	136	-1	429.5192308	311.0576923	430	311.0576923	429.7596154	311.5384615		136	136	137	137	
136	137	-1	430	311.0576923	430	312.0192308	429.7596154	311.5384615		136	136	137	137	
137	137	-1	430	312.0192308	429.5192308	312.0192308	429.7596154	311.5384615		136	136	137	137	
138	137	-1	429.5192308	312.9807692	429.5192308	312.0192308	429.7596154	312.5		137	137	138	138	
137	137	-1	429.5192308	312.0192308	430	312.0192308	429.7596154	312.5		137	137	138	138	
137	138	-1	430	312.0192308	430	312.9807692	429.7596154	312.5		137	137	138	138	
138	138	-1	430	312.9807692	429.5192308	312.9807692	429.7596154	312.5		137	137	138	138	
139	138	-1	429.5192308	313.9423077	429.5192308	312.9807692	429.7596154	313.4615385		138	138	139	139	
138	138	-1	429.5192308	312.9807692	430	312.9807692	429.7596154	313.4615385		138	138	139	139	
138	139	-1	430	312.9807692	430	313.9423077	429.7596154	313.4615385		138	138	139	139	
139	139	-1	430	313.9423077	429.5192308	313.9423077	429.7596154	313.4615385		138	138	139	139	
140	139	-1	429.5192308	314.9038462	429.5192308	313.9423077	429.7596154	314.4230769		139	139	140	140	
139	139	-1	429.5192308	313.9423077	430	313.9423077	429.7596154	314.4230769		139	139	140	140	
139	140	-1	430	313.9423077	430	314.9038462	429.7596154	314.4230769		139	139	140	140	
140	140	-1	430	314.9038462	429.5192308	314.9038462	429.7596154	314.4230769		139	139	140	140	
141	140	-1	429.5192308	315.8653846	429.5192308	314.9038462	429.7596154	315.3846154		140	140	141	141	
140	140	-1	429.5192308	314.9038462	430	314.9038462	429.7596154	315.3846154		140	140	141	141	
140	141	-1	430	314.9038462	430	315.8653846	429.7596154	315.3846154		140	140	141	141	
141	141	-1	430	315.8653846	429.5192308	315.8653846	429.7596154	315.3846154		140	140	141	141	
142	141	-1	429.5192308	316.8269231	429.5192308	315.8653846	429.7596154	316.3461538		141	141	142	142	
141	141	-1	429.5192308	315.8653846	430	315.8653846	429.7596154	316.3461538		141	141	142	142	
141	142	-1	430	315.8653846	430	316.8269231	429.7596154	316.3461538		141	141	142	142	
142	142	-1	430	316.8269231	429.5192308	316.8269231	429.7596154	316.3461538		141	141	142	142	
143	142	-1	429.5192308	317.7884615	429.5192308	316.8269231	429.7596154	317.3076923		142	142	143	143	
142	142	-1	429.5192308	316.8269231	430	316.8269231	429.7596154	317.3076923		142	142	143	143	
142	143	-1	430	316.8269231	430	317.7884615	429.7596154	317.3076923		142	142	143	143	
143	143	-1	430	317.7884615	429.5192308	317.7884615	429.7596154	317.3076923		142	142	143	143	
144	143	-1	429.5192308	318.75	429.5192308	317.7884615	429.7596154	318.2692308		143	143	144	144	
143	143	-1	429.5192308	317.7884615	430	317.7884615	429.7596154	318.2692308		143	143	144	144	
143	144	-1	430	317.7884615	430	318.75	429.7596154	318.2692308		143	143	144	144	
144	144	-1	430	318.75	429.5192308	318.75	429.7596154	318.2692308		143	143	144	144	
145	144	-1	429.5192308	319.7115385	429.5192308	318.75	429.7596154	319.2307692		144	144	145	145	
144	144	-1	429.5192308	318.75	430	318.75	429.7596154	319.2307692		144	144	145	145	
144	145	-1	430	318.75	430	319.7115385	429.7596154	319.2307692		144	144	145	145	
145	145	-1	430	319.7115385	429.5192308	319.7115385	429.7596154	319.2307692		144	144	145	145	
146	145	-1	429.5192308	320.6730769	429.5192308	319.7115385	429.7596154	320.1923077		145	145	146	146	
145	145	-1	429.5192308	319.7115385	430	319.7115385	429.7596154	320.1923077		145	145	146	146	
145	146	-1	430	319.7115385	430	320.6730769	429.7596154	320.1923077		145	145	146	146	
146	146	-1	430	320.6730769	429.5192308	320.6730769	429.7596154	320.1923077		145	145	146	146	
147	146	-1	429.5192308	321.6346154	429.5192308	320.6730769	429.7596154	321.1538462		146	146	147	147	
146	146	-1	429.5192308	320.6730769	430	320.6730769	429.7596154	321.1538462		146	146	147	147	
146	147	-1	430	320.6730769	430	321.6346154	429.7596154	321.1538462		146	146	147	147	
147	147	-1	430	321.6346154	429.5192308	321.6346154	429.7596154	321.1538462		146	146	147	147	
148	147	-1	429.5192308	322.5961538	429.5192308	321.6346154	429.7596154	322.1153846		147	147	148	148	
147	147	-1	429.5192308	321.6346154	430	321.6346154	429.7596154	322.1153846		147	147	148	148	
147	148	-1	430	321.6346154	430	322.5961538	429.7596154	322.1153846		147	147	148	148	
148	148	-1	430	322.5961538	429.5192308	322.5961538	429.7596154	322.1153846		147	147	148	148	
149	148	-1	429.5192308	323.5576923	429.5192308	322.5961538	429.7596154	323.0769231		148	148	149	149	
148	148	-1	429.5192308	322.5961538	430	322.5961538	429.7596154	323.0769231		148	148	149	149	
148	149	-1	430	322.5961538	430	323.5576923	429.7596154	323.0769231		148	148	149	149	
149	149	-1	430	323.5576923	429.5192308	323.5576923	429.7596154	323.0769231		148	148	149	149	
150	149	-1	429.5192308	324.5192308	429.5192308	323.5576923	429.7596154	324.0384615		149	149	150	150	
149	149	-1	429.5192308	323.5576923	430	323.5576923	429.7596154	324.0384615		149	149	150	150	
149	150	-1	430	323.5576923	430	324.5192308	429.7596154	324.0384615		149	149	150	150	
150	150	-1	430	324.5192308	429.5192308	324.5192308	429.7596154	324.0384615		149	149	150	150	
151	150	-1	429.5192308	325.4807692	429.5192308	324.5192308	429.7596154	325		150	150	151	151	
150	150	-1	429.5192308	324.5192308	430	324.5192308	429.7596154	325		150	150	151	151	
150	151	-1	430	324.5192308	430	325.4807692	429.7596154	325		150	150	151	151	
151	151	-1	430	325.4807692	429.5192308	325.4807692	429.7596154	325		150	150	151	151	
152	151	-1	429.5192308	326.4423077	429.5192308	325.4807692	429.7596154	325.9615385		151	151	152	152	
151	151	-1	429.5192308	325.4807692	430	325.4807692	429.7596154	325.9615385		151	151	152	152	
151	152	-1	430	325.4807692	430	326.4423077	429.7596154	325.9615385		151	151	152	152	
152	152	-1	430	326.4423077	429.5192308	326.4423077	429.7596154	325.9615385		151	151	152	152	
152	152	-1	429.5192308	450	429.5192308	326.4423077	429.6794872	367.6282051		152	152	152	
152	152	-1	429.5192308	326.4423077	430	326.4423077	429.6794872	367.6282051		152	152	152	
152	152	-1	430	326.4423077	429.5192308	450	429.6794872	367.6282051		152	152	152	
