### nodes (vertices)
0	0	300	1
1	430	300	1
2	36	392	4
3	91	379	4
4	109	376	4
5	206	367	4
6	286	356	4
7	327	356	4
8	390	351	4
9	46	390	4
10	121	375	4
11	0	395	4
12	430	350	4
13	46	358	2
14	121	358	2
15	36	388	1
16	46	386	2
17	91	375	3
18	109	372	3
19	206	363	2
20	286	352	2
21	327	352	2
22	390	347	2
23	430	346	2
24	121	371	2
25	0	391	1
26	91	338	1
27	91	358	2
28	430	341	2
29	430	337	1
30	270	337	1
31	199	338	1
32	36	358	1
33	46	340	1
34	0	303.5	1
35	0	307	1
36	0	310.5	1
37	0	314	1
38	0	317.5	1
39	0	321	1
40	0	324.5	1
41	0	328	1
42	0	331.5	1
43	0	335	1
44	0	338.5	1
45	0	342	1
46	0	345.5	1
47	0	349	1
48	0	352.5	1
49	0	356	1
50	0	359.5	1
51	0	363	1
52	0	366.5	1
53	0	370	1
54	0	373.5	1
55	0	377	1
56	0	380.5	1
57	0	384	1
58	0	387.5	1
59	0	393	4
60	3.27273	394.727	4
61	6.54545	394.455	4
62	9.81818	394.182	4
63	13.0909	393.909	4
64	16.3636	393.636	4
65	19.6364	393.364	4
66	22.9091	393.091	4
67	26.1818	392.818	4
68	29.4545	392.545	4
69	32.7273	392.273	4
70	39.3333	391.333	4
71	42.6667	390.667	4
72	49.2143	389.214	4
73	52.4286	388.429	4
74	55.6429	387.643	4
75	58.8571	386.857	4
76	62.0714	386.071	4
77	65.2857	385.286	4
78	68.5	384.5	4
79	71.7143	383.714	4
80	74.9286	382.929	4
81	78.1429	382.143	4
82	81.3571	381.357	4
83	84.5714	380.571	4
84	87.7857	379.786	4
85	94	378.5	4
86	97	378	4
87	100	377.5	4
88	103	377	4
89	106	376.5	4
90	112	375.75	4
91	115	375.5	4
92	118	375.25	4
93	124.4	374.68	4
94	127.8	374.36	4
95	131.2	374.04	4
96	134.6	373.72	4
97	138	373.4	4
98	141.4	373.08	4
99	144.8	372.76	4
100	148.2	372.44	4
101	151.6	372.12	4
102	155	371.8	4
103	158.4	371.48	4
104	161.8	371.16	4
105	165.2	370.84	4
106	168.6	370.52	4
107	172	370.2	4
108	175.4	369.88	4
109	178.8	369.56	4
110	182.2	369.24	4
111	185.6	368.92	4
112	189	368.6	4
113	192.4	368.28	4
114	195.8	367.96	4
115	199.2	367.64	4
116	202.6	367.32	4
117	209.333	366.542	4
118	212.667	366.083	4
119	216	365.625	4
120	219.333	365.167	4
121	222.667	364.708	4
122	226	364.25	4
123	229.333	363.792	4
124	232.667	363.333	4
125	236	362.875	4
126	239.333	362.417	4
127	242.667	361.958	4
128	246	361.5	4
129	249.333	361.042	4
130	252.667	360.583	4
131	256	360.125	4
132	259.333	359.667	4
133	262.667	359.208	4
134	266	358.75	4
135	269.333	358.292	4
136	272.667	357.833	4
137	276	357.375	4
138	279.333	356.917	4
139	282.667	356.458	4
140	289.417	356	4
141	292.833	356	4
142	296.25	356	4
143	299.667	356	4
144	303.083	356	4
145	306.5	356	4
146	309.917	356	4
147	313.333	356	4
148	316.75	356	4
149	320.167	356	4
150	323.583	356	4
151	330.316	355.737	4
152	333.632	355.474	4
153	336.947	355.211	4
154	340.263	354.947	4
155	343.579	354.684	4
156	346.895	354.421	4
157	350.211	354.158	4
158	353.526	353.895	4
159	356.842	353.632	4
160	360.158	353.368	4
161	363.474	353.105	4
162	366.789	352.842	4
163	370.105	352.579	4
164	373.421	352.316	4
165	376.737	352.053	4
166	380.053	351.789	4
167	383.368	351.526	4
168	386.684	351.263	4
169	393.333	350.917	4
170	396.667	350.833	4
171	400	350.75	4
172	403.333	350.667	4
173	406.667	350.583	4
174	410	350.5	4
175	413.333	350.417	4
176	416.667	350.333	4
177	420	350.25	4
178	423.333	350.167	4
179	426.667	350.083	4
180	430	348	4
181	430	343.5	2
182	430	339	2
183	430	333.636	1
184	430	330.273	1
185	430	326.909	1
186	430	323.545	1
187	430	320.182	1
188	430	316.818	1
189	430	313.455	1
190	430	310.091	1
191	430	306.727	1
192	430	303.364	1
193	426.504	300	1
194	423.008	300	1
195	419.512	300	1
196	416.016	300	1
197	412.52	300	1
198	409.024	300	1
199	405.528	300	1
200	402.033	300	1
201	398.537	300	1
202	395.041	300	1
203	391.545	300	1
204	388.049	300	1
205	384.553	300	1
206	381.057	300	1
207	377.561	300	1
208	374.065	300	1
209	370.569	300	1
210	367.073	300	1
211	363.577	300	1
212	360.081	300	1
213	356.585	300	1
214	353.089	300	1
215	349.593	300	1
216	346.098	300	1
217	342.602	300	1
218	339.106	300	1
219	335.61	300	1
220	332.114	300	1
221	328.618	300	1
222	325.122	300	1
223	321.626	300	1
224	318.13	300	1
225	314.634	300	1
226	311.138	300	1
227	307.642	300	1
228	304.146	300	1
229	300.65	300	1
230	297.154	300	1
231	293.659	300	1
232	290.163	300	1
233	286.667	300	1
234	283.171	300	1
235	279.675	300	1
236	276.179	300	1
237	272.683	300	1
238	269.187	300	1
239	265.691	300	1
240	262.195	300	1
241	258.699	300	1
242	255.203	300	1
243	251.707	300	1
244	248.211	300	1
245	244.715	300	1
246	241.22	300	1
247	237.724	300	1
248	234.228	300	1
249	230.732	300	1
250	227.236	300	1
251	223.74	300	1
252	220.244	300	1
253	216.748	300	1
254	213.252	300	1
255	209.756	300	1
256	206.26	300	1
257	202.764	300	1
258	199.268	300	1
259	195.772	300	1
260	192.276	300	1
261	188.78	300	1
262	185.285	300	1
263	181.789	300	1
264	178.293	300	1
265	174.797	300	1
266	171.301	300	1
267	167.805	300	1
268	164.309	300	1
269	160.813	300	1
270	157.317	300	1
271	153.821	300	1
272	150.325	300	1
273	146.829	300	1
274	143.333	300	1
275	139.837	300	1
276	136.341	300	1
277	132.846	300	1
278	129.35	300	1
279	125.854	300	1
280	122.358	300	1
281	118.862	300	1
282	115.366	300	1
283	111.87	300	1
284	108.374	300	1
285	104.878	300	1
286	101.382	300	1
287	97.8862	300	1
288	94.3902	300	1
289	90.8943	300	1
290	87.3984	300	1
291	83.9024	300	1
292	80.4065	300	1
293	76.9106	300	1
294	73.4146	300	1
295	69.9187	300	1
296	66.4228	300	1
297	62.9268	300	1
298	59.4309	300	1
299	55.935	300	1
300	52.439	300	1
301	48.9431	300	1
302	45.4472	300	1
303	41.9512	300	1
304	38.4553	300	1
305	34.9593	300	1
306	31.4634	300	1
307	27.9675	300	1
308	24.4715	300	1
309	20.9756	300	1
310	17.4797	300	1
311	13.9837	300	1
312	10.4878	300	1
313	6.99187	300	1
314	3.49593	300	1
315	3.27273	390.727	1
316	6.54545	390.455	1
317	9.81818	390.182	1
318	13.0909	389.909	1
319	16.3636	389.636	1
320	19.6364	389.364	1
321	22.9091	389.091	1
322	26.1818	388.818	1
323	29.4545	388.545	1
324	32.7273	388.273	1
325	39.3333	387.333	2
326	42.6667	386.667	2
327	46	382.5	2
328	46	379	2
329	46	375.5	2
330	46	372	2
331	46	368.5	2
332	46	365	2
333	46	361.5	2
334	121	361.25	2
335	121	364.5	2
336	121	367.75	2
337	118	371.25	3
338	115	371.5	3
339	112	371.75	3
340	106	372.5	3
341	103	373	3
342	100	373.5	3
343	97	374	3
344	94	374.5	3
345	87.7857	375.786	3
346	84.5714	376.571	3
347	81.3571	377.357	3
348	78.1429	378.143	3
349	74.9286	378.929	3
350	71.7143	379.714	3
351	68.5	380.5	3
352	65.2857	381.286	3
353	62.0714	382.071	3
354	58.8571	382.857	3
355	55.6429	383.643	3
356	52.4286	384.429	3
357	49.2143	385.214	3
358	124.4	370.68	2
359	127.8	370.36	2
360	131.2	370.04	2
361	134.6	369.72	2
362	138	369.4	2
363	141.4	369.08	2
364	144.8	368.76	2
365	148.2	368.44	2
366	151.6	368.12	2
367	155	367.8	2
368	158.4	367.48	2
369	161.8	367.16	2
370	165.2	366.84	2
371	168.6	366.52	2
372	172	366.2	2
373	175.4	365.88	2
374	178.8	365.56	2
375	182.2	365.24	2
376	185.6	364.92	2
377	189	364.6	2
378	192.4	364.28	2
379	195.8	363.96	2
380	199.2	363.64	2
381	202.6	363.32	2
382	209.333	362.542	2
383	212.667	362.083	2
384	216	361.625	2
385	219.333	361.167	2
386	222.667	360.708	2
387	226	360.25	2
388	229.333	359.792	2
389	232.667	359.333	2
390	236	358.875	2
391	239.333	358.417	2
392	242.667	357.958	2
393	246	357.5	2
394	249.333	357.042	2
395	252.667	356.583	2
396	256	356.125	2
397	259.333	355.667	2
398	262.667	355.208	2
399	266	354.75	2
400	269.333	354.292	2
401	272.667	353.833	2
402	276	353.375	2
403	279.333	352.917	2
404	282.667	352.458	2
405	289.417	352	2
406	292.833	352	2
407	296.25	352	2
408	299.667	352	2
409	303.083	352	2
410	306.5	352	2
411	309.917	352	2
412	313.333	352	2
413	316.75	352	2
414	320.167	352	2
415	323.583	352	2
416	330.316	351.737	2
417	333.632	351.474	2
418	336.947	351.211	2
419	340.263	350.947	2
420	343.579	350.684	2
421	346.895	350.421	2
422	350.211	350.158	2
423	353.526	349.895	2
424	356.842	349.632	2
425	360.158	349.368	2
426	363.474	349.105	2
427	366.789	348.842	2
428	370.105	348.579	2
429	373.421	348.316	2
430	376.737	348.053	2
431	380.053	347.789	2
432	383.368	347.526	2
433	386.684	347.263	2
434	393.333	346.917	2
435	396.667	346.833	2
436	400	346.75	2
437	403.333	346.667	2
438	406.667	346.583	2
439	410	346.5	2
440	413.333	346.417	2
441	416.667	346.333	2
442	420	346.25	2
443	423.333	346.167	2
444	426.667	346.083	2
445	49.4615	358	2
446	52.9231	358	2
447	56.3846	358	2
448	59.8462	358	2
449	63.3077	358	2
450	66.7692	358	2
451	70.2308	358	2
452	73.6923	358	2
453	77.1538	358	2
454	80.6154	358	2
455	84.0769	358	2
456	87.5385	358	2
457	94.3333	358	2
458	97.6667	358	2
459	101	358	2
460	104.333	358	2
461	107.667	358	2
462	111	358	2
463	114.333	358	2
464	117.667	358	2
465	94.4839	338	1
466	97.9677	338	1
467	101.452	338	1
468	104.935	338	1
469	108.419	338	1
470	111.903	338	1
471	115.387	338	1
472	118.871	338	1
473	122.355	338	1
474	125.839	338	1
475	129.323	338	1
476	132.806	338	1
477	136.29	338	1
478	139.774	338	1
479	143.258	338	1
480	146.742	338	1
481	150.226	338	1
482	153.71	338	1
483	157.194	338	1
484	160.677	338	1
485	164.161	338	1
486	167.645	338	1
487	171.129	338	1
488	174.613	338	1
489	178.097	338	1
490	181.581	338	1
491	185.065	338	1
492	188.548	338	1
493	192.032	338	1
494	195.516	338	1
495	202.381	337.952	1
496	205.762	337.905	1
497	209.143	337.857	1
498	212.524	337.81	1
499	215.905	337.762	1
500	219.286	337.714	1
501	222.667	337.667	1
502	226.048	337.619	1
503	229.429	337.571	1
504	232.81	337.524	1
505	236.19	337.476	1
506	239.571	337.429	1
507	242.952	337.381	1
508	246.333	337.333	1
509	249.714	337.286	1
510	253.095	337.238	1
511	256.476	337.19	1
512	259.857	337.143	1
513	263.238	337.095	1
514	266.619	337.048	1
515	273.478	337	1
516	276.957	337	1
517	280.435	337	1
518	283.913	337	1
519	287.391	337	1
520	290.87	337	1
521	294.348	337	1
522	297.826	337	1
523	301.304	337	1
524	304.783	337	1
525	308.261	337	1
526	311.739	337	1
527	315.217	337	1
528	318.696	337	1
529	322.174	337	1
530	325.652	337	1
531	329.13	337	1
532	332.609	337	1
533	336.087	337	1
534	339.565	337	1
535	343.043	337	1
536	346.522	337	1
537	350	337	1
538	353.478	337	1
539	356.957	337	1
540	360.435	337	1
541	363.913	337	1
542	367.391	337	1
543	370.87	337	1
544	374.348	337	1
545	377.826	337	1
546	381.304	337	1
547	384.783	337	1
548	388.261	337	1
549	391.739	337	1
550	395.217	337	1
551	398.696	337	1
552	402.174	337	1
553	405.652	337	1
554	409.13	337	1
555	412.609	337	1
556	416.087	337	1
557	419.565	337	1
558	423.043	337	1
559	426.522	337	1
560	36.0147	357.024	1
561	36.0589	356.05	1
562	36.1328	355.077	1
563	36.2367	354.107	1
564	36.3714	353.14	1
565	36.5374	352.179	1
566	36.7357	351.223	1
567	36.9676	350.276	1
568	37.2343	349.337	1
569	37.5375	348.41	1
570	37.8793	347.496	1
571	38.2619	346.598	1
572	38.6881	345.721	1
573	39.1611	344.867	1
574	39.6844	344.044	1
575	40.2621	343.258	1
576	40.8984	342.519	1
577	41.5974	341.838	1
578	42.3622	341.233	1
579	43.1934	340.723	1
580	44.0865	340.333	1
581	45.0292	340.085	1
582	36	384.837	1
583	36	381.912	1
584	36	379.208	1
585	36	376.707	1
586	36	374.394	1
587	36	372.256	1
588	36	370.278	1
589	36	368.45	1
590	36	366.759	1
591	36	365.196	1
592	36	363.75	1
593	36	362.413	1
594	36	361.177	1
595	36	360.034	1
596	36	358.977	1
597	47.0076	339.955	1
598	48.0716	339.908	1
599	49.1952	339.858	1
600	50.3817	339.805	1
601	51.6346	339.75	1
602	52.9576	339.691	1
603	54.3547	339.629	1
604	55.83	339.563	1
605	57.3879	339.494	1
606	59.033	339.421	1
607	60.7702	339.344	1
608	62.6046	339.262	1
609	64.5417	339.176	1
610	66.5873	339.085	1
611	68.7474	338.989	1
612	71.0283	338.888	1
613	73.437	338.781	1
614	75.9805	338.668	1
615	78.6664	338.548	1
616	81.5026	338.422	1
617	84.4976	338.289	1
618	87.6603	338.148	1
619	24.3566	325.011	1
620	43.7688	320.108	1
621	19.4325	342.725	1
622	18.1989	360.274	1
623	62.8694	320.27	1
624	36.1662	330.144	1
625	30.8173	338.957	1
626	45.9873	330.085	1
627	25.7774	352.147	1
628	27.3322	360.606	1
629	22.7182	372.998	1
630	56.0283	329.469	1
631	81.9978	319.134	1
632	30.515	346.784	1
633	100.589	318.944	1
634	200.353	319.077	1
635	220.784	319.366	1
636	240.989	320.348	1
637	181.501	319.027	1
638	120.733	319.715	1
639	141.286	318.988	1
640	162.46	319.432	1
641	261.1	318.678	1
642	411.294	318.443	1
643	279.792	318.505	1
644	390.048	318.263	1
645	369.015	319.173	1
646	348.145	319.175	1
647	327.276	319.177	1
648	306.522	318.524	1
649	40.9493	334.584	1
650	32.0839	313.572	1
651	12.9706	331.186	1
652	72.1588	326.96	1
653	30.441	354.88	1
654	37.6987	338.575	1
655	14.495	314.552	1
656	22.52	334.385	1
657	53.6753	312.42	1
658	50.8006	334.29	1
659	16.4969	351.692	1
660	28.9872	367.66	1
661	34.357	342.763	1
662	12.2295	370.196	1
663	293.295	322.814	1
664	50.0745	324.528	1
665	46.1574	335.401	1
666	71.837	312.185	1
667	32.1461	350.808	1
668	63.7506	332.068	1
669	35.2092	321.581	1
670	29.1495	331.94	1
671	9.40512	344.394	1
672	210.663	325.77	1
673	230.95	325.536	1
674	400.778	324.666	1
675	131.065	325.706	1
676	131.371	312.239	1
677	151.934	325.722	1
678	251.236	325.298	1
679	41.5192	310.175	1
680	151.534	312.091	1
681	400.696	312.297	1
682	31.6436	359.56	1
683	91.2521	326.721	1
684	209.936	312.208	1
685	379.889	325.251	1
686	358.696	324.895	1
687	337.826	324.896	1
688	316.957	324.897	1
689	230.614	312.546	1
690	91.4433	311.655	1
691	379.566	312.346	1
692	358.694	312.146	1
693	337.564	311.924	1
694	316.404	311.616	1
695	251.217	311.922	1
696	110.781	325.989	1
697	111.049	310.895	1
698	9.43814	358.079	1
699	190.749	326.348	1
700	191.487	311.377	1
701	15.5465	379.46	1
702	171.89	326.124	1
703	171.498	311.979	1
704	289.195	311.555	1
705	40.9974	325.995	1
706	270.653	325.388	1
707	25.6582	342.524	1
708	270.74	311.587	1
709	81.4029	328.926	1
710	62.3886	310.758	1
711	34.1797	346.633	1
712	22.834	316.192	1
713	22.9624	365.383	1
714	15.5877	323.498	1
715	419.194	326.175	1
716	419.283	310.524	1
717	33.9017	334.738	1
718	27.7005	379.824	1
719	41.0247	338.12	1
720	56.3452	334.545	1
721	299.856	310.444	1
722	22.8557	357.133	1
723	81.2732	309.493	1
724	31.2028	326.393	1
725	37.4136	341.77	1
726	30.2288	373.468	1
727	31.4837	363.705	1
728	301.708	327.364	1
729	284.065	327.049	1
730	200.558	328.568	1
731	220.845	328.362	1
732	241.177	328.955	1
733	57.0507	323.155	1
734	100.734	328.513	1
735	201.254	309.109	1
736	50.9143	328.483	1
737	22.8658	347.584	1
738	100.586	309.487	1
739	121.195	328.683	1
740	220.914	309.01	1
741	261.77	327.781	1
742	140.968	328.803	1
743	162.19	328.688	1
744	162.561	309.424	1
745	141.67	309.737	1
746	120.605	309.692	1
747	70.4672	319.781	1
748	240.583	308.955	1
749	181.707	328.498	1
750	181.917	309.598	1
751	43.8349	337.456	1
752	260.526	308.679	1
753	29.0569	320.223	1
754	410.142	328.545	1
755	409.888	309.156	1
756	391.399	327.701	1
757	369.092	328.037	1
758	348.222	328.039	1
759	327.352	328.04	1
760	390.909	309.162	1
761	327.537	309.14	1
762	348.481	309.15	1
763	369.496	309.133	1
764	26.2808	308.233	1
765	13.6583	338.718	1
766	33.3451	354.355	1
767	280.39	309.181	1
768	8.23266	319.81	1
769	38.6183	315.927	1
770	49.5942	317.489	1
771	69.1376	332.757	1
772	19.1019	328.667	1
773	41.7974	330.617	1
774	308.619	309.011	1
775	46.2088	324.717	1
776	8.57175	308.077	1
777	65.715	326.01	1
778	9.40699	351.035	1
779	16.7902	366.612	1
780	26.1017	337.738	1
781	75.3713	332.287	1
782	7.84755	376.815	1
783	33.5092	357.322	1
784	30.5348	342.764	1
785	28.4261	349.774	1
786	422.003	318.5	1
787	6.56898	335.76	1
788	49.6931	336.884	1
789	36.1624	345.304	1
790	18.1319	307.714	1
791	39.5164	340.377	1
792	34.7753	349.008	1
793	53.1292	336.269	1
794	57.1016	316.539	1
795	47.9884	307.276	1
796	309.933	329.026	1
797	37.2984	334.998	1
798	35.0574	307.139	1
799	34.243	339.264	1
800	26.7404	356.652	1
801	7.26833	327.166	1
802	6.99452	364.382	1
803	20.8482	352.879	1
804	76.1831	323.235	1
805	43.9608	332.785	1
806	60.7238	327.301	1
807	89.0168	319.509	1
808	60.4867	335.05	1
809	12.9532	362.383	1
810	14.9556	346.266	1
811	276.975	329.413	1
812	25.1228	329.636	1
813	20.938	382.623	1
814	298.855	318.075	1
815	36.7046	325.51	1
816	26.6152	346.624	1
817	57.2838	306.69	1
818	45.1027	314.41	1
819	21.3945	338.674	1
820	16.8153	372.28	1
821	193.121	318.9	1
822	208.109	318.91	1
823	34.3312	352.34	1
824	169.93	318.898	1
825	14.4623	357.398	1
826	108.272	319.147	1
827	228.342	318.779	1
828	128.347	318.919	1
829	154.239	318.753	1
830	10.0664	383.757	1
831	67.9041	306.647	1
832	87.3314	331.516	1
833	287.358	318.754	1
834	249.188	318.327	1
835	18.1556	335.554	1
836	268.652	318.37	1
837	33.2066	361.557	1
838	46.42	337.752	1
839	384.924	329.866	1
840	32.2331	369.333	1
841	38.979	332.036	1
842	384.996	307.553	1
843	295.064	329.719	1
844	66.4935	315.561	1
845	23.271	361.545	1
846	404.232	318.787	1
847	382.118	318.654	1
848	361.574	318.44	1
849	340.706	318.447	1
850	319.872	318.497	1
851	397.339	318.647	1
852	39.8541	321.508	1
853	215.232	306.977	1
854	246.905	307.136	1
855	20.7841	320.607	1
856	28.2808	364.087	1
857	76.117	316.708	1
858	47.8198	332.71	1
859	75.8036	306.508	1
860	333.56	306.539	1
861	206.076	331.285	1
862	156.277	307.047	1
863	354.516	306.546	1
864	214.867	331.194	1
865	53.5325	320.314	1
866	53.5461	332.454	1
867	156.225	331.263	1
868	135.4	306.704	1
869	226.342	331.038	1
870	314.012	319.237	1
871	126.802	331.265	1
872	135.169	331.219	1
873	334.031	319.115	1
874	354.9	319.116	1
875	375.769	319.117	1
876	235.729	331.112	1
877	375.227	306.612	1
878	147.844	331.229	1
879	126.959	306.785	1
880	246.61	330.787	1
881	255.294	330.611	1
882	33.8166	359.403	1
883	147.895	306.763	1
884	65.5754	335.256	1
885	134.875	320.21	1
886	87.1951	306.686	1
887	85.3401	324.845	1
888	375.458	330.301	1
889	148.247	320.002	1
890	362.522	330.56	1
891	354.589	330.302	1
892	341.652	330.561	1
893	333.719	330.302	1
894	320.96	329.872	1
895	294.005	306.355	1
896	53.9098	326.165	1
897	18.9766	356.249	1
898	32.3933	348.307	1
899	106.658	306.541	1
900	106.748	331.478	1
901	195.232	306.686	1
902	254.598	319.895	1
903	362.583	306.655	1
904	29.8533	352.359	1
905	234.512	319.975	1
906	214.289	320.288	1
907	58.5299	332.138	1
908	342.386	305.991	1
909	403.758	330.687	1
910	320.736	306.586	1
911	30.4516	335.186	1
912	403.94	306.473	1
913	115.239	332.174	1
914	266.426	306.593	1
915	175.122	332.111	1
916	114.756	305.9	1
917	29.3123	357.857	1
918	194.704	331.502	1
919	175.338	306.177	1
920	206.509	306.328	1
921	32.9295	331.671	1
922	274.966	306.366	1
923	24.7682	368.706	1
924	95.2312	331.867	1
925	227.519	306.939	1
926	216.825	313.695	1
927	85.609	314.375	1
928	234.017	306.497	1
929	94.8685	306.455	1
930	168.272	331.462	1
931	254.514	306.463	1
932	186.635	306.368	1
933	187.212	332.31	1
934	31.4294	377.662	1
935	266.794	330.609	1
936	168.114	306.387	1
937	424.205	330.313	1
938	424.204	306.687	1
939	32.5396	344.545	1
940	244.068	313.559	1
941	397.397	306.867	1
942	397.048	330.777	1
943	114.206	320.058	1
944	5.8258	370.78	1
945	137.586	314.47	1
946	43.7992	327.773	1
947	18.5798	348.441	1
948	5.65056	314.027	1
949	95.1695	321.184	1
950	286.173	306.334	1
951	145.114	314.852	1
952	20.0846	369.131	1
953	47.4816	321.494	1
954	196.888	313.769	1
955	19.5732	376.955	1
956	331.158	313.457	1
957	314.628	305.968	1
958	386.703	313.983	1
959	386.746	324.016	1
960	352.077	313.478	1
961	29.9583	361.518	1
962	39.1272	328.315	1
963	116.93	314.477	1
964	373.013	313.447	1
965	264.071	313.654	1
966	288.996	331.301	1
967	187.196	316.768	1
968	5.57921	347.683	1
969	175.548	321.347	1
970	35.8694	347.504	1
971	196.631	323.937	1
972	27.969	354.256	1
973	415.701	330.98	1
974	158.165	313.478	1
975	415.363	305.928	1
976	104.907	313.886	1
977	177.632	314.129	1
978	204.807	324.265	1
979	96.6352	313.959	1
980	33.3437	366.071	1
981	158.096	324.437	1
982	105.153	323.907	1
983	125.305	324.294	1
984	225.11	324.133	1
985	125.268	313.574	1
986	5.0324	354.677	1
987	292.974	316.75	1
988	185.514	323.659	1
989	276.423	323.697	1
990	28.3664	340.653	1
991	276.208	313.752	1
992	32.5729	317.965	1
993	245.411	323.984	1
994	31.225	383.38	1
995	5.25216	341.276	1
996	26.0103	375.512	1
997	236.417	314.283	1
998	80.1015	333.629	1
999	166.263	323.92	1
1000	76.6471	328.014	1
1001	265.119	323.632	1
1002	37.7203	343.746	1
1003	364.48	323.649	1
1004	343.611	323.652	1
1005	322.868	323.912	1
1006	165.807	314.51	1
1007	27.9213	316.027	1
1008	256.64	314.106	1
1009	26.3576	334.069	1
1010	58.1237	336.692	1
1011	39.1593	336.645	1
1012	36.4016	311.777	1
1013	67.2463	329.75	1
1014	364.27	313.189	1
1015	303.577	305.869	1
1016	47.8307	327.614	1
1017	62.5556	305.455	1
1018	43.405	335.363	1
1019	12.7613	374.768	1
1020	343.351	313.18	1
1021	18.8606	312.716	1
1022	43.2541	305.152	1
1023	28.715	328.48	1
1024	203.68	314.827	1
1025	35.518	336.978	1
1026	12.5721	326.986	1
1027	322.45	313.196	1
1028	416.907	320.826	1
1029	315.323	331.192	1
1030	32.5063	341.076	1
1031	424.314	323.698	1
1032	424.353	312.91	1
1033	332.315	324.192	1
1034	353.185	324.191	1
1035	373.957	324.206	1
1036	283.608	314.15	1
1037	223.731	314.795	1
1038	13.1007	305.193	1
1039	48.9686	313.101	1
1040	55.493	336.956	1
1041	414.041	313.337	1
1042	42.9129	339.053	1
1043	136.791	325.322	1
1044	28.4763	344.594	1
1045	28.2257	324.571	1
1046	146.366	325.032	1
1047	306.941	324.636	1
1048	57.6724	311.916	1
1049	34.205	355.911	1
1050	25.349	320.554	1
1051	25.6669	349.128	1
1052	22.8316	350.443	1
1053	16.2993	384.66	1
1054	304.882	312.845	1
1055	256.625	325.203	1
1056	29.8119	305.102	1
1057	236.474	325.154	1
1058	310.526	314.504	1
1059	22.8218	343.948	1
1060	216.303	325.842	1
1061	17.6296	339.588	1
1062	16.4721	318.524	1
1063	61.7831	315.82	1
1064	66.6224	321.845	1
1065	406.541	323.511	1
1066	406.037	313.011	1
1067	43.1498	323.475	1
1068	24.9749	359.06	1
1069	72.3499	335.104	1
1070	24.5875	354.843	1
1071	35.7642	332.886	1
1072	32.3975	355.903	1
1073	41.2183	339.881	1
1074	273.964	318.495	1
1075	19.7797	324.706	1
1076	48.1788	338.103	1
1077	48.5034	334.814	1
1078	61.3096	323.681	1
1079	32.7516	337.201	1
1080	305.301	331.484	1
1081	27.8415	370.976	1
1082	4.89249	360.188	1
1083	393.316	314.576	1
1084	50.1177	331.294	1
1085	395.577	323.58	1
1086	272.3	331.809	1
1087	35.2109	350.839	1
1088	4.89386	385.583	1
1089	23.3227	378.833	1
1090	80.6229	324.085	1
1091	33.6204	328.549	1
1092	281.482	331.961	1
1093	19.5721	364.439	1
1094	14.6581	342.467	1
1095	31.9132	322.832	1
1096	52.6302	304.864	1
1097	76.8989	311.253	1
1098	297.945	324.202	1
1099	115.783	326.133	1
1100	36.2607	340.016	1
1101	4.84222	331.345	1
1102	9.68878	339.913	1
1103	31.7712	352.857	1
1104	31.4484	357.591	1
1105	45.5877	310.515	1
1106	39.1003	342.146	1
1107	22.0648	304.856	1
1108	80.3321	314.394	1
1109	57.5926	326.442	1
1110	294.863	311.954	1
1111	25.4207	384.296	1
1112	177.084	326.129	1
1113	299.931	332.238	1
1114	51.4652	337.711	1
1115	12.8803	353.429	1
1116	380.482	305.264	1
1117	33.9384	363.859	1
1118	380.524	331.69	1
1119	13.1779	349.455	1
1120	53.2285	316.172	1
1121	27.7677	311.919	1
1122	288.012	323.792	1
1123	4.66836	322.968	1
1124	34.8652	354.315	1
1125	311.945	324.106	1
1126	67.2124	311.372	1
1127	4.83017	304.829	1
1128	283.137	322.486	1
1129	42.1201	336.409	1
1130	25.136	362.588	1
1131	82.5758	304.807	1
1132	389.339	332.187	1
1133	96.3851	326.096	1
1134	389.277	304.786	1
1135	34.2895	344.721	1
1136	12.4082	320.197	1
1137	30.5797	349.425	1
1138	24.1931	340.014	1
1139	20.2827	331.831	1
1140	11.3975	335.434	1
1141	4.85355	380.725	1
1142	70.5685	323.662	1
1143	414.309	325.254	1
1144	298.692	304.767	1
1145	33.0846	372.112	1
1146	200.647	333.213	1
1147	13.1846	310.125	1
1148	99.6261	333.425	1
1149	26.149	366.488	1
1150	220.887	333.017	1
1151	42.1621	317.086	1
1152	23.5995	311.788	1
1153	219.713	304.762	1
1154	99.4752	304.676	1
1155	186.086	311.815	1
1156	241.839	304.786	1
1157	32.0625	309.192	1
1158	41.7839	332.491	1
1159	180.396	304.593	1
1160	12.6648	366.304	1
1161	241.207	332.504	1
1162	180.384	333.232	1
1163	201.078	305.097	1
1164	160.462	304.922	1
1165	122.367	333.301	1
1166	161.098	333.28	1
1167	139.762	333.378	1
1168	260.192	332.602	1
1169	62.9516	336.524	1
1170	139.8	304.602	1
1171	122.415	304.596	1
1172	22.2034	327.788	1
1173	37.5417	319.19	1
1174	59.1132	320.178	1
1175	53.6063	329.561	1
1176	44.7149	338.357	1
1177	28.6535	337.354	1
1178	10.1566	315.779	1
1179	63.8584	328.848	1
1180	328.812	304.624	1
1181	38.7628	304.524	1
1182	36.1469	343.026	1
1183	349.757	304.621	1
1184	410.638	332.338	1
1185	281.423	304.502	1
1186	411.012	305.229	1
1187	418.288	315.509	1
1188	260.403	304.965	1
1189	30.9388	366.36	1
1190	68.4204	335.979	1
1191	370.72	304.574	1
1192	370.948	332.456	1
1193	350.078	332.457	1
1194	329.209	332.457	1
1195	141.333	323.792	1
1196	72.0711	330.84	1
1197	9.00995	331.936	1
1198	20.9992	359.344	1
1199	39.5961	338.591	1
1200	20.3941	345.828	1
1201	56.3537	331.982	1
1202	46.5768	317.753	1
1203	112.253	316.458	1
1204	220.303	323.114	1
1205	119.787	323.214	1
1206	35.1331	315.371	1
1207	302.889	321.591	1
1208	84.7672	333.698	1
1209	210.763	333.595	1
1210	131.09	304.427	1
1211	152.041	304.435	1
1212	231.048	333.316	1
1213	151.96	333.586	1
1214	131.065	333.591	1
1215	240.789	323.395	1
1216	251.344	332.979	1
1217	358.696	332.618	1
1218	337.826	332.618	1
1219	53.4687	333.983	1
1220	358.416	304.424	1
1221	337.328	304.562	1
1222	27.6913	351.785	1
1223	43.9514	330.487	1
1224	16.3778	363.109	1
1225	53.6294	323.011	1
1226	47.6686	336.41	1
1227	46.3119	332.972	1
1228	50.1755	320.288	1
1229	32.0798	346.475	1
1230	270.663	305.076	1
1231	29.6382	359.742	1
1232	369.277	322.626	1
1233	348.408	322.629	1
1234	327.538	322.632	1
1235	30.7885	329.195	1
1236	70.2772	315.801	1
1237	100.65	323.229	1
1238	172.784	315.931	1
1239	32.9847	375.574	1
1240	309.39	304.297	1
1241	15.0719	328.497	1
1242	92.7789	315.947	1
1243	211.314	304.271	1
1244	9.44679	323.515	1
1245	396.352	310.793	1
1246	71.6835	303.333	1
1247	37.8482	339.962	1
1248	211.133	316.169	1
1249	390.957	322.991	1
1250	90.5433	333.292	1
1251	419.499	332.468	1
1252	28.246	347.568	1
1253	250.085	304.469	1
1254	182.485	314.443	1
1255	180.758	323.616	1
1256	77.2662	335.282	1
1257	419.496	304.533	1
1258	33.9287	325.183	1
1259	41.1328	313.128	1
1260	34.4878	357.533	1
1261	280.192	326.047	1
1262	368.965	313.982	1
1263	348.06	313.988	1
1264	327.154	313.994	1
1265	291.61	327.213	1
1266	10.5888	379.65	1
1267	110.781	305.349	1
1268	49.4997	338.394	1
1269	189.55	322.196	1
1270	4.24093	310.185	1
1271	231.208	316.045	1
1272	110.549	333.522	1
1273	15.2539	359.88	1
1274	48.4067	329.82	1
1275	28.4754	356.049	1
1276	290.262	304.486	1
1277	38.7204	324.807	1
1278	26.7792	303.146	1
1279	324.795	332.757	1
1280	346.068	333.146	1
1281	366.938	333.145	1
1282	50.5485	326.67	1
1283	4.18783	317.794	1
1284	9.13306	362.067	1
1285	313.009	310.533	1
1286	191.41	304.379	1
1287	261.256	322.86	1
1288	45.151	336.497	1
1289	409.925	322.273	1
1290	36.9066	346.266	1
1291	143.778	334.144	1
1292	19.7331	317.744	1
1293	366.682	303.819	1
1294	151.343	316.243	1
1295	345.49	304.408	1
1296	51.1398	335.642	1
1297	3.94334	375.062	1
1298	21.4782	342.259	1
1299	143.844	303.84	1
1300	90.9667	304.406	1
1301	323.776	304.953	1
1302	251.596	315.747	1
1303	131.128	315.661	1
1304	61.2343	329.966	1
1305	33.6022	350.205	1
1306	24.92	344.858	1
1307	9.10214	304.798	1
1308	206.399	310.874	1
1309	51.5504	309.091	1
1310	35.9745	348.616	1
1311	53.5551	338.434	1
1312	23.3959	336.753	1
1313	226.258	309.903	1
1314	73.9438	319.687	1
1315	85.2959	328.314	1
1316	171.587	333.644	1
1317	31.9697	333.652	1
1318	394.252	332.755	1
1319	22.3685	331.124	1
1320	67.7611	327.047	1
1321	394.245	304.35	1
1322	141.11	314.638	1
1323	9.21152	373.352	1
1324	16.0657	332.396	1
1325	3.97752	367.579	1
1326	34.7094	341.147	1
1327	239.941	314.157	1
1328	171.388	304.997	1
1329	39.072	334.093	1
1330	15.5891	376.333	1
1331	65.8977	332.093	1
1332	22.9857	352.912	1
1333	27.5945	358.52	1
1334	12.787	385.922	1
1335	121.051	314.42	1
1336	33.1034	380.56	1
1337	190.493	332.79	1
1338	71.6959	308.437	1
1339	426.178	318.5	1
1340	15.2429	370.136	1
1341	118.205	333.758	1
1342	10.517	348.442	1
1343	118.204	304.245	1
1344	34.4964	361.04	1
1345	40.6502	341.545	1
1346	17.754	354.076	1
1347	17.6124	345.202	1
1348	20.5828	350.383	1
1349	237.663	304.271	1
1350	223.892	304.267	1
1351	37.5832	336.608	1
1352	161.618	323.176	1
1353	8.40853	368.162	1
1354	30.3902	344.698	1
1355	31.6044	361.234	1
1356	37.5245	345.102	1
1357	26.1506	327.413	1
1358	79.0956	303.81	1
1359	17.5281	325.405	1
1360	63.8156	323.038	1
1361	58.6718	329.367	1
1362	20.4472	335.82	1
1363	200.773	323.087	1
1364	9.56331	354.718	1
1365	379.285	315.52	1
1366	73.3197	324.472	1
1367	358.444	315.531	1
1368	164.78	333.291	1
1369	337.79	315.447	1
1370	316.665	316.065	1
1371	78.5627	330.595	1
1372	59.8637	336.869	1
1373	38.0518	309.022	1
1374	95.3093	310.58	1
1375	165.353	304.507	1
1376	310.097	334.055	1
1377	85.5522	319.808	1
1378	263.576	332.96	1
1379	32.6957	342.815	1
1380	33.6422	367.797	1
1381	410.067	314.602	1
1382	186.902	326.875	1
1383	292.642	333.203	1
1384	285.542	310.439	1
1385	285.225	333.21	1
1386	162.165	315.013	1
1387	234.271	310.645	1
1388	400.776	320.518	1
1389	54.588	335.346	1
1390	3.67902	337.532	1
1391	26.8539	331.469	1
1392	425.88	327.23	1
1393	167.948	310.394	1
1394	16.8279	304.495	1
1395	425.886	309.704	1
1396	21.2905	355.467	1
1397	102.769	303.809	1
1398	260.075	314.121	1
1399	41.7046	328.017	1
1400	89.2573	322.967	1
1401	85.1281	310.098	1
1402	14.4972	334.855	1
1403	303.441	316.358	1
1404	9.45621	311.885	1
1405	78.7488	319.492	1
1406	58.9852	333.986	1
1407	196.559	327.896	1
1408	46.7872	303.613	1
1409	401.061	316.145	1
1410	254.833	310.448	1
1411	47.986	324.677	1
1412	65.5197	318.832	1
1413	102.877	334.207	1
1414	36.4727	328.288	1
1415	62.443	334.167	1
1416	400.882	333.727	1
1417	34.9312	353.252	1
1418	101.581	315.061	1
1419	270.684	321.589	1
1420	420.527	322.148	1
1421	400.619	303.91	1
1422	3.68189	351.058	1
1423	45.8844	328.075	1
1424	31.6162	354.105	1
1425	20.7658	362.172	1
1426	230.765	304.062	1
1427	271.363	315.774	1
1428	114.878	311.037	1
1429	130.923	321.749	1
1430	12.0836	358.591	1
1431	41.3093	319.481	1
1432	151.934	321.674	1
1433	148.201	310.581	1
1434	210.547	321.825	1
1435	15.9625	349.511	1
1436	33.1369	303.228	1
1437	18.5443	380.284	1
1438	26.1409	372.665	1
1439	175.712	310.658	1
1440	51.7678	331.845	1
1441	380.036	321.582	1
1442	359.419	321.279	1
1443	338.55	321.282	1
1444	317.037	320.663	1
1445	134.317	309.753	1
1446	230.89	321.577	1
1447	264.885	327.319	1
1448	166.327	327.578	1
1449	3.31266	344.128	1
1450	313.561	327.197	1
1451	251.114	321.381	1
1452	38.6501	343.077	1
1453	29.9192	369.765	1
1454	19.9009	372.135	1
1455	317.916	304.5	1
1456	210.648	328.841	1
1457	90.8358	329.877	1
1458	56.1255	309.61	1
1459	204.02	320.198	1
1460	213.888	310.143	1
1461	30.3753	340.817	1
1462	104.694	328.071	1
1463	184.215	333.987	1
1464	183.499	303.234	1
1465	40.6474	336.104	1
1466	104.635	309.974	1
1467	297.904	313.526	1
1468	230.929	328.581	1
1469	124.511	320.371	1
1470	158.189	317.784	1
1471	224.506	320.122	1
1472	249.992	308.183	1
1473	204.33	328.128	1
1474	130.994	328.8	1
1475	46.4551	338.882	1
1476	383.395	325.598	1
1477	29.5096	375.967	1
1478	203.763	334.631	1
1479	217.716	334.42	1
1480	245.758	317.528	1
1481	144.683	321.942	1
1482	152.023	328.803	1
1483	251.21	328.319	1
1484	16.2126	310.695	1
1485	275.471	333.095	1
1486	131.13	309.087	1
1487	197.158	309.861	1
1488	196.7	317.776	1
1489	28.3972	334.967	1
1490	3.56088	326.021	1
1491	382.343	310.27	1
1492	224.035	334.377	1
1493	278.133	303.156	1
1494	211.046	308.468	1
1495	238.129	334.241	1
1496	152.239	308.673	1
1497	69.5468	330.8	1
1498	407.397	333.79	1
1499	407.432	303.299	1
1500	244.319	334.075	1
1501	89.3481	315.495	1
1502	44.6417	334.549	1
1503	372.41	320.703	1
1504	21.5178	308.168	1
1505	351.542	320.702	1
1506	193.073	314.878	1
1507	330.675	320.702	1
1508	208.105	315.61	1
1509	388.118	327.128	1
1510	56.424	320.524	1
1511	220.493	314.996	1
1512	217.431	317.678	1
1513	224.664	327.949	1
1514	274.099	326.782	1
1515	59.5043	309.241	1
1516	34.0361	347.896	1
1517	43.4963	325.672	1
1518	110.631	322.111	1
1519	365.239	319.877	1
1520	344.37	319.883	1
1521	323.274	319.932	1
1522	32.7344	359.032	1
1523	228.391	315.597	1
1524	387.898	309.49	1
1525	308.903	320.412	1
1526	60.2934	332.909	1
1527	295.411	319.619	1
1528	337.13	308.441	1
1529	28.5782	342.635	1
1530	393.441	320.256	1
1531	55.5449	314.289	1
1532	35.7014	349.843	1
1533	358.124	308.468	1
1534	248.18	314.608	1
1535	359.119	328.626	1
1536	338.25	328.626	1
1537	298.092	326.973	1
1538	244.024	309.799	1
1539	104.8	317.609	1
1540	274.603	310.42	1
1541	19.6851	385.598	1
1542	265.619	317.408	1
1543	244.916	327.757	1
1544	407.695	320.037	1
1545	158.532	328.15	1
1546	13.3688	382.028	1
1547	124.481	328.229	1
1548	158.732	309.625	1
1549	37.4621	333.255	1
1550	45.4949	322.738	1
1551	127.873	310.329	1
1552	35.3493	346.098	1
1553	39.5471	330.209	1
1554	171.827	322.229	1
1555	15.5265	354.236	1
1556	34.936	358.514	1
1557	34.5203	362.361	1
1558	12.6035	344.255	1
1559	138.965	321.226	1
1560	397.266	314.172	1
1561	110.316	329.823	1
1562	59.3309	303.68	1
1563	8.32055	386.85	1
1564	204.208	303.326	1
1565	166.066	320.064	1
1566	397.751	327.109	1
1567	32.7838	360.324	1
1568	108.553	316.062	1
1569	110.114	308.168	1
1570	217.422	309.769	1
1571	191.314	329.928	1
1572	383.174	314.128	1
1573	90.6527	308.093	1
1574	25.6294	313.836	1
1575	65.7684	303.634	1
1576	330.955	309.699	1
1577	36.5381	323.359	1
1578	29.9103	364.901	1
1579	351.903	309.718	1
1580	376.073	310.528	1
1581	169.934	315.26	1
1582	74.7641	336.671	1
1583	35.6313	335.256	1
1584	257.183	303.307	1
1585	291.114	319.907	1
1586	263.845	309.679	1
1587	177.53	318.198	1
1588	44.9899	331.859	1
1589	197.51	334.717	1
1590	197.876	303.339	1
1591	386.437	317.317	1
1592	289.319	315.685	1
1593	62.8718	325.653	1
1594	318.572	333.189	1
1595	200.45	315.186	1
1596	400.764	308.412	1
1597	172.316	329.912	1
1598	24.2005	332.15	1
1599	172.735	308.498	1
1600	406.186	327.473	1
1601	23.4549	375.889	1
1602	64.7577	308.169	1
1603	4.15482	363.88	1
1604	305.948	328.05	1
1605	415.457	310.05	1
1606	280.205	314.898	1
1607	30.6333	350.995	1
1608	36.1281	338.555	1
1609	389.607	312.196	1
1610	97.1651	318.498	1
1611	385.821	332.712	1
1612	385.788	304.311	1
1613	191.746	308.142	1
1614	426.236	333.223	1
1615	263.632	303.28	1
1616	32.9475	351.941	1
1617	296.779	333.414	1
1618	26.2598	339.767	1
1619	231.052	308.495	1
1620	426.236	303.776	1
1621	116.986	317.965	1
1622	185.202	319.954	1
1623	32.4048	339.4	1
1624	35.1759	351.782	1
1625	320.018	310.282	1
1626	406.22	309.469	1
1627	415.169	317.566	1
1628	365.122	327.359	1
1629	340.573	309.67	1
1630	28.2872	362.223	1
1631	344.253	327.361	1
1632	361.496	310.155	1
1633	323.425	327.222	1
1634	144.602	318.709	1
1635	192.858	322.717	1
1636	27.0363	318.647	1
1637	378.562	329.142	1
1638	330.947	317.377	1
1639	283.548	317.723	1
1640	35.8878	341.17	1
1641	26.802	322.699	1
1642	351.827	317.385	1
1643	290.645	308.212	1
1644	372.71	317.383	1
1645	303.351	309.45	1
1646	44.1682	339.329	1
1647	238.06	321.04	1
1648	87.6045	334.799	1
1649	24.8019	356.805	1
1650	154.746	314.977	1
1651	28.7003	385.272	1
1652	372.727	309.518	1
1653	20.8473	366.313	1
1654	17.04	358.526	1
1655	258.413	317.741	1
1656	22.7383	322.462	1
1657	382.949	322.547	1
1658	42.3264	340.069	1
1659	317.664	328.657	1
1660	9.64682	365.44	1
1661	55.773	303.594	1
1662	24.53	347.574	1
1663	401.136	328.212	1
1664	247.398	310.868	1
1665	22.6232	367.737	1
1666	35.0158	319.087	1
1667	32.8375	320.826	1
1668	12.5051	340.819	1
1669	217.777	321.121	1
1670	295.518	303.214	1
1671	128.233	315.404	1
1672	355.256	310.595	1
1673	72.9819	315.012	1
1674	288.337	327.312	1
1675	83.5988	331.024	1
1676	85.7198	303.253	1
1677	29.4693	353.799	1
1678	138.815	317.609	1
1679	42.3337	333.925	1
1680	334.278	310.535	1
1681	35.0964	356.609	1
1682	88.2902	325.433	1
1683	42.4607	337.764	1
1684	29.8538	317.983	1
1685	10.6059	329.437	1
1686	366.667	316.002	1
1687	345.783	316.007	1
1688	324.878	316.02	1
1689	40.9374	323.761	1
1690	214.883	303.313	1
1691	22.5281	318.685	1
1692	155.249	303.449	1
1693	155.087	334.833	1
1694	22.4328	370.324	1
1695	254.212	334.113	1
1696	127.944	334.834	1
1697	47.5047	315.306	1
1698	134.002	334.803	1
1699	134.23	303.17	1
1700	334.492	302.611	1
1701	137.399	328.454	1
1702	133.967	327.8	1
1703	30.2159	356.395	1
1704	149.073	334.829	1
1705	37.8877	330.604	1
1706	269.441	308.459	1
1707	35.3078	343.867	1
1708	246.749	303.279	1
1709	128.146	303.204	1
1710	331.421	327.56	1
1711	352.291	327.559	1
1712	17.3332	315.427	1
1713	373.048	327.576	1
1714	334.995	326.987	1
1715	355.865	326.986	1
1716	39.199	326.571	1
1717	355.481	302.589	1
1718	144.972	328.825	1
1719	148.973	327.818	1
1720	148.976	303.152	1
1721	280.131	322.254	1
1722	218.379	330.639	1
1723	123.934	309.356	1
1724	2.97035	357.575	1
1725	376.014	302.923	1
1726	30.2952	380.363	1
1727	243.99	320.621	1
1728	341.02	326.33	1
1729	269.484	333.063	1
1730	213.387	327.958	1
1731	361.889	326.328	1
1732	25.4291	360.819	1
1733	237.585	328.401	1
1734	34.3384	369.395	1
1735	258.083	328.242	1
1736	12.4351	323.461	1
1737	233.959	327.632	1
1738	376.269	334.081	1
1739	361.502	334.469	1
1740	355.769	333.835	1
1741	340.632	334.469	1
1742	334.899	333.836	1
1743	155.064	310.302	1
1744	379.015	308.263	1
1745	254.153	327.4	1
1746	270.806	329.176	1
1747	138.314	308.978	1
1748	14.0075	372.305	1
1749	17.4378	368.776	1
1750	18.2303	322.531	1
1751	123.108	316.962	1
1752	63.9068	313.675	1
1753	55.146	333.429	1
1754	306.074	303.062	1
1755	361.277	303.15	1
1756	340.183	303.08	1
1757	159.354	321.26	1
1758	33.9513	333.037	1
1759	317.392	307.957	1
1760	96.5985	303.276	1
1761	35.062	348.022	1
1762	35.3024	326.819	1
1763	15.9655	337.626	1
1764	26.0526	354.01	1
1765	422.727	326.986	1
1766	96.4597	334.915	1
1767	422.655	309.818	1
1768	78.6471	307.262	1
1769	20.7777	347.686	1
1770	155.015	327.695	1
1771	56.6917	337.894	1
1772	65.1442	337.074	1
1773	267.87	314.751	1
1774	144.992	309.08	1
1775	313.341	313.472	1
1776	13.7822	317.638	1
1777	128.055	327.681	1
1778	365.496	309.088	1
1779	43.8048	308.154	1
1780	40.5777	306.632	1
1781	49.1707	333.517	1
1782	74.5979	329.888	1
1783	312.446	303.078	1
1784	22.9683	359.152	1
1785	75.0709	303.146	1
1786	11.869	355.859	1
1787	72.1801	321.87	1
1788	177.088	303.067	1
1789	48.5609	309.968	1
1790	34.8962	331.597	1
1791	26.9124	368.523	1
1792	47.1918	334.189	1
1793	198.291	331.091	1
1794	26.6445	343.943	1
1795	203.552	306.706	1
1796	237.948	317.546	1
1797	176.564	335.412	1
1798	344.855	308.632	1
1799	84.6072	317.237	1
1800	50.5892	314.926	1
1801	78.0286	325.155	1
1802	25.0692	364.628	1
1803	284.447	303.192	1
1804	30.9134	347.974	1
1805	52.3278	327.146	1
1806	6.65006	344.808	1
1807	51.659	330.072	1
1808	32.3335	335.623	1
1809	35.1431	355.352	1
1810	55.7999	327.192	1
1811	30.9593	337.093	1
1812	248.237	327.251	1
1813	267.065	310.787	1
1814	33.9941	353.59	1
1815	323.766	308.888	1
1816	47.55	339.006	1
1817	87.9445	312.156	1
1818	297.381	307.84	1
1819	227.958	327.478	1
1820	113.217	302.582	1
1821	113.364	334.956	1
1822	361.412	314.551	1
1823	19.8445	340.431	1
1824	25.0668	381.275	1
1825	117.636	320.958	1
1826	56.0102	324.912	1
1827	30.6126	358.696	1
1828	294.665	325.419	1
1829	113.543	328.405	1
1830	117.56	329.551	1
1831	6.19888	357.604	1
1832	207.668	327.698	1
1833	43.6278	312.29	1
1834	34.0489	377.543	1
1835	194.549	311.772	1
1836	17.2292	341.894	1
1837	49.8336	335.415	1
1838	4.0762	334.127	1
1839	257.589	321.593	1
1840	426.988	321.899	1
1841	427.072	315.078	1
1842	93.9494	328.494	1
1843	107.162	302.985	1
1844	257.536	307.524	1
1845	340.771	315.145	1
1846	59.0169	314.28	1
1847	207.918	334.723	1
1848	228.197	334.453	1
1849	248.481	334.166	1
1850	6.5382	350.442	1
1851	23.6226	363.463	1
1852	213.537	334.6	1
1853	233.923	334.362	1
1854	407.248	316.629	1
1855	42.1701	321.697	1
1856	23.7706	341.866	1
1857	40.4585	333.186	1
1858	67.7977	324.302	1
1859	55.4591	318.364	1
1860	68.3312	317.889	1
1861	38.9212	312.05	1
1862	107.282	335.225	1
1863	313.333	333.973	1
1864	203.124	331.208	1
1865	208.46	303.145	1
1866	32.0863	362.339	1
1867	319.981	315.33	1
1868	252.91	303.194	1
1869	397.697	333.664	1
1870	334.319	316.205	1
1871	33.1915	345.818	1
1872	20.9249	374.977	1
1873	41.8231	338.946	1
1874	320.34	326.076	1
1875	133.805	323.677	1
1876	277.276	308.672	1
1877	97.4986	329.178	1
1878	178.603	329.83	1
1879	19.3109	337.818	1
1880	33.5802	311.318	1
1881	41.438	340.844	1
1882	26.7698	350.401	1
1883	397.167	303.025	1
1884	149.202	323.697	1
1885	376.978	322.435	1
1886	356.231	322.349	1
1887	355.171	316.234	1
1888	335.362	322.35	1
1889	23.2714	385.96	1
1890	213.35	323.831	1
1891	29.0767	339.085	1
1892	55.0111	338.253	1
1893	32.0815	367.161	1
1894	7.59509	380.398	1
1895	30.6729	353.459	1
1896	188.486	309.534	1
1897	223.04	330.939	1
1898	273.926	302.763	1
1899	233.585	323.516	1
1900	25.2594	335.987	1
1901	302.744	333.947	1
1902	92.1806	321.212	1
1903	117.23	308.401	1
1904	168.612	334.928	1
1905	184.903	309.137	1
1906	253.871	323.284	1
1907	376.033	316.211	1
1908	31.4039	371.345	1
1909	74.2575	309.606	1
1910	421.425	315.276	1
1911	30.3202	324.193	1
1912	418.223	329.376	1
1913	340.641	323.409	1
1914	361.51	323.406	1
1915	34.1392	337.707	1
1916	320.089	322.206	1
1917	179.029	308.547	1
1918	154.677	324.2	1
1919	46.8278	331.551	1
1920	103.447	320.754	1
1921	29.3982	308.091	1
1922	128.436	324.176	1
1923	107.966	312.389	1
1924	36.8225	347.534	1
1925	413.815	302.629	1
1926	47.9559	319.39	1
1927	413.693	333.936	1
1928	59.8043	325.396	1
1929	82.6733	326.122	1
1930	50.2457	303.139	1
1931	418.187	307.635	1
1932	20.8702	357.387	1
1933	301.63	313.063	1
1934	276.903	316.923	1
1935	61.1966	318.655	1
1936	29.0399	345.855	1
1937	267.755	302.822	1
1938	44.6975	329.169	1
1939	243.646	330.816	1
1940	83.1954	322.145	1
1941	27.3051	348.79	1
1942	168.336	302.966	1
1943	385.423	320.645	1
1944	184.704	330.065	1
1945	321.165	303.174	1
1946	18.1423	350.399	1
1947	32.5645	349.756	1
1948	28.149	373.902	1
1949	198.52	306.818	1
1950	268.333	323.195	1
1951	51.6604	318.618	1
1952	413.748	321.966	1
1953	42.7857	329.215	1
1954	39.6453	335.43	1
1955	14.9442	307.761	1
1956	134.456	313.43	1
1957	208.061	324.208	1
1958	276.925	320.194	1
1959	43.9943	336.208	1
1960	228.354	324.009	1
1961	248.555	323.818	1
1962	34.8995	359.855	1
1963	107.475	326.226	1
1964	301.616	303.183	1
1965	29.3854	326.319	1
1966	37.5728	321.24	1
1967	279.222	334.185	1
1968	213.24	313.764	1
1969	422.594	333.552	1
1970	40.5132	331.708	1
1971	30.6687	367.862	1
1972	224.203	307.795	1
1973	28.1911	365.905	1
1974	188.009	303.188	1
1975	29.8121	363.116	1
1976	422.561	303.388	1
1977	148.344	313.725	1
1978	376.315	326.485	1
1979	34.3837	365.124	1
1980	2.61192	312.912	1
1981	45.6174	320.183	1
1982	67.2299	334.133	1
1983	82.6392	335.625	1
1984	413.271	328.254	1
1985	103.113	330.654	1
1986	187.588	335.123	1
1987	237.308	308.067	1
1988	24.8427	350.502	1
1989	70.5102	336.565	1
1990	321.848	333.581	1
1991	382.618	302.901	1
1992	7.97621	342.107	1
1993	307.309	315.296	1
1994	7.45985	317.105	1
1995	165.283	308.094	1
1996	68.4691	313.501	1
1997	52.213	338.647	1
1998	38.432	340.984	1
1999	7.12253	338.659	1
2000	227.016	303.272	1
2001	22.8093	354.556	1
2002	40.0879	339.647	1
2003	234.544	303.262	1
2004	36.8592	331.754	1
2005	97.9436	307.563	1
2006	103.003	307.362	1
2007	190.303	317.046	1
2008	52.3871	324.892	1
2009	82.5068	312.676	1
2010	2.8884	378.435	1
2011	307.984	312.145	1
2012	394.469	329.353	1
2013	93.8958	324.396	1
2014	197.88	320.978	1
2015	394.144	307.968	1
2016	113.376	324.031	1
2017	72.145	317.588	1
2018	382.686	334.099	1
2019	33.4274	385.65	1
2020	289.025	334.343	1
2021	38.4	344.687	1
2022	292.102	313.662	1
2023	12.6234	347.144	1
2024	54.7361	331.011	1
2025	310.356	317.971	1
2026	40.0348	337.374	1
2027	2.65697	371.75	1
2028	107.544	322.138	1
2029	50.9404	338.67	1
2030	174.598	324.344	1
2031	407.816	330.33	1
2032	36.5612	344.001	1
2033	263.176	320.034	1
2034	41.8911	335.277	1
2035	262.899	306.614	1
2036	98.3533	321.125	1
2037	73.3839	332.598	1
2038	300.683	307.316	1
2039	14.9377	325.843	1
2040	286.785	313.57	1
2041	407.976	306.758	1
2042	11.4961	337.976	1
2043	283.083	307.273	1
2044	311.252	307.454	1
2045	29.1848	351.198	1
2046	285.869	330.018	1
2047	179.162	321.171	1
2048	23.8413	349.037	1
2049	20.0015	302.894	1
2050	28.0681	382.402	1
2051	30.8265	315.844	1
2052	39.9867	342.314	1
2053	139.883	311.905	1
2054	29.8563	333.516	1
2055	403.819	302.717	1
2056	194.115	302.783	1
2057	34.1059	351.223	1
2058	33.5134	343.745	1
2059	54.0509	307.265	1
2060	403.973	334.441	1
2061	306.839	306.664	1
2062	143.191	311.998	1
2063	19.3435	358.729	1
2064	296.51	316.399	1
2065	403.394	322.468	1
2066	31.1646	332.049	1
2067	169.642	327.853	1
2068	193.424	335.2	1
2069	48.4991	339.054	1
2070	263.785	329.946	1
2071	56.7239	336.033	1
2072	199.183	325.819	1
2073	418.914	318.519	1
2074	2.47608	340.235	1
2075	188.649	313.828	1
2076	199.842	311.906	1
2077	7.49992	352.943	1
2078	279.75	329.119	1
2079	382.151	328.713	1
2080	79.5735	336.468	1
2081	79.5357	316.759	1
2082	164.766	330.435	1
2083	36.6554	317.046	1
2084	51.3501	311.976	1
2085	3.46827	383.3	1
2086	202.111	325.962	1
2087	119.021	312.154	1
2088	404.346	315.496	1
2089	169.073	324.87	1
2090	403.468	310.428	1
2091	426.933	330.292	1
2092	309.556	325.98	1
2093	46.456	336.561	1
2094	194.112	325.95	1
2095	43.0217	331.759	1
2096	25.7873	378.212	1
2097	32.8452	353.355	1
2098	68.6605	303.296	1
2099	219.887	311.802	1
2100	61.5647	337.829	1
2101	426.934	306.707	1
2102	41.2778	302.911	1
2103	44.0498	318.095	1
2104	49.1428	322.732	1
2105	303.735	324.612	1
2106	98.8034	311.962	1
2107	18.9816	352.187	1
2108	307.011	334.131	1
2109	37.1259	314.17	1
2110	33.6736	358.279	1
2111	173.941	318.782	1
2112	102.102	312.074	1
2113	412.762	308.323	1
2114	37.7959	342.683	1
2115	205.424	316.655	1
2116	21.6859	313.668	1
2117	180.08	312.174	1
2118	29.3079	313.888	1
2119	398.442	322.593	1
2120	102.44	325.912	1
2121	28.048	333.26	1
2122	122.424	311.964	1
2123	94.0614	313.372	1
2124	28.8391	322.522	1
2125	38.4922	337.583	1
2126	113.558	313.596	1
2127	26.7627	355.232	1
2128	164.855	317.203	1
2129	74.1971	327.113	1
2130	33.8173	383.081	1
2131	183.467	326.011	1
2132	36.2801	302.537	1
2133	2.59688	329.508	1
2134	233.366	313.859	1
2135	225.673	316.559	1
2136	43.3375	339.901	1
2137	183.944	316.918	1
2138	6.63008	383.22	1
2139	222.386	325.581	1
2140	77.4274	332.932	1
2141	33.3402	356.367	1
2142	33.3042	355.377	1
2143	39.4498	317.918	1
2144	238.359	311.298	1
2145	32.9847	364.491	1
2146	14.7434	364.592	1
2147	33.7749	341.724	1
2148	163.582	325.246	1
2149	175.057	328.471	1
2150	51.7024	322.379	1
2151	48.6775	331.429	1
2152	273.178	323.864	1
2153	164.884	311.502	1
2154	27.9186	357.326	1
2155	278.705	311.65	1
2156	12.2847	302.478	1
2157	69.3733	309.783	1
2158	312.101	331.083	1
2159	424.091	320.684	1
2160	16.7519	356.097	1
2161	25.6256	316.645	1
2162	403.581	325.74	1
2163	234.238	316.808	1
2164	28.7433	360.863	1
2165	262.526	325.447	1
2166	2.78986	307.503	1
2167	64.8717	330.15	1
2168	46.54	312.736	1
2169	253.6	313.821	1
2170	161.074	311.895	1
2171	21.8035	363.829	1
2172	28.364	330.417	1
2173	17.9289	330.617	1
2174	45.0651	326.307	1
2175	34.3026	373.524	1
2176	416.776	323.994	1
2177	160.703	326.03	1
2178	13.0628	378.18	1
2179	134.845	316.776	1
2180	148.038	316.987	1
2181	273.379	313.368	1
2182	7.23851	330.162	1
2183	33.6352	349.185	1
2184	242.667	325.59	1
2185	188.252	324.663	1
2186	11.2551	307.618	1
2187	61.4395	313.178	1
2188	83.4293	307.656	1
2189	258.554	311.104	1
2190	2.75001	320.463	1
2191	29.2268	378.318	1
2192	78.626	322.26	1
2193	11.5896	312.977	1
2194	20.9336	379.254	1
2195	59.032	322.491	1
2196	182.093	306.798	1
2197	23.6047	345.913	1
2198	63.085	317.893	1
2199	29.6408	348.445	1
2200	32.4465	356.922	1
2201	368.983	302.621	1
2202	24.4374	371.501	1
2203	2.4974	346.97	1
2204	15.3095	320.856	1
2205	18.0932	374.792	1
2206	77.8001	313.954	1
2207	24.265	366.518	1
2208	389.581	315.606	1
2209	45.3698	339.16	1
2210	21.1124	329.357	1
2211	2.93748	387.794	1
2212	302.284	330.507	1
2213	49.243	328.466	1
2214	347.898	302.535	1
2215	254.635	316.675	1
2216	122.098	325.579	1
2217	15.4678	340.196	1
2218	48.7194	336	1
2219	141.535	302.667	1
2220	141.488	335.324	1
2221	57.5735	330.728	1
2222	69.8019	334.612	1
2223	388.611	321.014	1
2224	143.291	326.115	1
2225	34.1087	336.259	1
2226	326.961	302.551	1
2227	203.462	311.603	1
2228	369.193	334.357	1
2229	348.324	334.357	1
2230	327.287	334.451	1
2231	291.71	329.971	1
2232	35.1939	328.794	1
2233	238.775	331.089	1
2234	257.89	333.874	1
2235	174.715	313.665	1
2236	217.938	327.797	1
2237	32.522	306.268	1
2238	15.2596	387.391	1
2239	38.8045	339.601	1
2240	6.69123	374.082	1
2241	124.309	334.557	1
2242	137.748	334.586	1
2243	158.771	334.553	1
2244	124.394	303.381	1
2245	47.0885	328.97	1
2246	10.6452	376.635	1
2247	137.844	303.384	1
2248	427.436	324.656	1
2249	34.6556	366.496	1
2250	427.462	312.248	1
2251	27.0175	341.862	1
2252	59.9794	306.442	1
2253	120.783	335.275	1
2254	67.3157	337.402	1
2255	158.552	302.753	1
2256	367.078	311.634	1
2257	7.22919	360.024	1
2258	58.436	338.153	1
2259	223.321	311.617	1
2260	416.981	312.827	1
2261	120.79	302.715	1
2262	54.19	336.85	1
2263	30.7153	360.375	1
2264	79.6074	311.912	1
2265	346.16	311.664	1
2266	79.3678	327.334	1
2267	411.684	311.41	1
2268	31.5446	343.723	1
2269	19.1685	310.162	1
2270	314.63	322.892	1
2271	139.727	326.105	1
2272	381.981	307.399	1
2273	424.206	316.053	1
2274	261.414	311.448	1
2275	33.6412	340.281	1
2276	325.243	311.694	1
2277	10.8388	368.185	1
2278	27.5321	338.5	1
2279	67.7463	331.536	1
2280	259.62	325.411	1
2281	2.30799	354.25	1
2282	45.8471	306.266	1
2283	279.086	306.356	1
2284	282.473	311.308	1
2285	394.655	326.481	1
2286	18.389	382.995	1
2287	299.025	321.32	1
2288	306.033	321.737	1
2289	239.399	325.862	1
2290	18.2129	320.118	1
2291	285.409	321.208	1
2292	266.401	334.166	1
2293	29.5085	371.891	1
2294	287.82	302.965	1
2295	80.9459	331.297	1
2296	162.432	335.53	1
2297	372.855	333.661	1
2298	352.113	333.817	1
2299	331.227	333.826	1
2300	14.2465	351.593	1
2301	65.6015	328.128	1
2302	31.518	345.486	1
2303	33.1476	326.738	1
2304	22.2641	325.413	1
2305	64.5865	333.676	1
2306	241.634	311.68	1
2307	392.57	317.179	1
2308	261.23	334.722	1
2309	69.1328	321.764	1
2310	20.1808	333.923	1
2311	31.1835	375.224	1
2312	10.6576	318.168	1
2313	61.9198	308.103	1
2314	367.422	325.103	1
2315	346.552	325.106	1
2316	2.40074	315.496	1
2317	325.785	325.056	1
2318	16.8021	347.264	1
2319	370.692	311.704	1
2320	285.231	324.409	1
2321	59.0178	335.527	1
2322	57.248	333.312	1
2323	416.84	302.618	1
2324	162.549	302.81	1
2325	142.083	331.572	1
2326	36.0617	350.751	1
2327	6.9402	324.367	1
2328	44.0579	302.451	1
2329	28.6102	352.801	1
2330	34.0137	323.285	1
2331	120.207	331.578	1
2332	61.9843	302.676	1
2333	292.345	310.939	1
2334	29.8318	302.295	1
2335	372.692	303.165	1
2336	141.667	306.495	1
2337	15.7404	344.21	1
2338	25.7205	310.634	1
2339	416.909	334.277	1
2340	120.78	306.523	1
2341	351.826	303.012	1
2342	26.1476	358.022	1
2343	370.942	325.343	1
2344	350.098	325.569	1
2345	111.09	319.035	1
2346	329.227	325.571	1
2347	26.9369	329.439	1
2348	24.7932	322.727	1
2349	31.4051	356.59	1
2350	26.4778	359.475	1
2351	330.864	303.012	1
2352	8.64298	346.705	1
2353	277.222	326.645	1
2354	88.4349	302.869	1
2355	9.79453	325.987	1
2356	274.085	329.776	1
2357	45.3957	337.546	1
2358	27.3258	336.416	1
2359	17.3886	378.103	1
2360	221.486	302.631	1
2361	268.042	326.857	1
2362	421.546	312.354	1
2363	24.1557	338.403	1
2364	379.234	302.613	1
2365	408.833	325.342	1
2366	247.336	320.943	1
2367	20.1385	326.937	1
2368	7.24391	310.775	1
2369	61.0083	321.514	1
2370	93.307	302.946	1
2371	24.4228	334.293	1
2372	2.79226	302.793	1
2373	272.147	334.393	1
2374	30.9448	319.764	1
2375	34.2265	356.745	1
2376	46.7787	326.502	1
2377	30.2609	311.087	1
2378	240.053	302.645	1
2379	16.4296	381.885	1
2380	34.5056	371.543	1
2381	416.168	327.412	1
2382	57.4268	328.026	1
2383	217.838	302.673	1
2384	34.9877	363.403	1
2385	6.78865	333.082	1
2386	94.504	318.436	1
2387	282.174	334.708	1
2388	292.721	302.811	1
2389	93.0425	334.947	1
2390	349.538	311.514	1
2391	29.5363	343.61	1
2392	18.4233	362.368	1
2393	36.3482	334.066	1
2394	36.9894	340.779	1
2395	47.4526	335.296	1
2396	2.27582	361.056	1
2397	118.725	326.05	1
2398	37.801	346.031	1
2399	40.4088	340.598	1
2400	272.239	308.171	1
2401	288.042	308.583	1
2402	379.435	334.396	1
2403	412.817	315.928	1
2404	34.0371	330.154	1
2405	47.1505	338.189	1
2406	40.2748	327.573	1
2407	308.001	331.146	1
2408	35.0307	309.69	1
2409	24.1403	327.775	1
2410	47.2156	323.281	1
2411	41.1672	337.05	1
2412	31.6789	351.817	1
2413	328.572	311.497	1
2414	50.746	336.655	1
2415	179.945	326.242	1
2416	393.601	311.592	1
2417	11.7551	351.309	1
2418	188.01	319.535	1
2419	266.766	320.704	1
2420	63.5184	337.987	1
2421	20.8695	344.258	1
2422	54.0468	327.852	1
2423	368.837	330.939	1
2424	347.968	330.94	1
2425	421.073	329.812	1
2426	327.065	330.923	1
2427	195.196	320.936	1
2428	243.666	302.649	1
2429	5.90822	307.52	1
2430	31.95	328.061	1
2431	156.175	321.386	1
2432	214.102	316.815	1
2433	76.8881	308.867	1
2434	24.3948	353.394	1
2435	75.6947	325.487	1
2436	408.717	311.595	1
2437	421.064	307.097	1
2438	285.963	316.103	1
2439	11.73	332.871	1
2440	273.908	321.154	1
2441	87.0675	317.283	1
2442	43.6762	333.822	1
2443	167.55	316.659	1
2444	6.48338	362.181	1
2445	180.141	316.467	1
2446	44.6181	324.535	1
2447	368.484	306.359	1
2448	347.667	306.278	1
2449	193.566	328.476	1
2450	26.32	324.796	1
2451	50.3378	332.621	1
2452	99.2197	326.106	1
2453	326.601	306.366	1
2454	32.9489	347.087	1
2455	299.565	334.781	1
2456	391.543	306.331	1
2457	74.9821	313.12	1
2458	168.591	321.859	1
2459	40.8036	329.142	1
2460	64.7068	320.996	1
2461	28.335	359.619	1
2462	391.283	334.224	1
2463	222.818	317	1
2464	183.139	321.921	1
2465	9.67933	370.524	1
2466	18.7164	366.996	1
2467	300.739	324.477	1
2468	290.811	323.966	1
2469	23.4641	302.72	1
2470	31.4289	355.452	1
2471	50.5771	306.509	1
2472	6.65362	302.747	1
2473	391.574	330.75	1
2474	31.5407	341.895	1
2475	13.14	329.242	1
2476	31.0397	386.285	1
2477	35.0734	347.084	1
2478	52.4192	335.077	1
2479	274.352	315.68	1
2480	71.0485	332.785	1
2481	5.82703	320.037	1
2482	17.4372	364.686	1
2483	391.539	302.947	1
2484	38.5516	335.555	1
2485	421.744	324.734	1
2486	298.403	329.985	1
2487	72.3004	337.226	1
2488	55.3138	322.367	1
2489	183.347	311.927	1
2490	43.6183	338.392	1
2491	35.2614	342.199	1
2492	59.0634	327.569	1
2493	32.1967	324.696	1
2494	10.7994	387.59	1
2495	10.1406	321.206	1
2496	9.15512	334.286	1
2497	11.5778	372.229	1
2498	44.0291	321.7	1
2499	177.698	323.677	1
2500	14.8093	367.448	1
2501	206.869	321.685	1
2502	35.0138	334.023	1
2503	52.6661	337.419	1
2504	42.9413	314.821	1
2505	49.7708	329.904	1
2506	48.56	337.109	1
2507	208.211	308.939	1
2508	11.4115	360.929	1
2509	70.2576	325.855	1
2510	37.07	339.457	1
2511	26.6643	364.905	1
2512	202.53	317.129	1
2513	411.55	325.425	1
2514	23.1225	329.404	1
2515	316.07	334.369	1
2516	30.4083	327.69	1
2517	17.8879	387.448	1
2518	9.23817	337.005	1
2519	19.6007	305.479	1
2520	27.5718	345.633	1
2521	211.675	319.117	1
2522	239.904	306.359	1
2523	61.4395	336.164	1
2524	282.527	324.73	1
2525	82.4314	315.762	1
2526	35.1272	345.151	1
2527	159.846	331.182	1
2528	123.507	331.186	1
2529	24.4451	306.077	1
2530	221.619	306.381	1
2531	42.5065	326.758	1
2532	88.6011	328.372	1
2533	160.537	307.136	1
2534	13.2712	336.743	1
2535	271.37	318.841	1
2536	39.1455	319.867	1
2537	55.4951	311.918	1
2538	376.892	313.371	1
2539	33.0367	363.052	1
2540	227.072	321.468	1
2541	93.1347	308.672	1
2542	387.703	329.974	1
2543	82.2028	302.174	1
2544	26.6055	361.906	1
2545	25.3184	341.074	1
2546	22.1037	351.793	1
2547	387.913	306.975	1
2548	39.593	341.305	1
2549	37.5343	346.785	1
2550	405.416	320.985	1
2551	35.6299	354.48	1
2552	35.5994	352.547	1
2553	53.0631	330.988	1
2554	97.1425	323.581	1
2555	34.5417	350.036	1
2556	179.574	335.637	1
2557	53.366	302.459	1
2558	296.002	322.623	1
2559	30.989	362.382	1
2560	85.4922	336.13	1
2561	57.9324	324.538	1
2562	243.699	306.899	1
2563	252.69	308.683	1
2564	88.3931	309.571	1
2565	5.97281	387.933	1
2566	5.42558	378.287	1
2567	222.947	322.563	1
2568	390.161	325.588	1
2569	19.5702	354.172	1
2570	62.8294	330.166	1
2571	335.102	313.411	1
2572	306.335	310.023	1
2573	40.5859	315.5	1
2574	36.8053	348.655	1
2575	343.352	302.696	1
2576	185.438	314.511	1
2577	127.176	321.681	1
2578	231.907	318.885	1
2579	395.229	316.589	1
2580	28.4087	369.161	1
2581	122.603	322.683	1
2582	16.5846	361.271	1
2583	31.5454	349.91	1
2584	16.3525	313.064	1
2585	396.147	321.098	1
2586	298.857	302.11	1
2587	116.166	323.238	1
2588	29.5797	341.879	1
2589	34.6398	313.399	1
2590	149.824	308.659	1
2591	27.1341	353.087	1
2592	7.54653	355.604	1
2593	36.9749	343.132	1
2594	40.75	339.037	1
2595	218.029	306.482	1
2596	26.1962	347.951	1
2597	180.041	302.061	1
2598	364.42	302.96	1
2599	31.9406	338.205	1
2600	356.012	313.487	1
2601	107.836	328.775	1
2602	64.0562	315.886	1
2603	43.163	336.64	1
2604	351.294	306.765	1
2605	35.3228	360.655	1
2606	330.348	306.766	1
2607	37.5516	306.45	1
2608	215.832	322.876	1
2609	377.851	305.175	1
2610	112.964	308.509	1
2611	39.4536	343.102	1
2612	20.7432	323.028	1
2613	8.35375	349.074	1
2614	48.7436	326.41	1
2615	67.9492	320.006	1
2616	34.1043	354.92	1
2617	303.919	319.126	1
2618	282.801	329.497	1
2619	35.4219	324.693	1
2620	74.7496	334.334	1
2621	200.662	335.855	1
2622	32.193	373.73	1
2623	44.8257	335.578	1
2624	26.2428	370.117	1
2625	37.7749	329.084	1
2626	297.119	310.641	1
2627	20.0893	315.149	1
2628	99.628	302.186	1
2629	66.1864	313.101	1
2630	383.081	331.433	1
2631	5.10136	328.84	1
2632	22.1799	349.027	1
2633	343.847	334.287	1
2634	236.024	322.581	1
2635	364.716	334.287	1
2636	309.324	323.259	1
2637	300.344	315.753	1
2638	17.9633	333.276	1
2639	35.214	361.561	1
2640	366.204	330.721	1
2641	29.2485	355.018	1
2642	99.6976	335.894	1
2643	378.05	331.922	1
2644	345.335	330.722	1
2645	323.85	330.274	1
2646	252.226	318.405	1
2647	35.1203	339.838	1
2648	34.4284	317.089	1
2649	220.933	335.592	1
2650	82.4105	333.054	1
2651	23.6475	355.808	1
2652	31.7993	358.55	1
2653	51.8963	336.563	1
2654	89.902	335.763	1
2655	21.6419	377.181	1
2656	13.6845	355.231	1
2657	57.5333	318.489	1
2658	315.472	302.513	1
2659	150.77	318.89	1
2660	36.4866	349.368	1
2661	62.2621	328.254	1
2662	294.919	309.31	1
2663	24.4746	343.433	1
2664	107.711	309.028	1
2665	91.8678	318.534	1
2666	32.9193	370.757	1
2667	50.4534	337.699	1
2668	23.8163	309.289	1
2669	359.94	306.583	1
2670	18.8928	346.513	1
2671	129.667	306.674	1
2672	36.9225	337.556	1
2673	339.371	306.415	1
2674	270.901	302.036	1
2675	146.036	302.956	1
2676	23.4716	383.018	1
2677	26.4686	386.445	1
2678	150.589	331.343	1
2679	24.5867	318.533	1
2680	38.4124	322.858	1
2681	241.236	335.229	1
2682	132.076	318.838	1
2683	336.343	330.448	1
2684	357.213	330.447	1
2685	7.57714	322.012	1
2686	278.58	331.555	1
2687	57.709	335.022	1
2688	132.427	331.334	1
2689	145.966	335.167	1
2690	34.527	345.762	1
2691	59.4268	317.089	1
2692	366.775	322.421	1
2693	345.905	322.427	1
2694	325.035	322.433	1
2695	2.19585	322.99	1
2696	32.4895	354.758	1
2697	164.19	322.228	1
2698	170.045	308.562	1
2699	31.5723	340.241	1
2700	201.032	302.239	1
2701	252.646	330.778	1
2702	212.052	331.326	1
2703	232.496	331.086	1
2704	38.8449	343.921	1
2705	22.4764	340.164	1
2706	64.1401	335.339	1
2707	33.7178	360.412	1
2708	219.439	325.828	1
2709	312.93	316.452	1
2710	31.6305	365.3	1
2711	24.1265	357.997	1
2712	410.78	334.933	1
2713	25.362	346.381	1
2714	30.2734	330.802	1
2715	14.9444	330.808	1
2716	65.05	311.18	1
2717	115.004	316.264	1
2718	173.991	302.621	1
2719	372.253	306.657	1
2720	39.2447	314.137	1
2721	10.4357	342.298	1
2722	119.465	316.733	1
2723	97.6852	331.852	1
2724	136.395	322.798	1
2725	27.3431	306.13	1
2726	162.77	306.452	1
2727	126.017	317.031	1
2728	362.622	321.202	1
2729	282.27	320.307	1
2730	341.753	321.206	1
2731	34.776	375.55	1
2732	27.7114	326.327	1
2733	388.1	334.518	1
2734	398.923	310.392	1
2735	52.0567	333.378	1
2736	190.67	301.981	1
2737	14.3437	312.201	1
2738	33.201	351.057	1
2739	35.9413	351.562	1
2740	31.8129	347.394	1
2741	65.3645	324.17	1
2742	410.761	302.231	1
2743	14.5126	347.988	1
2744	22.7465	381	1
2745	34.9272	367.779	1
2746	138.54	331.348	1
2747	60.0764	311.49	1
2748	116.081	302.545	1
2749	72.6726	328.759	1
2750	52.6927	314.153	1
2751	281.423	301.912	1
2752	116.44	335.642	1
2753	311.528	321.313	1
2754	262.508	316.347	1
2755	310.513	311.662	1
2756	162.536	331.375	1
2757	173.844	335.538	1
2758	260.43	302.194	1
2759	388.236	302.579	1
2760	165.781	302.014	1
2761	53.6424	310.301	1
2762	258.341	331.037	1
2763	36.4393	336.208	1
2764	147.124	322.668	1
2765	6.32295	366.896	1
2766	11.9482	363.969	1
2767	124.033	306.36	1
2768	52.4355	328.596	1
2769	57.6174	301.818	1
2770	35.6652	304.856	1
2771	261.32	330.443	1
2772	188.686	329.388	1
2773	33.1513	315.598	1
2774	37.6385	326.91	1
2775	393.064	324.462	1
2776	165.805	336.069	1
2777	21.8957	346.034	1
2778	2.28645	365.788	1
2779	21.6548	336.942	1
2780	30.4977	321.682	1
2781	412.689	330.811	1
2782	324.028	335.018	1
2783	190.768	320.079	1
2784	76.3535	320.521	1
2785	372.292	330.463	1
2786	351.443	330.475	1
2787	330.569	330.475	1
2788	242.136	317.069	1
2789	144.929	332.187	1
2790	19.1768	344.678	1
2791	232.307	302.018	1
2792	138.194	306.285	1
2793	24.1608	360.144	1
2794	15.4339	373.98	1
2795	14.7493	302.397	1
2796	31.5176	348.94	1
2797	46.2618	308.419	1
2798	81.0922	306.804	1
2799	14.8703	361.954	1
2800	152.076	301.96	1
2801	210.8	335.94	1
2802	45.6711	338.339	1
2803	337.353	301.936	1
2804	10.3135	309.836	1
2805	151.968	336.137	1
2806	323.582	302.043	1
2807	92.622	331.629	1
2808	131.098	301.868	1
2809	231.094	335.736	1
2810	294.871	314.458	1
2811	358.333	301.867	1
2812	110.281	302.183	1
2813	70.2449	328.573	1
2814	131.065	336.14	1
2815	29.7886	337.847	1
2816	12.3943	315.465	1
2817	17.3846	327.74	1
2818	251.377	335.377	1
2819	105.9	320.531	1
2820	26.7813	363.329	1
2821	27.5493	367.231	1
2822	110.198	336.092	1
2823	84.9219	305.657	1
2824	59.9335	338.323	1
2825	70.3732	306.266	1
2826	21.4414	310.965	1
2827	13.157	368.454	1
2828	358.687	335.092	1
2829	337.817	335.092	1
2830	399.894	330.71	1
2831	194.065	309.398	1
2832	29.6912	366.362	1
2833	181.923	331.122	1
2834	2.13941	385.557	1
2835	66.8595	309.43	1
2836	73.0369	306.16	1
2837	15.5206	316.535	1
2838	10.9886	345.953	1
2839	229.233	302.044	1
2840	177.871	332.921	1
2841	30.9094	352.388	1
2842	86.7753	322.451	1
2843	8.4732	314.067	1
2844	138.642	323.849	1
2845	251.947	306.233	1
2846	158.261	305.661	1
2847	415.459	315.033	1
2848	108.732	324.17	1
2849	24.3816	374.071	1
2850	175.321	316.141	1
2851	32.6019	357.949	1
2852	61.714	331.57	1
2853	168.167	313.203	1
2854	211.504	301.83	1
2855	403.13	313.313	1
2856	374.778	321.615	1
2857	29.6583	350.017	1
2858	353.964	321.59	1
2859	21.6961	360.644	1
2860	328.387	316.199	1
2861	228.856	310.259	1
2862	333.096	321.59	1
2863	383.19	305.407	1
2864	42.8863	332.897	1
2865	23.8227	351.865	1
2866	32.1796	330.137	1
2867	34.3669	343.774	1
2868	66.7904	335.927	1
2869	349.262	316.203	1
2870	35.307	357.536	1
2871	38.242	341.947	1
2872	238.149	323.606	1
2873	288.645	321.308	1
2874	13.3087	360.487	1
2875	2.60316	331.902	1
2876	27.7306	376.956	1
2877	178.642	305.913	1
2878	98.6133	315.971	1
2879	189.448	306.347	1
2880	370.136	316.208	1
2881	259.976	320.498	1
2882	206.168	313.63	1
2883	190.417	335.823	1
2884	55.1729	316.203	1
2885	215.904	328.829	1
2886	33.2854	338.591	1
2887	69.2044	337.565	1
2888	74.396	321.957	1
2889	363.709	316.502	1
2890	44.9119	333.39	1
2891	54.2728	324.431	1
2892	112.36	331.678	1
2893	36.0744	346.566	1
2894	342.857	316.568	1
2895	35.687	353.596	1
2896	249.952	301.903	1
2897	296.399	305.544	1
2898	33.5285	352.767	1
2899	65.2465	305.976	1
2900	30.4774	357.573	1
2901	142.759	316.824	1
2902	322.021	316.6	1
2903	19.9045	360.589	1
2904	91.3874	323.858	1
2905	26.2227	345.488	1
2906	136.911	311.707	1
2907	204.752	309.031	1
2908	64.0618	327.379	1
2909	48.1714	333.807	1
2910	53.4339	318.207	1
2911	217.956	323.768	1
2912	100.51	330.999	1
2913	314.537	308.706	1
2914	25.4991	355.688	1
2915	309.39	301.793	1
2916	29.2305	336.089	1
2917	424.601	301.902	1
2918	42.0144	324.883	1
2919	92.4028	306.424	1
2920	424.602	335.084	1
2921	209.671	306.257	1
2922	427.866	335.088	1
2923	60.2595	328.833	1
2924	45.6734	334.346	1
2925	385.521	327.315	1
2926	427.864	301.906	1
2927	182.236	335.697	1
2928	200.655	331.02	1
2929	34.9716	338.434	1
2930	76.4048	330.746	1
2931	36.2479	320.261	1
2932	209.165	331.395	1
2933	59.6793	330.668	1
2934	403.604	328.051	1
2935	100.755	306.58	1
2936	212.685	306.475	1
2937	142.116	321.295	1
2938	17.8487	343.644	1
2939	128.676	313.014	1
2940	47.3321	337.311	1
2941	365.4	305.98	1
2942	47.3223	330.36	1
2943	23.0994	320.573	1
2944	48.6903	305.123	1
2945	145.039	306.023	1
2946	2.29238	381.222	1
2947	21.1864	387.586	1
2948	226.63	313.095	1
2949	319.384	312.684	1
2950	229.464	331.14	1
2951	110.676	313.88	1
2952	44.8943	316.364	1
2953	220.788	330.739	1
2954	2.33133	369.352	1
2955	150.441	306.249	1
2956	2.02659	305.114	1
2957	10.833	353.044	1
2958	36.6386	342.108	1
2959	95.2487	316.123	1
2960	80.7448	321.365	1
2961	301.412	318.704	1
2962	288.653	306.373	1
2963	129.548	331.251	1
2964	27.2707	320.643	1
2965	17.9992	370.65	1
2966	249.729	330.866	1
2967	21.7163	332.674	1
2968	153.483	331.254	1
2969	132.762	306.325	1
2970	419.423	313.311	1
2971	77.2654	337.301	1
2972	153.68	306.396	1
2973	340.182	312.776	1
2974	14.0416	332.423	1
2975	378.37	318.92	1
2976	27.8115	309.889	1
2977	145.969	312.047	1
2978	357.623	318.825	1
2979	54.9455	332.219	1
2980	187.306	322.001	1
2981	43.5976	310.229	1
2982	385.787	311.27	1
2983	35.2223	364.381	1
2984	336.793	318.807	1
2985	78.6629	309.757	1
2986	243.076	322.966	1
2987	51.401	316.896	1
2988	47.2562	349.003	2
2989	55.1332	347.837	2
2990	136.17	353.753	2
2991	151.661	353.133	2
2992	42.836	353.202	2
2993	166.477	351.876	2
2994	63.9477	347.646	2
2995	180.616	352.308	2
2996	193.131	351.094	2
2997	205.973	350.452	2
2998	40.9221	357.586	2
2999	72.6672	347.289	2
3000	217.758	349.444	2
3001	42.4916	348.216	2
3002	45.6712	344.59	2
3003	49.9892	344.348	2
3004	229.432	348.435	2
3005	82.5851	348.308	2
3006	125.587	348.825	2
3007	239.525	347.927	2
3008	92.3197	348.072	2
3009	102.56	348.162	2
3010	115.864	347.857	2
3011	249.641	347.165	2
3012	144.298	359.064	2
3013	40.2219	361.795	2
3014	143.843	347.788	2
3015	259.179	346.551	2
3016	130.237	360.844	2
3017	159.519	358.289	2
3018	158.724	347.141	2
3019	53.8951	343.454	2
3020	58.4517	344.388	2
3021	267.64	345.723	2
3022	173.393	357.376	2
3023	172.799	346.705	2
3024	40.2438	349.687	2
3025	186.791	356.54	2
3026	39.67	354.167	2
3027	39.9631	365.991	2
3028	275.846	345.151	2
3029	42.3025	345.408	2
3030	186.344	346.243	2
3031	199.416	355.185	2
3032	199.389	346.121	2
3033	134	346.098	2
3034	67.8957	344.176	2
3035	283.539	344.697	2
3036	328.302	344.105	2
3037	211.849	345.627	2
3038	47.5003	342.54	2
3039	212.261	354.575	2
3040	291.387	344.945	2
3041	320.356	344.347	2
3042	311.625	344.597	2
3043	301.46	344.663	2
3044	152.129	360.575	2
3045	151.404	345.469	2
3046	77.5861	344.082	2
3047	137.53	362.027	2
3048	109.347	350.783	2
3049	339.133	344.581	2
3050	51.7222	352.687	2
3051	59.9439	351.818	2
3052	223.367	353.966	2
3053	166.726	358.584	2
3054	43.4036	343.16	2
3055	165.877	346.429	2
3056	222.888	344.392	2
3057	68.4022	351.994	2
3058	40.8465	370.277	2
3059	346.25	343.697	2
3060	64.0754	343.161	2
3061	180.423	357.643	2
3062	234.206	343.999	2
3063	179.781	345.063	2
3064	234.465	352.673	2
3065	77.3183	351.214	2
3066	40.5235	347.224	2
3067	351.615	343.529	2
3068	38.5384	359.504	2
3069	87.0437	344.561	2
3070	126.605	355.709	2
3071	194.155	357.636	2
3072	110.634	344.246	2
3073	121.97	344.191	2
3074	44.923	341.926	2
3075	192.726	344.548	2
3076	356.797	343.399	2
3077	244.29	344.038	2
3078	87.6666	352.05	2
3079	120.539	352.497	2
3080	244.84	351.055	2
3081	38.6256	356.634	2
3082	205.636	357.403	2
3083	98.153	352.488	2
3084	40.9762	377.957	2
3085	205.411	344.168	2
3086	97.4529	344.521	2
3087	51.3299	348.079	2
3088	364.138	343.141	2
3089	38.6635	352.122	2
3090	51.3199	342.183	2
3091	47.158	353.695	2
3092	253.992	343.101	2
3093	217.339	343.226	2
3094	254.436	350.318	2
3095	218.239	355.478	2
3096	142.155	353.47	2
3097	72.4195	343.038	2
3098	371.318	342.844	2
3099	157.716	352.738	2
3100	82.3012	343.577	2
3101	263.433	349.223	2
3102	59.5453	347.913	2
3103	139.995	343.501	2
3104	228.08	343.057	2
3105	377.972	342.594	2
3106	126.6	365.016	2
3107	229.277	354.228	2
3108	262.948	342.972	2
3109	128.985	343.644	2
3110	306.5	342.333	2
3111	296.248	342.365	2
3112	172.441	352.131	2
3113	425.314	341.562	2
3114	131.306	351.962	2
3115	384.571	342.328	2
3116	333.141	346.382	2
3117	239.989	353.183	2
3118	271.51	342.089	2
3119	238.861	342.669	2
3120	105.088	343.148	2
3121	44.6033	350.59	2
3122	271.92	348.645	2
3123	92.3235	342.993	2
3124	138.39	349.439	2
3125	47.7028	346.064	2
3126	147.425	363.274	2
3127	187.83	351.337	2
3128	92.6603	353.137	2
3129	56.0772	342.145	2
3130	40.7286	382.119	2
3131	142.271	363.957	2
3132	104.588	353.066	2
3133	81.9861	353.21	2
3134	114.498	352.819	2
3135	146.482	343.187	2
3136	391.657	342.222	2
3137	64.0688	352.198	2
3138	37.7655	354.703	2
3139	398.093	341.993	2
3140	116.668	342.971	2
3141	44.3422	346.409	2
3142	60.9773	342.241	2
3143	147.072	355.069	2
3144	133.216	364.935	2
3145	55.8399	351.786	2
3146	38.4944	363.064	2
3147	156.816	362.675	2
3148	200.868	350.561	2
3149	316.346	347.193	2
3150	404.652	341.835	2
3151	249.955	352.12	2
3152	249.091	342.182	2
3153	156.187	342.983	2
3154	411.551	341.818	2
3155	315.805	342.058	2
3156	280.031	348.076	2
3157	72.7709	352.11	2
3158	418.219	341.699	2
3159	38.5953	350.231	2
3160	39.1618	348.496	2
3161	67.9749	348.729	2
3162	162.342	362.257	2
3163	148.422	349.452	2
3164	40.5747	345.315	2
3165	125.566	359.85	2
3166	279.511	341.847	2
3167	46.7784	341.432	2
3168	134.105	357.946	2
3169	306.939	347.212	2
3170	41.7121	343.862	2
3171	297.055	347.287	2
3172	139.346	357.48	2
3173	210.778	350.116	2
3174	161.233	342.977	2
3175	38.7687	369.364	2
3176	170.91	361.506	2
3177	39.2768	374.472	2
3178	52.4341	345.838	2
3179	170.219	342.716	2
3180	49.0834	341.896	2
3181	258.336	341.226	2
3182	61.4367	345.424	2
3183	324.343	347.309	2
3184	287.269	347.456	2
3185	176.131	361.134	2
3186	334.058	341.512	2
3187	324.31	341.575	2
3188	287.298	341.766	2
3189	154.877	356.793	2
3190	154.518	349.056	2
3191	259.172	351.057	2
3192	162.503	354.886	2
3193	175.122	341.956	2
3194	163.079	348.905	2
3195	183.147	342.643	2
3196	221.907	349.735	2
3197	184.407	360.476	2
3198	56.6759	344.787	2
3199	189.619	360.097	2
3200	341.566	346.706	2
3201	53.7497	341.734	2
3202	168.959	355.961	2
3203	42.3616	350.463	2
3204	40.7147	351.933	2
3205	168.433	348.925	2
3206	58.329	341.143	2
3207	175.033	353.901	2
3208	196.999	359.263	2
3209	188.868	342.502	2
3210	196.301	342.197	2
3211	37.5766	358.462	2
3212	341.154	340.67	2
3213	76.4113	347.957	2
3214	268.181	350.705	2
3215	176.968	348.38	2
3216	267.098	340.79	2
3217	202.602	358.954	2
3218	201.89	342.084	2
3219	210.122	359.002	2
3220	107.085	347.465	2
3221	41.6926	355.239	2
3222	348.297	346.673	2
3223	43.5242	364.234	2
3224	182.897	354.933	2
3225	65.9172	341.645	2
3226	43.2143	359.311	2
3227	235.46	348.251	2
3228	182.698	347.924	2
3229	348.095	340.584	2
3230	37.513	360.606	2
3231	190.245	354.484	2
3232	44.7346	355.126	2
3233	208.877	342.015	2
3234	69.8236	341.83	2
3235	190.067	347.96	2
3236	197.907	352.612	2
3237	355.138	346.499	2
3238	125.381	342.166	2
3239	130.981	355.95	2
3240	43.409	342.008	2
3241	75.4139	341.911	2
3242	101.42	342.136	2
3243	213.53	341.762	2
3244	275.901	349.908	2
3245	37.878	353.266	2
3246	275.477	340.876	2
3247	149.241	358.389	2
3248	195.54	347.72	2
3249	214.753	357.77	2
3250	42.941	368.443	2
3251	37.8772	365.993	2
3252	134.386	341.641	2
3253	361.904	346.304	2
3254	86.0403	347.66	2
3255	355.07	340.371	2
3256	203.714	353.501	2
3257	130.624	347.187	2
3258	220.494	341.528	2
3259	49.635	350.532	2
3260	246.01	347.423	2
3261	292.838	340.976	2
3262	329.977	341.015	2
3263	117.803	354.088	2
3264	361.776	340.33	2
3265	101.086	353.857	2
3266	134.697	349.999	2
3267	310.25	340.777	2
3268	368.07	345.1	2
3269	303.029	340.927	2
3270	293.268	348.006	2
3271	303.5	348.005	2
3272	43.9477	344.933	2
3273	203.046	347.835	2
3274	207.957	347.056	2
3275	208.505	353.446	2
3276	53.5459	349.735	2
3277	221.682	356.924	2
3278	328.595	349.174	2
3279	112.31	348.022	2
3280	96.257	347.619	2
3281	43.6194	374.016	2
3282	44.7148	348.66	2
3283	152.92	365.271	2
3284	47.9286	341.384	2
3285	225.116	341.402	2
3286	213.241	348.155	2
3287	79.9322	341.536	2
3288	122.656	347.654	2
3289	368.221	341.611	2
3290	57.3335	354.735	2
3291	54.3173	354.711	2
3292	283.816	348.991	2
3293	374.827	344.869	2
3294	226.966	356.687	2
3295	215.772	352.642	2
3296	311.66	349.487	2
3297	151.817	340.735	2
3298	122.992	354.551	2
3299	139.059	365.648	2
3300	62.1291	354.945	2
3301	143.072	341.857	2
3302	231.3	341.13	2
3303	320.819	340.486	2
3304	283.256	340.826	2
3305	61.9339	349.831	2
3306	46.2755	343.474	2
3307	47.3561	344.364	2
3308	374.576	341.166	2
3309	85.8225	341.247	2
3310	319.672	348.045	2
3311	381.402	344.378	2
3312	388.389	343.582	2
3313	75.0572	355.022	2
3314	253.454	346.965	2
3315	109.326	354.746	2
3316	49.4452	346.717	2
3317	38.6883	371.976	2
3318	237.114	355.229	2
3319	37.2025	356.609	2
3320	129.888	367.049	2
3321	39.4221	346.662	2
3322	232.345	355.465	2
3323	113.766	341.275	2
3324	65.4712	345.32	2
3325	336.615	347.503	2
3326	183.66	351.173	2
3327	421.73	342.999	2
3328	70.5861	345.31	2
3329	219.963	352.418	2
3330	74.5954	345.043	2
3331	166.593	364.16	2
3332	219.803	346.312	2
3333	45.9706	347.254	2
3334	394.878	343.867	2
3335	427.805	340.151	2
3336	89.5265	341.367	2
3337	337.605	340.418	2
3338	162.977	357.858	2
3339	225.742	350.025	2
3340	401.474	343.811	2
3341	79.5613	346.893	2
3342	145.156	351.306	2
3343	165.986	340.523	2
3344	85.3125	354.583	2
3345	408.253	343.323	2
3346	66.3517	354.294	2
3347	51.7137	343.946	2
3348	70.5603	354.283	2
3349	414.92	343.171	2
3350	235.927	341.123	2
3351	57.943	346.18	2
3352	40.505	359.84	2
3353	78.6301	354.526	2
3354	226.968	346.282	2
3355	89.5038	354.774	2
3356	70.6296	349.746	2
3357	41.1552	348.589	2
3358	264.403	346.003	2
3359	380.706	340.46	2
3360	52.4294	341.036	2
3361	57.5372	349.761	2
3362	241.627	341.035	2
3363	38.8664	380.088	2
3364	42.0132	346.823	2
3365	125.641	352.071	2
3366	95.7163	354.777	2
3367	42.0896	342.951	2
3368	180.207	362.993	2
3369	243.282	354.307	2
3370	344.355	347.312	2
3371	62.7705	341.456	2
3372	247.409	353.795	2
3373	140.857	360.719	2
3374	43.3127	357.052	2
3375	49.7826	354.859	2
3376	230.561	345.207	2
3377	95.5152	341.413	2
3378	151.301	356.556	2
3379	45.6406	341.02	2
3380	232.177	349.787	2
3381	176.63	357.95	2
3382	180.14	341.017	2
3383	299.121	340.433	2
3384	108.294	341.624	2
3385	43.0711	380.311	2
3386	37.9865	351.004	2
3387	55.0292	340.975	2
3388	38.3111	349.176	2
3389	119.617	341.543	2
3390	37.409	364.39	2
3391	344.529	340.476	2
3392	119.333	347.043	2
3393	125.444	345.471	2
3394	84.643	350.882	2
3395	114.411	345.001	2
3396	123.967	362.715	2
3397	386.895	339.995	2
3398	237.683	350.922	2
3399	44.8054	343.399	2
3400	79.7701	349.873	2
3401	196.521	355.868	2
3402	89.3572	346.622	2
3403	165.726	354.854	2
3404	52.659	342.744	2
3405	40.6814	344.196	2
3406	193.545	360.969	2
3407	245.764	340.933	2
3408	351.714	346.256	2
3409	37.0185	359.447	2
3410	251.591	340.601	2
3411	193.54	341.117	2
3412	40.6345	363.963	2
3413	271.015	345.581	2
3414	37.4875	367.855	2
3415	351.639	340.789	2
3416	38.5748	376.987	2
3417	84.305	345.766	2
3418	241.02	344.934	2
3419	39.9848	355.845	2
3420	131.04	341.011	2
3421	207.322	359.887	2
3422	394.294	340.227	2
3423	124.28	367.382	2
3424	159.799	364.459	2
3425	54.4497	345.473	2
3426	44.924	352.58	2
3427	358.551	346.414	2
3428	401.012	340.157	2
3429	407.717	339.91	2
3430	37.0979	361.795	2
3431	133.806	361.418	2
3432	117.619	350.568	2
3433	100.751	350.891	2
3434	253.14	353.193	2
3435	300.174	348.348	2
3436	160.129	350.049	2
3437	94.5219	345.34	2
3438	67.8879	340.799	2
3439	237.324	345.525	2
3440	48.8979	343.46	2
3441	204.481	340.952	2
3442	414.583	339.839	2
3443	241.643	350.518	2
3444	44.1431	341.394	2
3445	90.7514	350.967	2
3446	128.57	358.515	2
3447	65.6801	349.737	2
3448	99.5882	346.778	2
3449	313.828	339.748	2
3450	53.3619	347.493	2
3451	46.8143	351.275	2
3452	158.925	340.97	2
3453	59.991	340.921	2
3454	51.0158	340.876	2
3455	178.974	354.728	2
3456	257.016	352.646	2
3457	358.436	340.191	2
3458	49.1371	348.429	2
3459	145.254	365.523	2
3460	94.8103	350.813	2
3461	255.521	340.266	2
3462	137.803	340.946	2
3463	428.051	342.25	2
3464	139.17	352.179	2
3465	141.633	350.196	2
3466	146.784	346.384	2
3467	364.895	346.384	2
3468	39.5461	350.978	2
3469	39.121	358.094	2
3470	247.875	349.917	2
3471	135.575	366.905	2
3472	261.059	340.181	2
3473	304.704	344.862	2
3474	173.456	363.218	2
3475	38.8144	347.484	2
3476	149.587	365.471	2
3477	56.6662	340.817	2
3478	38.5646	361.608	2
3479	174.245	349.622	2
3480	71.8028	340.532	2
3481	294.526	344.855	2
3482	217.633	340.411	2
3483	39.6809	345.614	2
3484	172.189	340.744	2
3485	36.8953	357.639	2
3486	37.0086	355.498	2
3487	331.485	348.825	2
3488	290.1	348.563	2
3489	37.5973	352.032	2
3490	155.349	359.998	2
3491	148.357	340.689	2
3492	326.613	339.659	2
3493	279.034	345.088	2
3494	155.3	346.262	2
3495	187.675	361.984	2
3496	137.364	346.261	2
3497	42.632	344.238	2
3498	41.1007	353.243	2
3499	421.557	339.771	2
3500	217.533	358.43	2
3501	251.102	344.366	2
3502	144.15	355.913	2
3503	247.555	344.912	2
3504	140.838	346.9	2
3505	251.585	349.645	2
3506	161.756	346.036	2
3507	270.731	351.36	2
3508	198.185	348.742	2
3509	264.484	339.92	2
3510	371.56	345.891	2
3511	365.762	339.638	2
3512	214.158	344.815	2
3513	49.7672	340.793	2
3514	105.561	349.897	2
3515	331.819	343.931	2
3516	261.903	351.553	2
3517	193.59	353.913	2
3518	151.318	350.03	2
3519	256.759	345.366	2
3520	128.113	340.564	2
3521	102.334	345.125	2
3522	106.232	355.3	2
3523	112.622	355.341	2
3524	74.205	349.752	2
3525	77.5158	340.949	2
3526	127.58	361.875	2
3527	227.774	340.113	2
3528	43.2411	383.756	2
3529	83.1072	341.113	2
3530	257.166	348.819	2
3531	43.5138	370.93	2
3532	38.3224	382.783	2
3533	43.5281	377.096	2
3534	185.966	340.784	2
3535	144.665	362.116	2
3536	170.521	358.576	2
3537	289.381	339.762	2
3538	158.888	360.817	2
3539	128.359	352.752	2
3540	199.935	360.879	2
3541	157.76	355.478	2
3542	154.896	353.732	2
3543	169.894	345.811	2
3544	133.391	354.048	2
3545	378.198	345.537	2
3546	371.745	339.872	2
3547	61.6944	347.294	2
3548	242.758	347.639	2
3549	265.471	351.859	2
3550	148.947	352.413	2
3551	175.664	345.526	2
3552	273.614	350.895	2
3553	98.6178	341.082	2
3554	39.7777	352.649	2
3555	324.979	344.583	2
3556	40.54	368.015	2
3557	308.637	344.429	2
3558	260.51	348.817	2
3559	286.679	344.438	2
3560	298.477	344.31	2
3561	259.455	343.624	2
3562	230.117	357.101	2
3563	80.1387	344.443	2
3564	131.807	343.916	2
3565	143.502	344.936	2
3566	226.662	353.292	2
3567	158.653	344.292	2
3568	231.45	352.668	2
3569	63.3294	345.369	2
3570	186.092	353.684	2
3571	123.803	357.641	2
3572	43.4425	349.471	2
3573	185.831	349.156	2
3574	103.835	340.416	2
3575	296.076	339.555	2
3576	163.405	351.826	2
3577	314.648	344.587	2
3578	269.664	339.868	2
3579	60.3032	344.045	2
3580	130.68	363.696	2
3581	306.533	339.441	2
3582	36.836	354.622	2
3583	165.835	349.453	2
3584	390.245	339.636	2
3585	216.289	347.015	2
3586	314.998	349.625	2
3587	46.3998	345.635	2
3588	201.896	345.075	2
3589	183.556	345.365	2
3590	317.568	344.734	2
3591	120.382	355.281	2
3592	115.385	355.65	2
3593	342.831	343.907	2
3594	183.895	358.207	2
3595	103.448	355.644	2
3596	335.395	344.054	2
3597	240.477	355.819	2
3598	54.8643	342.416	2
3599	65.8966	343.42	2
3600	37.0003	363.083	2
3601	171.842	354.934	2
3602	211.116	340.273	2
3603	169.246	352.697	2
3604	384.856	345.106	2
3605	48.668	340.66	2
3606	173.498	360.174	2
3607	377.247	339.814	2
3608	322.569	349.244	2
3609	265.856	343.303	2
3610	132.896	367.73	2
3611	339.385	348.342	2
3612	228.779	351.464	2
3613	137.087	359.214	2
3614	37.5417	373.667	2
3615	397.199	339.356	2
3616	37.0396	353.77	2
3617	285.809	339.477	2
3618	128.086	346.344	2
3619	238.324	339.947	2
3620	266.313	348.414	2
3621	190.662	357.444	2
3622	383.667	339.437	2
3623	42.088	366.217	2
3624	37.5543	375.243	2
3625	145.564	340.421	2
3626	112.329	350.968	2
3627	172.648	343.91	2
3628	196.632	345.115	2
3629	126.922	367.797	2
3630	212.838	351.856	2
3631	403.913	339.252	2
3632	189.053	345.348	2
3633	47.7195	356.078	2
3634	41.1647	346.228	2
3635	51.7158	350.33	2
3636	48.8324	345.093	2
3637	92.619	340.303	2
3638	59.6943	345.805	2
3639	224.136	357.707	2
3640	317.157	339.744	2
3641	169.98	363.837	2
3642	61.4227	340.645	2
3643	334.322	349.001	2
3644	177.593	351.302	2
3645	90.0847	344.298	2
3646	92.6667	355.854	2
3647	59.3166	342.634	2
3648	325.576	349.414	2
3649	156.385	365.283	2
3650	107.626	344.822	2
3651	269.01	343.256	2
3652	162.501	340.605	2
3653	179.977	349.122	2
3654	269.313	348.25	2
3655	156.792	350.027	2
3656	98.4346	355.4	2
3657	136.548	356.428	2
3658	150.278	362.643	2
3659	41.4621	344.753	2
3660	62.1487	343.616	2
3661	69.8473	347.442	2
3662	116.862	340.358	2
3663	308.422	349.478	2
3664	44.1936	342.627	2
3665	199.074	340.751	2
3666	122.589	340.789	2
3667	38.3633	348.198	2
3668	272.956	339.723	2
3669	391.613	344.825	2
3670	39.6152	347.7	2
3671	202.663	355.833	2
3672	163.329	364.728	2
3673	37.8189	350.005	2
3674	37.0847	352.877	2
3675	142.557	366.594	2
3676	186.905	359.299	2
3677	427.906	338.449	2
3678	348.919	343.583	2
3679	43.2098	346.246	2
3680	278.521	339.647	2
3681	37.1302	369.364	2
3682	46.5989	340.595	2
3683	250.501	354.547	2
3684	190.984	340.675	2
3685	280.801	350.618	2
3686	330.121	346.46	2
3687	410.87	339.143	2
3688	131.656	358.66	2
3689	82.2653	355.813	2
3690	68.4765	355.744	2
3691	273.664	344.041	2
3692	38.9851	367.323	2
3693	39.9565	344.807	2
3694	398.281	344.701	2
3695	149.467	343.713	2
3696	204.832	360.513	2
3697	107.206	352.778	2
3698	128.88	349.877	2
3699	49.1627	352.74	2
3700	155.452	340.153	2
3701	41.1287	343.357	2
3702	117.115	345.428	2
3703	190.51	351.864	2
3704	42.3229	361.835	2
3705	208.944	356.078	2
3706	140.491	340.658	2
3707	295.565	349.551	2
3708	38.9127	364.741	2
3709	404.949	344.572	2
3710	43.388	351.5	2
3711	215.355	355.411	2
3712	248.499	339.667	2
3713	109.597	346.975	2
3714	141.944	357.345	2
3715	40.0396	384.691	2
3716	50.2777	343.053	2
3717	274.201	347.341	2
3718	212.713	359.445	2
3719	177.169	340.385	2
3720	136.71	343.689	2
3721	67.9372	346.381	2
3722	55.5104	349.818	2
3723	182.872	362.796	2
3724	232.531	347.141	2
3725	186.115	343.543	2
3726	411.616	344.437	2
3727	135.837	364.186	2
3728	139.53	354.98	2
3729	223.962	347.17	2
3730	192.955	348.422	2
3731	417.826	339.044	2
3732	171.304	349.409	2
3733	169.317	340.19	2
3734	354.294	343.458	2
3735	418.283	344.297	2
3736	209.027	344.692	2
3737	37.8842	357.488	2
3738	64.2945	340.746	2
3739	42.5743	342.18	2
3740	425.111	344.091	2
3741	39.2396	349.466	2
3742	206.858	340.4	2
3743	45.2663	345.764	2
3744	199.98	358.076	2
3745	59.4953	349.964	2
3746	114.524	350.047	2
3747	38.7705	355.288	2
3748	139.929	363.088	2
3749	176.959	363.594	2
3750	110.731	340.391	2
3751	79.7006	352.273	2
3752	201.144	353.29	2
3753	81.8639	345.872	2
3754	41.1736	350.378	2
3755	425.358	338.989	2
3756	57.4087	342.769	2
3757	41.2705	375.677	2
3758	103.347	350.551	2
3759	40.0704	348.579	2
3760	287.708	350.046	2
3761	261.655	346.198	2
3762	305.667	349.683	2
3763	67.6382	342.564	2
3764	203.408	350.609	2
3765	199.178	343.517	2
3766	428.061	344.489	2
3767	332.276	339.595	2
3768	88.4906	349.34	2
3769	323.913	338.974	2
3770	277.127	342.887	2
3771	72.5782	345.14	2
3772	277.195	347.702	2
3773	168.254	361.362	2
3774	278.16	350.651	2
3775	98.6071	349.397	2
3776	258.194	339.078	2
3777	164.147	343.307	2
3778	190.519	362.515	2
3779	38.8718	353.198	2
3780	200.677	347.667	2
3781	46.0117	342.3	2
3782	45.8453	349.48	2
3783	289.609	342.633	2
3784	195.591	350.303	2
3785	36.6981	358.505	2
3786	313.231	342.353	2
3787	317.592	349.718	2
3788	47.5678	340.565	2
3789	66.1011	347.491	2
3790	164.604	361.34	2
3791	61.8155	352.197	2
3792	153.271	343.219	2
3793	118.981	344.127	2
3794	123.114	359.998	2
3795	322.452	346.177	2
3796	206.116	354.223	2
3797	37.9002	355.81	2
3798	146.338	357.837	2
3799	50.7041	345.605	2
3800	149.536	347.076	2
3801	313.197	347.019	2
3802	282.111	346.205	2
3803	154.107	362.484	2
3804	53.7006	340.57	2
3805	37.3554	370.757	2
3806	73.8108	340.586	2
3807	208.425	350.945	2
3808	297.832	349.894	2
3809	210.409	347.546	2
3810	69.6915	343.674	2
3811	225.403	344.46	2
3812	44.747	340.897	2
3813	44.251	366.698	2
3814	211.426	343.197	2
3815	326.816	346.704	2
3816	147.008	360.61	2
3817	220.131	343.864	2
3818	183.25	339.992	2
3819	310.08	347.037	2
3820	281.205	343.725	2
3821	160.272	353.121	2
3822	53.7753	351.511	2
3823	123.005	350.827	2
3824	222.729	340.148	2
3825	220.583	354.748	2
3826	326.836	342.187	2
3827	56.2195	346.4	2
3828	57.142	347.808	2
3829	197.21	361.857	2
3830	100.134	344.484	2
3831	104.71	346.449	2
3832	69.942	340.156	2
3833	40.2622	346.256	2
3834	42.1249	349.424	2
3835	39.3844	360.638	2
3836	72.6629	355.592	2
3837	220.033	358.7	2
3838	51.9671	355.741	2
3839	123.297	365.193	2
3840	66.1257	352.056	2
3841	212.358	357.047	2
3842	53	344.589	2
3843	167.54	343.241	2
3844	106.114	340.238	2
3845	132.068	349.308	2
3846	64.3327	355.624	2
3847	285.316	342.241	2
3848	335.186	339.331	2
3849	205.703	348.016	2
3850	58.0148	351.767	2
3851	281.161	339.326	2
3852	59.8247	354.214	2
3853	70.5907	352.033	2
3854	137.016	351.343	2
3855	284.858	346.502	2
3856	82.0235	350.632	2
3857	318.341	342.274	2
3858	234.77	356.558	2
3859	41.2026	372.891	2
3860	360.267	343.296	2
3861	111.414	353.017	2
3862	322.793	343.534	2
3863	233.675	339.796	2
3864	288.821	345.484	2
3865	38.5912	354.124	2
3866	55.5618	343.507	2
3867	215.18	349.823	2
3868	181.948	360.351	2
3869	153.837	351.196	2
3870	47.6683	347.536	2
3871	43.7729	347.663	2
3872	256.697	342.776	2
3873	177.72	342.871	2
3874	149.621	355.024	2
3875	161.473	359.958	2
3876	91.8453	345.518	2
3877	178.716	360.611	2
3878	146.014	348.881	2
3879	341.808	348.948	2
3880	42.0224	351.745	2
3881	120.63	349.718	2
3882	75.0153	352.361	2
3883	157.174	358.221	2
3884	153.025	358.296	2
3885	215.347	340.161	2
3886	368.961	338.888	2
3887	300.755	342.218	2
3888	160.487	355.958	2
3889	40.9329	380.108	2
3890	41.4247	347.629	2
3891	152.497	347.666	2
3892	260.018	353.226	2
3893	50.2928	341.76	2
3894	39.6843	357.059	2
3895	84.5686	343.516	2
3896	236.469	343.355	2
3897	59.0688	370.664	3
3898	68.9589	369.035	3
3899	79.0205	367.754	3
3900	91.3896	366.403	3
3901	100.222	366.066	3
3902	109.926	364.989	3
3903	53.8815	376.258	3
3904	64.235	374.476	3
3905	63.4074	365.19	3
3906	52.879	364.78	3
3907	85.5081	369.691	3
3908	74.7016	372.332	3
3909	73.7828	363.889	3
3910	115.372	366.159	3
3911	86.5691	363.911	3
3912	59.2879	377.037	3
3913	95.6855	369.02	3
3914	51.6895	370.805	3
3915	105.391	367.616	3
3916	95.1281	363.552	3
3917	69.544	374.721	3
3918	68.2988	363.223	3
3919	58.1856	363.138	3
3920	80.543	372.375	3
3921	105.763	362.529	3
3922	80.8443	363.045	3
3923	90.267	370.815	3
3924	50.3724	379.761	3
3925	64.8144	369.483	3
3926	113.152	362.493	3
3927	89.6328	362.412	3
3928	100.899	369.642	3
3929	99.3869	360.766	3
3930	75.3748	368.571	3
3931	117.718	362.421	3
3932	50.5563	362.573	3
3933	112.292	367.695	3
3934	56.0618	379.566	3
3935	82.4073	366.376	3
3936	62.5857	378.01	3
3937	49.9414	374.481	3
3938	77.1533	362.228	3
3939	56.8463	373.838	3
3940	108.736	368.337	3
3941	49.9492	367.564	3
3942	109.098	361.391	3
3943	93.2451	371.131	3
3944	55.0321	361.351	3
3945	77.8452	374.235	3
3946	67.1894	376.897	3
3947	64.7801	361.589	3
3948	60.5481	373.46	3
3949	56.5963	366.577	3
3950	87.3681	366.821	3
3951	72.7078	375.865	3
3952	67.204	372.064	3
3953	61.3568	368.242	3
3954	66.7103	366.363	3
3955	102.9	361.054	3
3956	85.5096	373.209	3
3957	71.4708	361.428	3
3958	61.1209	361.652	3
3959	77.7064	370.936	3
3960	103.501	364.721	3
3961	71.082	371.924	3
3962	98.0527	371.066	3
3963	117.826	368.065	3
3964	92.5586	360.875	3
3965	70.5219	365.82	3
3966	55.6227	370.138	3
3967	104.072	370.018	3
3968	94.235	366.16	3
3969	76.4352	365.614	3
3970	83.3808	361.244	3
3971	96.9388	366.168	3
3972	53.4833	381.361	3
3973	48.7067	377.156	3
3974	53.6402	373.123	3
3975	82.2892	369.302	3
3976	115.061	368.67	3
3977	59.7987	379.936	3
3978	92.0157	364.027	3
3979	112.821	364.631	3
3980	48.6027	370.25	3
3981	107.069	365.025	3
3982	87.1041	360.901	3
3983	118.21	365.307	3
3984	96.1076	360.703	3
3985	102.649	367.494	3
3986	59.999	365.431	3
3987	69.8617	377.56	3
3988	88.8578	373.183	3
3989	48.8906	382.337	3
3990	72.0863	368.916	3
3991	98.3595	368.393	3
3992	106.64	370.094	3
3993	62.0299	371.168	3
3994	82.5449	374.524	3
3995	68.3643	360.414	3
3996	74.2996	360.827	3
3997	75.6652	375.901	3
3998	56.5194	376.675	3
3999	92.5378	368.583	3
4000	79.3868	360.583	3
4001	95.5967	371.944	3
4002	58.1146	360.355	3
4003	53.3473	367.973	3
4004	48.8043	364.646	3
4005	89.2848	365.043	3
4006	115.407	360.659	3
4007	61.6642	375.746	3
4008	91.3493	372.702	3
4009	55.6732	363.961	3
4010	106	359.981	3
4011	87.9304	371.042	3
4012	100.882	363.305	3
4013	110.854	369.816	3
4014	52.9383	378.819	3
4015	83.3732	364.07	3
4016	118.69	360.285	3
4017	65.7992	364.091	3
4018	79.1721	365.003	3
4019	67.0431	374.539	3
4020	89.5097	368.31	3
4021	52.2034	360.514	3
4022	98.111	363.427	3
4023	48.6949	360.723	3
4024	111.955	360.485	3
4025	83.279	371.82	3
4026	89.463	359.934	3
4027	115.369	363.588	3
4028	84.868	366.96	3
4029	51.1681	377.295	3
4030	111.39	362.798	3
4031	80.0984	375.321	3
4032	113.369	370.049	3
4033	79.8982	370.062	3
4034	51.1883	382.402	3
4035	73.3751	366.643	3
4036	58.5287	368.21	3
4037	64.9779	378.873	3
4038	119.371	369.578	3
4039	2.19571	392.652	4
4040	428.307	349	4
4041	119.379	373.228	4
4042	113.344	373.75	4
4043	116.344	373.5	4
4044	110.471	373.911	4
4045	122.742	372.825	4
4046	428.26	347.117	4
4047	325.292	354	4
4048	287.708	354	4
4049	107.447	374.318	4
4050	391.652	348.979	4
4051	395.006	348.871	4
4052	398.362	348.767	4
4053	405.016	348.611	4
4054	401.686	348.692	4
4055	408.368	348.512	4
4056	415.016	348.361	4
4057	411.687	348.441	4
4058	418.368	348.262	4
4059	425.469	348.112	4
4060	421.716	348.167	4
4061	315.042	354	4
4062	321.875	354	4
4063	294.542	354	4
4064	308.208	354	4
4065	291.125	354	4
4066	311.625	354	4
4067	318.458	354	4
4068	297.958	354	4
4069	301.375	354	4
4070	304.792	354	4
4071	92.499	376.75	4
4072	95.4512	376.292	4
4073	98.4433	375.799	4
4074	101.442	375.3	4
4075	104.403	374.836	4
4076	1.36711	393.845	4
4077	31.2462	390.273	4
4078	17.8447	391.636	4
4079	5.06439	392.455	4
4080	8.18182	392.318	4
4081	14.572	391.909	4
4082	11.4287	392.068	4
4083	34.3904	390.097	4
4084	21.2727	391.227	4
4085	27.9735	390.545	4
4086	24.6347	390.876	4
4087	338.457	353.211	4
4088	348.404	352.421	4
4089	331.825	353.737	4
4090	341.773	352.947	4
4091	385.026	349.395	4
4092	388.341	349.15	4
4093	335.141	353.474	4
4094	345.089	352.684	4
4095	328.625	353.868	4
4096	351.868	352.026	4
4097	358.5	351.5	4
4098	355.184	351.763	4
4099	361.841	351.215	4
4100	368.447	350.711	4
4101	365.136	350.97	4
4102	371.738	350.469	4
4103	375.1	350.166	4
4104	381.735	349.636	4
4105	378.402	349.914	4
4106	89.4403	377.351	4
4107	204.225	365.213	4
4108	183.9	367.08	4
4109	163.327	369.16	4
4110	126.203	372.427	4
4111	129.488	372.211	4
4112	132.869	371.909	4
4113	136.266	371.591	4
4114	139.665	371.272	4
4115	143.065	370.952	4
4116	146.465	370.632	4
4117	149.865	370.312	4
4118	153.265	369.992	4
4119	156.665	369.672	4
4120	160.065	369.352	4
4121	197.5	365.8	4
4122	187.271	366.787	4
4123	190.724	366.418	4
4124	200.888	365.489	4
4125	194.104	366.116	4
4126	166.727	368.84	4
4127	180.471	367.427	4
4128	176.998	367.814	4
4129	173.56	368.169	4
4130	170.158	368.491	4
4131	254.577	358.125	4
4132	257.91	357.667	4
4133	264.414	356.903	4
4134	274.333	355.604	4
4135	281	354.687	4
4136	277.667	355.146	4
4137	271.041	356.024	4
4138	284.34	354.267	4
4139	267.751	356.442	4
4140	261.108	357.336	4
4141	251	358.812	4
4142	230.757	361.792	4
4143	210.757	364.542	4
4144	237.423	360.875	4
4145	217.423	363.625	4
4146	224.09	362.708	4
4147	207.555	364.862	4
4148	220.757	363.167	4
4149	234.09	361.333	4
4150	247.527	359.403	4
4151	214.09	364.083	4
4152	227.423	362.25	4
4153	240.757	360.417	4
4154	244.137	359.914	4
4155	37.6206	389.683	4
4156	44.7552	388.097	4
4157	50.3088	387.157	4
4158	40.5418	389.262	4
4159	83.4769	378.629	4
4160	86.2719	378.116	4
4161	63.6786	383.679	4
4162	73.7143	380.929	4
4163	47.5821	387.614	4
4164	54.516	385.803	4
4165	60.9483	384.157	4
4166	66.4089	383.2	4
4167	70.6197	381.772	4
4168	76.5357	380.536	4
4169	79.266	380.057	4
4170	56.7786	385.499	4


