### nodes (vertices)
0	0	300	1
1	430	300	1
2	36	392	5
3	91	379	5
4	109	376	5
5	206	367	5
6	286	356	5
7	327	356	5
8	390	351	5
9	46	390	5
10	121	375	5
11	0	395	5
12	430	350	5
13	46	358	2
14	121	358	2
15	36	388	1
16	46	386	2
17	91	375	4
18	109	372	4
19	206	363	2
20	286	352	2
21	327	352	2
22	390	347	2
23	430	346	2
24	121	371	2
25	0	391	1
26	91	350	1
27	91	358	2
28	430	341	2
29	430	337	1
30	270	337	1
31	199	338	1
32	36	358	1
33	46	352	1
34	46	373	2
35	91	367	3
36	109	366	3
37	121	365	2
38	0	309.45	1
39	0	318.409	1
40	0	326.903	1
41	0	334.956	1
42	0	342.591	1
43	0	349.83	1
44	0	356.692	1
45	0	363.198	1
46	0	369.367	1
47	0	375.215	1
48	0	380.76	1
49	0	386.016	1
50	0	393.45	5
51	1.89474	394.842	5
52	3.78947	394.684	5
53	5.68421	394.526	5
54	7.57895	394.368	5
55	9.47368	394.211	5
56	11.3684	394.053	5
57	13.2632	393.895	5
58	15.1579	393.737	5
59	17.0526	393.579	5
60	18.9474	393.421	5
61	20.8421	393.263	5
62	22.7368	393.105	5
63	24.6316	392.947	5
64	26.5263	392.789	5
65	28.4211	392.632	5
66	30.3158	392.474	5
67	32.2105	392.316	5
68	34.1053	392.158	5
69	37.7162	391.657	5
70	39.8743	391.225	5
71	42.5878	390.682	5
72	50.4443	388.914	5
73	54.6253	387.892	5
74	58.5585	386.93	5
75	62.2586	386.026	5
76	65.7395	385.175	5
77	69.0141	384.374	5
78	72.0947	383.621	5
79	74.9927	382.913	5
80	77.719	382.246	5
81	80.2837	381.62	5
82	82.6965	381.03	5
83	84.9663	380.475	5
84	87.1015	379.953	5
85	89.1103	379.462	5
86	92.8	378.7	5
87	94.6	378.4	5
88	96.4	378.1	5
89	98.2	377.8	5
90	100	377.5	5
91	101.8	377.2	5
92	103.6	376.9	5
93	105.4	376.6	5
94	107.2	376.3	5
95	111.059	375.828	5
96	113.649	375.613	5
97	116.905	375.341	5
98	125.727	374.555	5
99	130.296	374.125	5
100	134.713	373.709	5
101	138.983	373.308	5
102	143.11	372.919	5
103	147.099	372.544	5
104	150.955	372.181	5
105	154.683	371.83	5
106	158.286	371.491	5
107	161.769	371.163	5
108	165.135	370.846	5
109	168.39	370.54	5
110	171.535	370.244	5
111	174.576	369.958	5
112	177.516	369.681	5
113	180.357	369.413	5
114	183.103	369.155	5
115	185.758	368.905	5
116	188.324	368.664	5
117	190.805	368.43	5
118	193.203	368.204	5
119	195.521	367.986	5
120	197.761	367.775	5
121	199.927	367.572	5
122	202.02	367.375	5
123	204.044	367.184	5
124	207.951	366.732	5
125	209.902	366.463	5
126	211.854	366.195	5
127	213.805	365.927	5
128	215.756	365.659	5
129	217.707	365.39	5
130	219.659	365.122	5
131	221.61	364.854	5
132	223.561	364.585	5
133	225.512	364.317	5
134	227.463	364.049	5
135	229.415	363.78	5
136	231.366	363.512	5
137	233.317	363.244	5
138	235.268	362.976	5
139	237.22	362.707	5
140	239.171	362.439	5
141	241.122	362.171	5
142	243.073	361.902	5
143	245.024	361.634	5
144	246.976	361.366	5
145	248.927	361.098	5
146	250.878	360.829	5
147	252.829	360.561	5
148	254.78	360.293	5
149	256.732	360.024	5
150	258.683	359.756	5
151	260.634	359.488	5
152	262.585	359.22	5
153	264.537	358.951	5
154	266.488	358.683	5
155	268.439	358.415	5
156	270.39	358.146	5
157	272.341	357.878	5
158	274.293	357.61	5
159	276.244	357.341	5
160	278.195	357.073	5
161	280.146	356.805	5
162	282.098	356.537	5
163	284.049	356.268	5
164	287.952	356	5
165	289.905	356	5
166	291.857	356	5
167	293.81	356	5
168	295.762	356	5
169	297.714	356	5
170	299.667	356	5
171	301.619	356	5
172	303.571	356	5
173	305.524	356	5
174	307.476	356	5
175	309.429	356	5
176	311.381	356	5
177	313.333	356	5
178	315.286	356	5
179	317.238	356	5
180	319.19	356	5
181	321.143	356	5
182	323.095	356	5
183	325.048	356	5
184	328.969	355.844	5
185	330.938	355.688	5
186	332.906	355.531	5
187	334.875	355.375	5
188	336.844	355.219	5
189	338.812	355.062	5
190	340.781	354.906	5
191	342.75	354.75	5
192	344.719	354.594	5
193	346.687	354.438	5
194	348.656	354.281	5
195	350.625	354.125	5
196	352.594	353.969	5
197	354.562	353.812	5
198	356.531	353.656	5
199	358.5	353.5	5
200	360.469	353.344	5
201	362.437	353.188	5
202	364.406	353.031	5
203	366.375	352.875	5
204	368.344	352.719	5
205	370.312	352.562	5
206	372.281	352.406	5
207	374.25	352.25	5
208	376.219	352.094	5
209	378.187	351.938	5
210	380.156	351.781	5
211	382.125	351.625	5
212	384.094	351.469	5
213	386.062	351.312	5
214	388.031	351.156	5
215	392	350.95	5
216	394	350.9	5
217	396	350.85	5
218	398	350.8	5
219	400	350.75	5
220	402	350.7	5
221	404	350.65	5
222	406	350.6	5
223	408	350.55	5
224	410	350.5	5
225	412	350.45	5
226	414	350.4	5
227	416	350.35	5
228	418	350.3	5
229	420	350.25	5
230	422	350.2	5
231	424	350.15	5
232	426	350.1	5
233	428	350.05	5
234	430	348.45	5
235	430	332.469	1
236	430	327.383	1
237	430	321.674	1
238	430	315.266	1
239	430	308.073	1
240	420	300	1
241	410	300	1
242	400	300	1
243	390	300	1
244	380	300	1
245	370	300	1
246	360	300	1
247	350	300	1
248	340	300	1
249	330	300	1
250	320	300	1
251	310	300	1
252	300	300	1
253	290	300	1
254	280	300	1
255	270	300	1
256	260	300	1
257	250	300	1
258	240	300	1
259	230	300	1
260	220	300	1
261	210	300	1
262	200	300	1
263	190	300	1
264	180	300	1
265	170	300	1
266	160	300	1
267	150	300	1
268	140	300	1
269	130	300	1
270	120	300	1
271	110	300	1
272	100	300	1
273	90	300	1
274	80	300	1
275	70	300	1
276	60	300	1
277	50	300	1
278	40	300	1
279	30	300	1
280	20	300	1
281	10	300	1
282	4.5	390.625	1
283	9	390.25	1
284	13.5	389.875	1
285	18	389.5	1
286	22.5	389.125	1
287	27	388.75	1
288	31.5	388.375	1
289	39.4122	387.318	2
290	42.1257	386.775	2
291	44.2838	386.343	2
292	119.286	371.143	4
293	117.571	371.286	4
294	115.857	371.429	4
295	114.143	371.571	4
296	112.429	371.714	4
297	110.714	371.857	4
298	107.2	372.3	4
299	105.4	372.6	4
300	103.6	372.9	4
301	101.8	373.2	4
302	100	373.5	4
303	98.2	373.8	4
304	96.4	374.1	4
305	94.6	374.4	4
306	92.8	374.7	4
307	89.125	375.458	4
308	87.25	375.917	4
309	85.375	376.375	4
310	83.5	376.833	4
311	81.625	377.292	4
312	79.75	377.75	4
313	77.875	378.208	4
314	76	378.667	4
315	74.125	379.125	4
316	72.25	379.583	4
317	70.375	380.042	4
318	68.5	380.5	4
319	66.625	380.958	4
320	64.75	381.417	4
321	62.875	381.875	4
322	61	382.333	4
323	59.125	382.792	4
324	57.25	383.25	4
325	55.375	383.708	4
326	53.5	384.167	4
327	51.625	384.625	4
328	49.75	385.083	4
329	47.875	385.542	4
330	122.977	370.814	2
331	124.953	370.628	2
332	126.93	370.442	2
333	128.907	370.256	2
334	130.884	370.07	2
335	132.86	369.884	2
336	134.837	369.698	2
337	136.814	369.512	2
338	138.791	369.326	2
339	140.767	369.14	2
340	142.744	368.953	2
341	144.721	368.767	2
342	146.698	368.581	2
343	148.674	368.395	2
344	150.651	368.209	2
345	152.628	368.023	2
346	154.605	367.837	2
347	156.581	367.651	2
348	158.558	367.465	2
349	160.535	367.279	2
350	162.512	367.093	2
351	164.488	366.907	2
352	166.465	366.721	2
353	168.442	366.535	2
354	170.419	366.349	2
355	172.395	366.163	2
356	174.372	365.977	2
357	176.349	365.791	2
358	178.326	365.605	2
359	180.302	365.419	2
360	182.279	365.233	2
361	184.256	365.047	2
362	186.233	364.86	2
363	188.209	364.674	2
364	190.186	364.488	2
365	192.163	364.302	2
366	194.14	364.116	2
367	196.116	363.93	2
368	198.093	363.744	2
369	200.07	363.558	2
370	202.047	363.372	2
371	204.023	363.186	2
372	207.991	362.726	2
373	210.056	362.442	2
374	212.199	362.148	2
375	214.421	361.842	2
376	216.727	361.525	2
377	219.118	361.196	2
378	221.599	360.855	2
379	224.172	360.501	2
380	226.842	360.134	2
381	229.611	359.754	2
382	232.483	359.359	2
383	235.463	358.949	2
384	238.554	358.524	2
385	241.76	358.083	2
386	245.086	357.626	2
387	248.536	357.151	2
388	252.115	356.659	2
389	255.828	356.149	2
390	259.679	355.619	2
391	263.674	355.07	2
392	267.818	354.5	2
393	272.117	353.909	2
394	276.576	353.296	2
395	281.202	352.66	2
396	290.556	352	2
397	295.111	352	2
398	299.667	352	2
399	304.222	352	2
400	308.778	352	2
401	313.333	352	2
402	317.889	352	2
403	322.444	352	2
404	331.702	351.627	2
405	336.193	351.27	2
406	340.484	350.93	2
407	344.582	350.605	2
408	348.497	350.294	2
409	352.236	349.997	2
410	355.808	349.714	2
411	359.22	349.443	2
412	362.479	349.184	2
413	365.592	348.937	2
414	368.566	348.701	2
415	371.407	348.476	2
416	374.12	348.26	2
417	376.712	348.055	2
418	379.188	347.858	2
419	381.553	347.67	2
420	383.812	347.491	2
421	385.97	347.32	2
422	388.031	347.156	2
423	391.947	346.951	2
424	394.037	346.899	2
425	396.279	346.843	2
426	398.685	346.783	2
427	401.267	346.718	2
428	404.037	346.649	2
429	407.009	346.575	2
430	410.199	346.495	2
431	413.621	346.409	2
432	417.294	346.318	2
433	421.234	346.219	2
434	425.463	346.113	2
435	48.8504	358	2
436	51.6406	358	2
437	54.372	358	2
438	57.0456	358	2
439	59.6628	358	2
440	62.2247	358	2
441	64.7326	358	2
442	67.1875	358	2
443	69.5905	358	2
444	71.9428	358	2
445	74.2455	358	2
446	76.4995	358	2
447	78.706	358	2
448	80.8658	358	2
449	82.9801	358	2
450	85.0497	358	2
451	87.0756	358	2
452	89.0587	358	2
453	92.9192	358	2
454	95.0225	358	2
455	97.3276	358	2
456	99.854	358	2
457	102.623	358	2
458	105.657	358	2
459	108.983	358	2
460	112.628	358	2
461	116.622	358	2
462	95.9091	349.455	1
463	100.818	348.909	1
464	105.727	348.364	1
465	110.636	347.818	1
466	115.545	347.273	1
467	120.455	346.727	1
468	125.364	346.182	1
469	130.273	345.636	1
470	135.182	345.091	1
471	140.091	344.545	1
472	145	344	1
473	149.909	343.455	1
474	154.818	342.909	1
475	159.727	342.364	1
476	164.636	341.818	1
477	169.545	341.273	1
478	174.455	340.727	1
479	179.364	340.182	1
480	184.273	339.636	1
481	189.182	339.091	1
482	194.091	338.545	1
483	203.733	337.933	1
484	208.467	337.867	1
485	213.2	337.8	1
486	217.933	337.733	1
487	222.667	337.667	1
488	227.4	337.6	1
489	232.133	337.533	1
490	236.867	337.467	1
491	241.6	337.4	1
492	246.333	337.333	1
493	251.067	337.267	1
494	255.8	337.2	1
495	260.533	337.133	1
496	265.267	337.067	1
497	275	337	1
498	280	337	1
499	285	337	1
500	290	337	1
501	295	337	1
502	300	337	1
503	305	337	1
504	310	337	1
505	315	337	1
506	320	337	1
507	325	337	1
508	330	337	1
509	335	337	1
510	340	337	1
511	345	337	1
512	350	337	1
513	355	337	1
514	360	337	1
515	365	337	1
516	370	337	1
517	375	337	1
518	380	337	1
519	385	337	1
520	390	337	1
521	395	337	1
522	400	337	1
523	405	337	1
524	410	337	1
525	415	337	1
526	420	337	1
527	425	337	1
528	37.5062	354.833	1
529	39.9195	353.237	1
530	42.2125	352.447	1
531	44.242	352.093	1
532	36	383	1
533	36	378	1
534	36	373	1
535	36	368	1
536	36	363	1
537	48.0292	351.91	1
538	50.1956	351.814	1
539	52.5085	351.711	1
540	54.9779	351.601	1
541	57.6143	351.484	1
542	60.429	351.359	1
543	63.4342	351.225	1
544	66.6425	351.083	1
545	70.0679	350.93	1
546	73.725	350.768	1
547	77.6295	350.594	1
548	81.798	350.409	1
549	86.2485	350.211	1
550	50.5	372.4	3
551	55	371.8	3
552	59.5	371.2	3
553	64	370.6	3
554	68.5	370	3
555	73	369.4	3
556	77.5	368.8	3
557	82	368.2	3
558	86.5	367.6	3
559	95.5	366.75	3
560	100	366.5	3
561	104.5	366.25	3
562	113	365.667	3
563	117	365.333	3
564	46	383.769	2
565	46	380.963	2
566	46	377.436	2
567	46	368.504	2
568	46	364.547	2
569	46	361.065	2
570	121	368.675	2
571	121	361.5	2
572	43.732	325.916	1
573	67.5439	328.15	1
574	28.4662	337.549	1
575	91.0291	326.911	1
576	41.19	339.319	1
577	55.7095	336.908	1
578	17.7579	360.431	1
579	115.436	322.84	1
580	135.445	325.032	1
581	155.638	323.039	1
582	174.744	320.972	1
583	412.51	319.7	1
584	25.882	351.246	1
585	48.3696	343.048	1
586	18.6937	375.151	1
587	79.3953	336.336	1
588	194.404	317.82	1
589	215.107	318.928	1
590	234.235	318.713	1
591	253.524	318.24	1
592	67.8855	339.64	1
593	272.379	318.767	1
594	297.243	316.58	1
595	317.5	318.5	1
596	338.07	317.918	1
597	357.925	317.434	1
598	377.313	318.904	1
599	33.6953	346.839	1
600	395	319.173	1
601	26.1173	318.653	1
602	55.9759	344.338	1
603	42.4565	345.802	1
604	13.8963	342.847	1
605	100.611	334.248	1
606	10.2531	381.766	1
607	126.463	333.712	1
608	56.2421	315.705	1
609	146.114	331.666	1
610	165.751	329.485	1
611	185.397	327.391	1
612	205.954	326.044	1
613	17.7841	331.202	1
614	26.3087	366.687	1
615	224.87	326.004	1
616	262.737	325.513	1
617	243.803	325.78	1
618	10.5145	368.046	1
619	90.5439	338.321	1
620	287.5	325.216	1
621	307.743	326.937	1
622	327.257	326.937	1
623	347.257	326.937	1
624	367.18	325.704	1
625	78.6033	316.019	1
626	111.629	337.974	1
627	27.9883	380.691	1
628	48.1992	334.678	1
629	35.6089	331.583	1
630	26.755	359.266	1
631	101.962	315.468	1
632	46.8141	347.445	1
633	53.2377	327.404	1
634	61.6805	345.642	1
635	402.11	327.324	1
636	51.4952	347.465	1
637	10.4426	352.721	1
638	387.755	327.146	1
639	136.551	335.05	1
640	75.3121	343.076	1
641	420.124	327.578	1
642	144.449	315.17	1
643	127.657	315.712	1
644	156.207	333.048	1
645	195.768	328.964	1
646	175.844	330.868	1
647	276.699	328.123	1
648	215.434	328.363	1
649	38.3421	314.394	1
650	233.734	328.537	1
651	252.667	328.333	1
652	13.8116	315.92	1
653	83.6818	342.628	1
654	31.2256	354.137	1
655	163.745	313.28	1
656	283.852	312.585	1
657	39.8025	349.172	1
658	297.5	327.919	1
659	317.5	327.919	1
660	337.5	327.919	1
661	357.5	327.919	1
662	377.579	328.403	1
663	19.5201	382.178	1
664	203.792	313.655	1
665	419.737	311.705	1
666	68.1028	345.083	1
667	184.177	312.818	1
668	411.142	328.304	1
669	18.0883	352.412	1
670	26.7186	328.263	1
671	67.4169	316.275	1
672	18.5087	367.751	1
673	77.609	325.921	1
674	23.0396	344.117	1
675	367.758	313.626	1
676	347.678	313.395	1
677	327.678	313.395	1
678	307.237	313.539	1
679	97.4003	342.219	1
680	90.3137	314.242	1
681	9.83798	360.126	1
682	34.0833	339.027	1
683	224.431	309.914	1
684	403.773	311.359	1
685	62.9728	332.84	1
686	243.21	310.642	1
687	262.283	311.186	1
688	386.681	311.23	1
689	120.765	339.085	1
690	29.174	373.126	1
691	114.508	311.932	1
692	105.094	325.041	1
693	36.134	322.128	1
694	59.4174	339.793	1
695	35.4336	350.155	1
696	269.661	328.941	1
697	43.7219	348.77	1
698	41.2208	332.527	1
699	125.137	323.129	1
700	9.40427	334.834	1
701	6.91332	374.22	1
702	394.975	328.506	1
703	71.7426	332.785	1
704	6.84426	384.705	1
705	19.9476	336.207	1
706	47.0657	317.231	1
707	56.1667	347.572	1
708	37.6709	345.351	1
709	200.632	332.885	1
710	106.667	340.946	1
711	44.4482	342.048	1
712	173.787	310.948	1
713	60.2925	322.98	1
714	144.174	322.539	1
715	116.673	328.86	1
716	13.748	374.879	1
717	85.9313	331.674	1
718	422.249	317.557	1
719	28.2703	345.481	1
720	154.013	313.361	1
721	23.3421	356.568	1
722	15.2076	383.807	1
723	7.39911	345.787	1
724	53.1236	340.648	1
725	234.029	308.407	1
726	141.586	338.995	1
727	132.508	340.018	1
728	79.6094	346.063	1
729	7.47589	326.276	1
730	152.138	337.889	1
731	161.24	336.877	1
732	196.43	309.48	1
733	424.062	329.811	1
734	180.875	334.698	1
735	171.774	335.708	1
736	219.875	332.584	1
737	211.113	332.704	1
738	31.5844	364.425	1
739	191.434	333.585	1
740	23.5549	362.863	1
741	282.469	331.171	1
742	48.9988	349.307	1
743	276.45	307.447	1
744	230.105	332.715	1
745	238.931	331.287	1
746	20.9107	309.172	1
747	258.074	331.445	1
748	249.036	332.469	1
749	292.867	308.816	1
750	214.934	307.749	1
751	316.167	307.076	1
752	334.509	309.617	1
753	354.491	309.556	1
754	373.906	307.779	1
755	135.537	314.881	1
756	64.9186	347.656	1
757	283.041	319.778	1
758	163.331	322.17	1
759	89.2169	343.833	1
760	23.0064	372.952	1
761	94.9271	332.485	1
762	292.63	330.811	1
763	302.475	331.331	1
764	312.5	331.427	1
765	322.5	331.427	1
766	332.525	331.331	1
767	342.5	331.427	1
768	352.525	331.331	1
769	362.375	331.037	1
770	372.595	330.95	1
771	382.497	331.286	1
772	24.2432	384.363	1
773	126.199	339.696	1
774	252.882	309.521	1
775	29.2824	311.38	1
776	15.5117	379.245	1
777	30.7728	383.195	1
778	71.7308	347.026	1
779	84.5507	321.998	1
780	14.3197	364.409	1
781	404.615	319.206	1
782	45.2607	308.396	1
783	385.342	319.206	1
784	181.955	320.132	1
785	5.73969	379.652	1
786	73.3506	309.245	1
787	62.5874	309.072	1
788	57.6613	331.597	1
789	110.276	331.434	1
790	6.58997	364.336	1
791	263.991	331.292	1
792	395.188	311.632	1
793	417.211	331.82	1
794	97.7558	322.305	1
795	53.7882	349.231	1
796	31.4656	357.608	1
797	29.7242	349.327	1
798	64.7535	342.527	1
799	58.8904	348.7	1
800	46.9285	350.018	1
801	83.6465	308.388	1
802	37.3405	335.784	1
803	289.791	317.825	1
804	223.073	318.734	1
805	199.586	323.357	1
806	411.724	312.554	1
807	48.6765	329.346	1
808	52.5147	332.792	1
809	425.043	324.529	1
810	72.3372	337.785	1
811	14.4549	356.488	1
812	109.215	318.519	1
813	22.3701	378.416	1
814	111.637	343.596	1
815	241.245	318.501	1
816	47.8133	339.062	1
817	96.5506	308.296	1
818	407.239	331.324	1
819	51.8295	344.096	1
820	14.1714	348.479	1
821	44.9287	350.376	1
822	71.8034	321.823	1
823	19.1033	320.858	1
824	40.0089	342.908	1
825	21.6004	348.812	1
826	137.184	340.74	1
827	260.023	318.336	1
828	140.285	328.207	1
829	132.587	329.49	1
830	156.826	338.617	1
831	146.748	337.543	1
832	176.462	336.436	1
833	166.407	335.39	1
834	75.6014	347.505	1
835	186.038	333.247	1
836	5.89286	356.473	1
837	205.948	331.806	1
838	215.511	333.837	1
839	277.381	333.032	1
840	31.2504	377.435	1
841	224.945	331.705	1
842	234.44	333.215	1
843	244.594	331.956	1
844	253.357	333.096	1
845	387.5	332.531	1
846	287.52	332.24	1
847	347.456	332.739	1
848	327.456	332.739	1
849	307.544	332.739	1
850	367.43	332.338	1
851	152.142	327.713	1
852	8.48767	308.629	1
853	45.2697	345.068	1
854	159.502	327.713	1
855	402.5	332.651	1
856	196.121	334.132	1
857	31.2127	369.987	1
858	54.1916	307.678	1
859	106.807	308.428	1
860	33.2649	334.976	1
861	31.2501	342.5	1
862	179.291	325.476	1
863	171.32	326.362	1
864	42.58	350.377	1
865	27.2102	354.875	1
866	191.297	324.317	1
867	63.4385	338.358	1
868	48.5907	323.314	1
869	11.7265	386.29	1
870	301.538	310.732	1
871	16.1658	371.573	1
872	219.229	323.494	1
873	211.743	323.794	1
874	132.205	307.902	1
875	34.09	354.844	1
876	99.0407	328.66	1
877	61.9982	328.073	1
878	117.138	342.163	1
879	268.843	323.135	1
880	205.318	307.162	1
881	41.4455	320.056	1
882	230.352	323.133	1
883	249.767	323.421	1
884	119.924	317.625	1
885	71.1099	342.273	1
886	84.4428	337.135	1
887	293.761	323.349	1
888	301.533	323.391	1
889	321.267	323.729	1
890	313.713	323.76	1
891	341.385	323.555	1
892	360.966	323.58	1
893	333.532	323.612	1
894	353.452	323.546	1
895	373.731	323.734	1
896	237.598	323.931	1
897	44.2151	336.58	1
898	51.3001	349.846	1
899	79.805	340.801	1
900	102.56	344.409	1
901	363.597	307.287	1
902	343.597	307.287	1
903	324.923	307.221	1
904	272.721	332.937	1
905	67.4665	334.598	1
906	84.8443	346.785	1
907	37.9772	351.423	1
908	297.5	332.804	1
909	317.5	332.804	1
910	337.5	332.804	1
911	357.5	332.804	1
912	377.509	332.836	1
913	256.62	323.844	1
914	5.51894	339.565	1
915	93.3721	345.736	1
916	412.119	333.09	1
917	381.768	324.29	1
918	53.8619	346.468	1
919	150.825	320.935	1
920	4.72706	370.33	1
921	51.2263	337.465	1
922	122.62	329.073	1
923	54.3792	321.996	1
924	32.498	327.193	1
925	49.0356	345.913	1
926	56.3729	340.813	1
927	81.3656	331.791	1
928	37.3681	348.3	1
929	169.625	317.747	1
930	106.202	335.91	1
931	37.8387	327.869	1
932	392.5	333.073	1
933	397.5	333.074	1
934	68.2925	348.356	1
935	35.7486	342.597	1
936	5.27351	351.087	1
937	122.816	308.279	1
938	24.3594	333.031	1
939	40.4971	351.26	1
940	407.907	324.433	1
941	14.5544	336.754	1
942	148.712	307.531	1
943	62.2453	348.675	1
944	190.312	313.149	1
945	122.239	342.793	1
946	19.5718	386.117	1
947	414.9	324.404	1
948	266.403	317.534	1
949	268.328	333.447	1
950	65.5234	322.178	1
951	157.771	307.011	1
952	26.4042	375.594	1
953	398.117	322.425	1
954	6.81247	319.218	1
955	58.8711	343.251	1
956	131.576	321.91	1
957	392.112	323.286	1
958	18.0988	345.482	1
959	34.7527	306.561	1
960	59.8399	335.899	1
961	26.6498	341.673	1
962	140.18	309.097	1
963	31.7216	317.564	1
964	188.193	319.125	1
965	95.4394	337.379	1
966	277.2	315.635	1
967	73.0308	328.246	1
968	423.536	306.205	1
969	415.484	306.117	1
970	281.331	325.334	1
971	19.6566	363.929	1
972	206.728	320.492	1
973	19.7127	371.132	1
974	101.481	339.412	1
975	18.8252	340.83	1
976	178.051	315.598	1
977	218.584	313.73	1
978	107.624	344.886	1
979	247.405	317.684	1
980	210.744	313.619	1
981	230.087	315.621	1
982	308.828	307.652	1
983	27.7532	362.845	1
984	425.441	312.534	1
985	4.86628	331.232	1
986	19.078	356.544	1
987	165.061	306.248	1
988	158.3	317.895	1
989	98.0119	346.146	1
990	41.6606	347.982	1
991	272.915	324.532	1
992	121.507	334.238	1
993	361.515	313.243	1
994	341.979	313.606	1
995	321.185	313.24	1
996	399.514	316.272	1
997	58.3169	345.901	1
998	84.2917	327.265	1
999	417.034	316.752	1
1000	267.915	306.446	1
1001	91.3342	320.029	1
1002	370.081	319.299	1
1003	345.967	319.538	1
1004	325.969	319.76	1
1005	309.108	319.765	1
1006	186.707	307.05	1
1007	14.642	306.744	1
1008	33.5211	360.655	1
1009	27.8407	385.262	1
1010	237.217	314.129	1
1011	61.928	317.358	1
1012	22.3778	352.817	1
1013	22.509	367.98	1
1014	380.256	312.917	1
1015	57.7314	326.742	1
1016	3.97261	360.474	1
1017	138.757	320.802	1
1018	285	305.26	1
1019	3.48453	387.115	1
1020	3.07846	383.579	1
1021	104.245	331.059	1
1022	179.325	306.853	1
1023	13.9298	368.783	1
1024	390.541	316.228	1
1025	199.952	317.576	1
1026	90.319	333.589	1
1027	130.861	335.593	1
1028	13.8904	360.683	1
1029	30.1527	332.099	1
1030	33.2897	380.504	1
1031	256.949	314.046	1
1032	86.9713	340.479	1
1033	116.331	335.626	1
1034	141.964	333.798	1
1035	383.606	306.378	1
1036	33.526	385.5	1
1037	270.438	312.836	1
1038	10.4891	372.098	1
1039	351.925	317.24	1
1040	331.951	317.131	1
1041	303.252	317.089	1
1042	406.786	306.071	1
1043	35.537	352.512	1
1044	44.8133	347.046	1
1045	39.8279	346.586	1
1046	10.4425	376.977	1
1047	25.6308	305.194	1
1048	10.1546	339.958	1
1049	150.67	333.572	1
1050	25.1162	347.776	1
1051	10.5732	364.194	1
1052	114.771	317.729	1
1053	426.273	333.255	1
1054	19.0239	378.747	1
1055	50.7956	312.436	1
1056	22.287	325.685	1
1057	84.8062	315.989	1
1058	161.782	332.135	1
1059	23.7254	338.431	1
1060	110.705	325.365	1
1061	75.9813	333.204	1
1062	93.1945	341.498	1
1063	170.181	331.09	1
1064	32.6491	351.428	1
1065	127.677	327.463	1
1066	90.098	308.258	1
1067	45.4413	348.731	1
1068	14.1637	324.166	1
1069	38.0215	339.115	1
1070	181.405	329.856	1
1071	56.2875	349.718	1
1072	95.9232	316.107	1
1073	421.601	333.027	1
1074	277.261	322.028	1
1075	21.5635	315.412	1
1076	32.6067	374.127	1
1077	21.5791	359.77	1
1078	72.9592	316.308	1
1079	246.523	305.041	1
1080	189.836	329.022	1
1081	76.4533	339.084	1
1082	313.337	313.295	1
1083	373.863	314.505	1
1084	146.969	326.666	1
1085	28.8384	352.186	1
1086	364.113	318.671	1
1087	29.2461	323.248	1
1088	88.9364	347.313	1
1089	418.643	321.753	1
1090	210.075	328.075	1
1091	26.5442	370.909	1
1092	61.6322	341.914	1
1093	50.2399	340.784	1
1094	30.2158	360.96	1
1095	45.5026	332.447	1
1096	426.841	318.47	1
1097	40.757	336.328	1
1098	220.809	328.063	1
1099	427.509	329.926	1
1100	201.596	328.267	1
1101	15.5543	387.339	1
1102	399.308	307.08	1
1103	228.801	328.419	1
1104	3.65823	376.118	1
1105	120.096	324.332	1
1106	392.464	306.053	1
1107	115.115	305.265	1
1108	14.303	352.544	1
1109	247.973	328.392	1
1110	11.8716	330.007	1
1111	132.69	358.05	2
1112	144.597	356.854	2
1113	156.457	355.739	2
1114	168.278	354.794	2
1115	180.137	353.677	2
1116	191.993	352.562	2
1117	203.764	351.599	2
1118	213.773	352.206	2
1119	224.153	350.471	2
1120	197.976	356.277	2
1121	186.529	357.411	2
1122	162.808	359.644	2
1123	174.668	358.528	2
1124	150.947	360.76	2
1125	138.769	361.861	2
1126	235.223	348.287	2
1127	245.357	348.63	2
1128	129.727	363.602	2
1129	207.815	355.932	2
1130	192.623	358.6	2
1131	180.763	359.721	2
1132	168.9	360.835	2
1133	157.04	361.952	2
1134	145.179	363.066	2
1135	256.487	346.673	2
1136	219.517	354.909	2
1137	197.306	345.78	2
1138	230.17	353.179	2
1139	202.595	358.605	2
1140	135.577	365.048	2
1141	185.602	347.568	2
1142	173.745	348.717	2
1143	209.202	345.599	2
1144	161.898	349.982	2
1145	265.434	345.271	2
1146	138.123	352.386	2
1147	150.054	351.265	2
1148	218.543	345.452	2
1149	212.543	357.558	2
1150	125.607	366.449	2
1151	126.992	353.382	2
1152	41.8084	382.366	2
1153	227.705	345.168	2
1154	273.801	344.87	2
1155	382.249	342.121	2
1156	196.353	360.368	2
1157	189.06	360.929	2
1158	184.695	361.347	2
1159	172.838	362.456	2
1160	177.204	362.052	2
1161	160.977	363.572	2
1162	165.343	363.168	2
1163	149.117	364.689	2
1164	153.483	364.284	2
1165	41.8031	357.676	2
1166	386.656	342.898	2
1167	390.873	342.871	2
1168	141.845	365.503	2
1169	372.371	342.847	2
1170	366.618	343.603	2
1171	360.335	342.78	2
1172	239.792	352.331	2
1173	224.842	355.485	2
1174	377.582	343.316	2
1175	282.223	344.755	2
1176	297.749	344.535	2
1177	395.089	342.734	2
1178	399.891	341.797	2
1179	353.819	343.536	2
1180	341.919	343.977	2
1181	209.333	351.231	2
1182	306.5	344.598	2
1183	315.269	344.67	2
1184	328.775	344.555	2
1185	251.531	350.537	2
1186	206.409	359.474	2
1187	144.177	350.571	2
1188	203.176	345.653	2
1189	126.78	359.204	2
1190	191.468	346.445	2
1191	155.983	349.799	2
1192	167.587	348.454	2
1193	179.616	347.546	2
1194	131.705	366.559	2
1195	289.956	344.554	2
1196	250.722	343.925	2
1197	198.404	351.215	2
1198	41.2501	362.925	2
1199	240.32	343.762	2
1200	93.9478	353.494	2
1201	97.8574	353.613	2
1202	89.9972	354.152	2
1203	43.6377	355.582	2
1204	84.6135	353.673	2
1205	79.8959	354.066	2
1206	186.469	352.193	2
1207	132.276	351.544	2
1208	174.616	353.321	2
1209	335.404	344.687	2
1210	216.626	357.586	2
1211	47.6081	355.216	2
1212	162.561	354.411	2
1213	117.755	352.033	2
1214	234.847	354.202	2
1215	74.8684	354.449	2
1216	139.504	356.748	2
1217	150.725	355.59	2
1218	67.8953	354.299	2
1219	104.573	352.949	2
1220	322.151	344.791	2
1221	219.046	349.839	2
1222	347.782	344.512	2
1223	261.274	350.103	2
1224	246.07	352.46	2
1225	210.337	359.017	2
1226	199.88	360.145	2
1227	405.406	341.913	2
1228	192.838	360.885	2
1229	180.979	362.011	2
1230	202.012	354.491	2
1231	169.119	363.122	2
1232	138.111	366.083	2
1233	157.258	364.239	2
1234	145.397	365.353	2
1235	223.443	344.976	2
1236	51.5231	355.144	2
1237	110.824	352.496	2
1238	233.821	342.154	2
1239	63.5641	354.436	2
1240	136.094	361.219	2
1241	56.4313	354.623	2
1242	412.215	340.684	2
1243	194.825	354.942	2
1244	190.102	355.298	2
1245	72.5242	354.17	2
1246	182.963	356.12	2
1247	214.66	346.049	2
1248	178.241	356.417	2
1249	171.102	357.237	2
1250	166.384	357.536	2
1251	128.085	366.921	2
1252	159.217	358.388	2
1253	142.733	359.619	2
1254	154.613	358.517	2
1255	147.358	359.507	2
1256	260.635	342.805	2
1257	40.205	376.263	2
1258	59.89	354.675	2
1259	211.129	353.705	2
1260	132.012	363.771	2
1261	268.287	349.826	2
1262	205.744	356.782	2
1263	220.102	358.091	2
1264	245.385	342.473	2
1265	124.185	368.375	2
1266	40.3995	369.036	2
1267	228.35	349.184	2
1268	125.894	362.841	2
1269	255.584	351.093	2
1270	228.318	356.229	2
1271	187.005	362.504	2
1272	175.15	363.62	2
1273	163.289	364.737	2
1274	151.429	365.853	2
1275	195.474	349.215	2
1276	269.313	342.33	2
1277	240.955	347.928	2
1278	419.153	341.806	2
1279	278.246	348.177	2
1280	369.722	345.255	2
1281	215.173	355.086	2
1282	302.035	347.48	2
1283	357.233	345.828	2
1284	310.976	347.382	2
1285	202.957	361.018	2
1286	215.027	342.175	2
1287	388.819	344.596	2
1288	380.148	344.963	2
1289	183.386	350.696	2
1290	171.757	351.523	2
1291	363.722	345.436	2
1292	135.692	367.37	2
1293	206.181	353.608	2
1294	277.844	341.911	2
1295	159.875	352.696	2
1296	384.689	344.857	2
1297	206.386	347.99	2
1298	87.3442	354.606	2
1299	129.985	359.839	2
1300	135.865	355.951	2
1301	148.035	353.891	2
1302	206.929	341.745	2
1303	255.245	342.658	2
1304	375.191	345.326	2
1305	302.303	341.639	2
1306	392.989	344.218	2
1307	96.1354	355.739	2
1308	81.923	355.593	2
1309	243.264	354.654	2
1310	310.798	342.504	2
1311	182.632	344.09	2
1312	186.876	343.41	2
1313	129.372	356.388	2
1314	199.986	343.025	2
1315	122.725	354.115	2
1316	77.5229	355.749	2
1317	231.746	355.97	2
1318	402.616	343.735	2
1319	222.983	358	2
1320	264.39	351.806	2
1321	107.32	354.825	2
1322	194.793	362.059	2
1323	232.122	349.878	2
1324	423.902	341.624	2
1325	191.044	362.357	2
1326	49.2456	353.879	2
1327	171.155	364.229	2
1328	159.295	365.346	2
1329	65.8134	355.856	2
1330	147.434	366.462	2
1331	91.9687	355.865	2
1332	183.016	363.116	2
1333	179.184	363.476	2
1334	201.38	348.824	2
1335	397.432	343.951	2
1336	53.8903	353.879	2
1337	167.323	364.592	2
1338	143.694	366.87	2
1339	155.463	365.708	2
1340	189.399	349.756	2
1341	142.022	354.057	2
1342	45.2214	353.936	2
1343	194.27	342.99	2
1344	408.527	343.446	2
1345	43.1417	379.175	2
1346	101.238	355.205	2
1347	221.127	341.632	2
1348	177.554	350.863	2
1349	153.837	353.132	2
1350	165.643	351.977	2
1351	114.468	354.681	2
1352	226.676	352.743	2
1353	175.498	345.159	2
1354	222.461	353.242	2
1355	212.909	359.837	2
1356	151.934	347.151	2
1357	147.37	347.9	2
1358	415.101	343.257	2
1359	38.6917	360.379	2
1360	163.965	346.162	2
1361	171.028	345.437	2
1362	159.336	347.488	2
1363	210.758	341.55	2
1364	293.569	347.391	2
1365	225.394	341.334	2
1366	249.456	353.705	2
1367	205.058	361.097	2
1368	133.376	367.934	2
1369	183.527	358.886	2
1370	177.772	359.132	2
1371	332.375	341.491	2
1372	165.912	360.249	2
1373	128.727	349.84	2
1374	273.196	349.327	2
1375	195.262	357.807	2
1376	217.157	352.828	2
1377	154.059	361.353	2
1378	189.636	358.009	2
1379	171.669	360	2
1380	215.305	359.727	2
1381	125.769	368.694	2
1382	142.198	362.493	2
1383	159.805	361.121	2
1384	264.878	341.299	2
1385	285.932	342.511	2
1386	293.963	342.442	2
1387	147.944	362.236	2
1388	319.156	341.878	2
1389	42.7674	365.587	2
1390	286.078	346.821	2
1391	40.898	384.814	2
1392	360.598	346.534	2
1393	135.46	349.691	2
1394	338.986	346.38	2
1395	325.165	341.864	2
1396	338.038	341.462	2
1397	140.042	348.928	2
1398	124.96	350.7	2
1399	43.0428	383.981	2
1400	41.6829	354.633	2
1401	200.379	357.727	2
1402	137.596	359.005	2
1403	232.03	345.791	2
1404	372.562	346.033	2
1405	43.8424	359.552	2
1406	356.63	341.031	2
1407	198.644	361.581	2
1408	197.19	353.671	2
1409	221.849	348.113	2
1410	211.784	349.267	2
1411	84.0149	356.11	2
1412	237.297	355.407	2
1413	382.49	345.421	2
1414	139.79	367.138	2
1415	399.922	344.589	2
1416	390.927	345.121	2
1417	386.833	345.365	2
1418	137.33	363.73	2
1419	350.736	346.303	2
1420	185.347	354.771	2
1421	392.821	340.559	2
1422	364.138	341.07	2
1423	325.215	347.599	2
1424	173.485	355.89	2
1425	208.655	360.579	2
1426	243.087	351.201	2
1427	332.035	347.347	2
1428	161.546	357.179	2
1429	149.758	358.143	2
1430	93.9987	356.219	2
1431	318.516	346.747	2
1432	229.883	341.285	2
1433	345.692	341.436	2
1434	366.877	346.272	2
1435	344.62	346.738	2
1436	90.0294	356.246	2
1437	350.185	341.64	2
1438	39.3782	379.553	2
1439	273.374	340.925	2
1440	235.751	351.677	2
1441	186.742	359.848	2
1442	174.884	360.965	2
1443	163.022	362.082	2
1444	123.714	360.455	2
1445	194.351	359.76	2
1446	151.163	363.196	2
1447	249.214	347.451	2
1448	377.779	345.801	2
1449	191.069	360.129	2
1450	252.819	346.999	2
1451	182.596	361.016	2
1452	388.587	340.467	2
1453	179.207	361.253	2
1454	252.903	353.629	2
1455	210.256	356.406	2
1456	225.862	358.125	2
1457	170.736	362.129	2
1458	167.347	362.368	2
1459	158.875	363.246	2
1460	155.487	363.483	2
1461	185.161	363.274	2
1462	147.014	364.361	2
1463	177.105	364.033	2
1464	143.697	364.533	2
1465	165.245	365.149	2
1466	153.385	366.265	2
1467	188.962	362.918	2
1468	173.305	364.391	2
1469	161.445	365.507	2
1470	149.584	366.624	2
1471	217.708	359.254	2
1472	396.872	340.209	2
1473	131.718	368.557	2
1474	43.3993	353.738	2
1475	248.776	340.981	2
1476	200.874	361.691	2
1477	123.521	364.097	2
1478	306.502	348.692	2
1479	53.3793	356.171	2
1480	368.593	340.867	2
1481	129.809	368.247	2
1482	375.291	341.131	2
1483	137.657	367.871	2
1484	113.828	350.705	2
1485	215.929	349.036	2
1486	297.629	348.575	2
1487	194.898	352.139	2
1488	38.9598	365.701	2
1489	79.7827	356.282	2
1490	124.169	357.601	2
1491	65.4465	353.24	2
1492	282.455	348.776	2
1493	260.452	346.708	2
1494	210.831	360.805	2
1495	402.57	339.674	2
1496	236.875	345.466	2
1497	237.567	341.194	2
1498	132.868	360.858	2
1499	307.164	340.515	2
1500	201.106	352.064	2
1501	73.1924	356.216	2
1502	192.407	356.203	2
1503	39.2672	356.46	2
1504	208.683	353.764	2
1505	49.7146	356.017	2
1506	133.632	365.635	2
1507	282.197	340.543	2
1508	180.567	357.326	2
1509	395.165	344.929	2
1510	378.835	340.645	2
1511	168.708	358.442	2
1512	297.585	340.354	2
1513	354.218	346.951	2
1514	145.002	360.629	2
1515	156.865	359.511	2
1516	204.479	359.041	2
1517	127.776	368.833	2
1518	61.6627	353.307	2
1519	98.4826	356.111	2
1520	57.8074	355.882	2
1521	70.5287	355.747	2
1522	61.7471	355.837	2
1523	107.729	351.297	2
1524	199.511	354.241	2
1525	314.809	348.435	2
1526	427.126	343.019	2
1527	182.984	353.417	2
1528	104.14	355.824	2
1529	206.823	361.375	2
1530	101.283	352.183	2
1531	225.613	347.747	2
1532	127.694	364.817	2
1533	77.5428	353.091	2
1534	198.378	358.947	2
1535	75.2657	356.483	2
1536	408.263	340.002	2
1537	171.197	354.385	2
1538	145.114	353.953	2
1539	47.1791	353.365	2
1540	384.673	340.056	2
1541	88.2613	356.245	2
1542	139.493	364.485	2
1543	234.205	356.699	2
1544	258.103	339.967	2
1545	217.308	355.373	2
1546	118.811	355.66	2
1547	146.978	351.595	2
1548	405.47	344.498	2
1549	206.469	351.044	2
1550	270.077	346.109	2
1551	167.352	344.629	2
1552	156.999	352.903	2
1553	243.366	345.059	2
1554	314.791	340.871	2
1555	221.907	355.788	2
1556	159.392	355.406	2
1557	240.223	355.785	2
1558	135.21	358.644	2
1559	289.903	348.33	2
1560	143.336	347.189	2
1561	189.23	353.03	2
1562	248.197	350.356	2
1563	140.225	359.668	2
1564	208.786	348.841	2
1565	258.836	352.532	2
1566	86.0616	356.333	2
1567	177.376	354.148	2
1568	68.389	356.415	2
1569	242.274	340.845	2
1570	168.907	351.759	2
1571	180.61	350.71	2
1572	219.982	352.365	2
1573	208.203	358.032	2
1574	58.0875	353.475	2
1575	289.92	340.82	2
1576	165.349	355.259	2
1577	194.461	346.482	2
1578	158.858	350.391	2
1579	122.718	366.937	2
1580	132.554	354.733	2
1581	196.912	340.99	2
1582	187.704	355.264	2
1583	232.812	352.617	2
1584	182.608	347.925	2
1585	205.908	344.835	2
1586	170.742	349.069	2
1587	179.299	344.23	2
1588	155.713	346.549	2
1589	147.558	356.536	2
1590	175.844	356.382	2
1591	200.186	346.188	2
1592	163.988	357.477	2
1593	126.465	356.207	2
1594	203.122	341.865	2
1595	188.695	346.445	2
1596	152.191	358.578	2
1597	141.986	357.465	2
1598	192.995	362.744	2
1599	153.565	356.311	2
1600	181.152	363.851	2
1601	342.13	340.175	2
1602	44.6042	384.723	2
1603	169.292	364.966	2
1604	157.431	366.082	2
1605	87.8407	352.528	2
1606	192.599	349.553	2
1607	145.589	367.207	2
1608	196.8	362.337	2
1609	44.2525	382.459	2
1610	204.209	354.622	2
1611	246.507	355.237	2
1612	203.107	356.72	2
1613	176.895	347.602	2
1614	141.768	367.521	2
1615	328.945	348.626	2
1616	55.7088	356.521	2
1617	128.352	361.968	2
1618	212.067	344.498	2
1619	214.536	357.763	2
1620	328.549	340.404	2
1621	427.13	339.863	2
1622	129.766	365.635	2
1623	43.7471	362.565	2
1624	110.833	355.678	2
1625	129.933	353.283	2
1626	190.764	342.821	2
1627	372.251	339.769	2
1628	335.859	347.971	2
1629	38.2807	385.077	2
1630	211.505	351.602	2
1631	51.4545	353.217	2
1632	353.203	340.041	2
1633	411.912	344.153	2
1634	237.859	349.141	2
1635	134.581	363.205	2
1636	45.5839	356.12	2
1637	44.0613	357.443	2
1638	42.8072	372.547	2
1639	247.065	345.057	2
1640	252.322	340.406	2
1641	228.049	358.393	2
1642	198.632	348.35	2
1643	82.0576	353.435	2
1644	341.993	347.936	2
1645	39.2731	382.962	2
1646	63.577	356.477	2
1647	416.465	339.931	2
1648	43.8434	375.426	2
1649	134.856	352.861	2
1650	164.724	349.083	2
1651	347.508	347.481	2
1652	258.527	349.422	2
1653	152.999	350.041	2
1654	41.5378	360.473	2
1655	218.157	341.748	2
1656	130.589	362.008	2
1657	70.1668	353.129	2
1658	230.098	357.717	2
1659	203.909	348.744	2
1660	122.805	369.405	2
1661	56.3531	352.825	2
1662	321.61	348.678	2
1663	267.364	339.424	2
1664	218.252	357.042	2
1665	263.689	348.547	2
1666	120.992	349.982	2
1667	132.384	348.36	2
1668	201.552	359.935	2
1669	322.208	339.934	2
1670	42.9861	385.466	2
1671	261.571	353.026	2
1672	212.768	355.413	2
1673	221.544	350.732	2
1674	53.0648	364.851	3
1675	62.3838	363.989	3
1676	68.0066	363.771	3
1677	75.0955	363.729	3
1678	83.9863	362.54	3
1679	88.0672	362.057	3
1680	80.0759	362.229	3
1681	91.9596	361.782	3
1682	96.1751	362.065	3
1683	56.9614	362.054	3
1684	63.507	361.488	3
1685	101.729	362.985	3
1686	50.2455	361.852	3
1687	70.8543	361.737	3
1688	107.353	362.272	3
1689	57.2268	368.184	3
1690	64.7618	365.34	3
1691	53.5743	361.838	3
1692	81.9375	360.291	3
1693	71.9596	364.849	3
1694	75.3725	360.661	3
1695	86.0529	360.212	3
1696	110.52	361.62	3
1697	60.0716	361.961	3
1698	66.3634	361.429	3
1699	90.0294	360.259	3
1700	48.6746	366.441	3
1701	94.0186	360.514	3
1702	98.5908	360.554	3
1703	104.279	360.724	3
1704	115.354	361.742	3
1705	52.454	367.813	3
1706	77.6028	360.036	3
1707	72.8022	360.061	3
1708	78.3626	365.395	3
1709	79.8376	359.711	3
1710	84.0013	359.809	3
1711	88.0672	359.764	3
1712	91.9596	359.75	3
1713	81.6209	364.844	3
1714	56.0615	359.955	3
1715	62.2016	367.602	3
1716	96.1751	359.869	3
1717	68.3899	360.262	3
1718	93.3608	363.83	3
1719	98.399	363.771	3
1720	89.6387	363.879	3
1721	58.4578	359.915	3
1722	69.5753	367.018	3
1723	75.1835	366.435	3
1724	86.4473	364.389	3
1725	48.3249	360.369	3
1726	73.2168	362.207	3
1727	118.445	360.527	3
1728	101.415	360.052	3
1729	48.3039	363.099	3
1730	84.1109	365.514	3
1731	48.8329	369.641	3
1732	77.3984	362.398	3
1733	118.792	363.138	3
1734	63.4736	359.291	3
1735	59.0813	364.775	3
1736	55.6428	364.858	3
1737	70.716	359.612	3
1738	51.7551	360.22	3
1739	61.0913	359.652	3
1740	66.5234	367.588	3
1741	104.967	363.501	3
1742	65.96	359.442	3
1743	65.324	363.084	3
1744	107.348	359.99	3
1745	50.5783	364.322	3
1746	51.3079	378.781	4
1747	56.9429	377.691	4
1748	62.4668	376.141	4
1749	67.9971	375.246	4
1750	75.7611	373.625	4
1751	79.7645	373.745	4
1752	72.5118	375.43	4
1753	83.5493	372.97	4
1754	87.7109	372.181	4
1755	92.8222	370.508	4
1756	96.7472	370.446	4
1757	118.55	368.723	4
1758	55.2627	380.516	4
1759	59.5502	379.535	4
1760	102.112	369.524	4
1761	50.245	381.598	4
1762	64.6472	378.06	4
1763	111.253	368.332	4
1764	107.283	368.985	4
1765	114.818	368.561	4
1766	62.026	378.681	4
1767	53.2284	375.502	4
1768	68.7973	377.985	4
1769	90.1328	371.84	4
1770	52.844	380.783	4
1771	74.5156	376.659	4
1772	78.2656	375.742	4
1773	82.0297	374.883	4
1774	85.7916	373.792	4
1775	99.3989	370.575	4
1776	104.847	369.438	4
1777	95.1605	372.301	4
1778	57.6915	381.015	4
1779	48.7217	383.504	4
1780	48.497	379.384	4
1781	49.3399	376.05	4
1782	109.508	369.737	4
1783	113.127	369.735	4
1784	59.4381	374.956	4
1785	70.8834	378.057	4
1786	67.0367	378.991	4
1787	65.0384	375.349	4
1788	116.646	369.688	4
1789	70.3876	372.878	4
1790	76.4835	376.58	4
1791	72.8572	377.771	4
1792	80.2732	375.826	4
1793	87.8247	374.074	4
1794	84.0233	374.91	4
1795	93.4285	372.921	4
1796	97.0285	372.321	4
1797	53.9183	378.438	4
1798	85.0151	370.599	4
1799	81.1592	371.262	4
1800	88.7946	369.488	4
1801	60.0848	377.401	4
1802	66.7179	372.535	4
1803	91.6463	373.115	4
1804	102.425	371.402	4
1805	89.6947	373.724	4
1806	52.1455	382.918	4
1807	111.446	370.285	4
1808	72.9152	372.833	4
1809	63.468	380.236	4
1810	61.4415	380.644	4
1811	114.907	370.159	4
1812	54.1845	382.368	4
1813	77.6829	371.542	4
1814	55.9527	382.171	4
1815	107.859	370.704	4
1816	59.7525	381.246	4
1817	119.749	369.892	4
1818	119.059	367.019	4
1819	62.158	373.3	4
1820	56.8219	374.23	4
1821	65.3203	379.906	4
1822	98.6736	372.099	4
1823	100.667	371.953	4
1824	50.4974	383.546	4
1825	106.087	371.014	4
1826	104.079	371.146	4
1827	66.6753	377.016	4
1828	70.1155	375.919	4
1829	48.089	381.475	4
1830	98.6305	368.669	4
1831	118.361	370.146	4
1832	116.512	367.499	4
1833	2.23803	393.1	5
1834	110.357	374.19	5
1835	95.1287	376.597	5
1836	104.852	374.504	5
1837	102.354	375.269	5
1838	98.7498	375.867	5
1839	107.529	374.473	5
1840	92.2432	376.614	5
1841	390.966	348.95	5
1842	118.629	373.419	5
1843	389.007	349.136	5
1844	382.951	349.551	5
1845	204.842	365.181	5
1846	395.068	348.829	5
1847	89.6165	377.532	5
1848	201.041	365.518	5
1849	189.391	366.633	5
1850	384.983	349.45	5
1851	207.577	364.521	5
1852	81.1586	379.448	5
1853	111.933	373.685	5
1854	115.17	373.601	5
1855	210.676	364.312	5
1856	87.5835	377.904	5
1857	199.124	365.603	5
1858	220.364	363.025	5
1859	43.5593	388.475	5
1860	38.3944	389.524	5
1861	47.4949	387.779	5
1862	373.104	350.29	5
1863	380.784	349.702	5
1864	85.4578	378.439	5
1865	397.133	348.831	5
1866	181.486	367.4	5
1867	36.5068	390.072	5
1868	15.9274	391.593	5
1869	218.33	363.359	5
1870	214.527	363.947	5
1871	320.167	353.908	5
1872	292.833	353.908	5
1873	306.5	353.908	5
1874	83.234	378.919	5
1875	195.318	366.046	5
1876	367.198	350.726	5
1877	427.624	348.094	5
1878	97.009	376.465	5
1879	100.613	375.844	5
1880	228.166	361.931	5
1881	402.949	348.64	5
1882	234.011	361.063	5
1883	393.003	348.913	5
1884	377.055	350.146	5
1885	191.551	366.388	5
1886	29.2486	390.503	5
1887	169.638	368.496	5
1888	361.266	351.226	5
1889	243.757	359.754	5
1890	75.5273	380.797	5
1891	175.551	367.912	5
1892	33.9825	389.591	5
1893	212.612	364.506	5
1894	187.385	366.507	5
1895	79.2153	379.627	5
1896	69.9344	382.201	5
1897	278.952	354.893	5
1898	329.721	353.711	5
1899	222.35	363.011	5
1900	159.757	369.416	5
1901	185.412	366.434	5
1902	408.923	348.485	5
1903	375.243	350.183	5
1904	224.37	362.982	5
1905	399.202	348.813	5
1906	77.2673	379.909	5
1907	183.429	366.851	5
1908	371.159	350.752	5
1909	226.088	362.319	5
1910	128.044	372.393	5
1911	163.653	369.021	5
1912	387.014	349.255	5
1913	179.478	367.255	5
1914	230.133	362.133	5
1915	357.392	351.54	5
1916	369.116	351.092	5
1917	404.956	348.87	5
1918	132.125	372.006	5
1919	239.874	360.322	5
1920	406.978	349.016	5
1921	177.444	367.249	5
1922	232.109	361.688	5
1923	6.5347	392.361	5
1924	419.011	348.217	5
1925	197.283	365.42	5
1926	333.819	353.425	5
1927	73.4499	381.246	5
1928	71.6208	381.339	5
1929	274.917	355.405	5
1930	25.3415	390.75	5
1931	235.985	361.316	5
1932	365.372	351.395	5
1933	173.547	367.806	5
1934	171.507	367.812	5
1935	414.997	348.338	5
1936	45.4676	387.72	5
1937	363.287	351.404	5
1938	237.963	360.883	5
1939	203.003	365.303	5
1940	116.842	372.974	5
1941	167.714	368.164	5
1942	165.638	368.526	5
1943	359.369	351.81	5
1944	423.025	348.102	5
1945	410.956	348.713	5
1946	413.115	348.862	5
1947	241.917	360.446	5
1948	68.0316	382.169	5
1949	66.0845	382.812	5
1950	19.7788	391.231	5
1951	302.516	353.899	5
1952	310.484	353.899	5
1953	296.795	353.865	5
1954	316.205	353.865	5
1955	288.872	353.865	5
1956	324.15	353.907	5
1957	193.275	365.811	5
1958	60.4864	384.513	5
1959	161.645	368.795	5
1960	155.828	369.764	5
1961	247.628	359.268	5
1962	379.074	350.285	5
1963	12.0777	391.887	5
1964	64.2094	383.27	5
1965	122.185	373	5
1966	62.1659	383.603	5
1967	216.245	363.62	5
1968	355.547	352.182	5
1969	353.443	352.185	5
1970	257.48	357.862	5
1971	40.9923	389	5
1972	417.06	348.704	5
1973	351.474	352.342	5
1974	120.42	372.712	5
1975	284.674	354.082	5
1976	253.528	358.417	5
1977	349.358	352.739	5
1978	245.694	359.93	5
1979	249.667	359.249	5
1980	251.804	359.143	5
1981	261.383	357.312	5
1982	56.7337	385.444	5
1983	347.537	352.654	5
1984	136.097	371.648	5
1985	49.3298	386.759	5
1986	157.802	369.158	5
1987	153.909	369.457	5
1988	151.801	369.828	5
1989	149.986	369.763	5
1990	147.847	370.2	5
1991	345.425	353.051	5
1992	255.67	358.549	5
1993	145.87	370.386	5
1994	421.054	348.598	5
1995	58.4307	384.586	5
1996	143.672	370.357	5
1997	343.599	352.967	5
1998	341.455	353.366	5
1999	142.047	370.463	5
2000	259.572	358.007	5
2001	51.0849	386.48	5
2002	401.084	349.124	5
2003	339.845	353.54	5
2004	139.94	370.944	5
2005	138.125	370.947	5
2006	337.693	353.436	5
2007	53.1339	385.745	5
2008	54.7524	385.474	5
2009	335.885	353.745	5
2010	209.053	365.12	5
2011	265.303	356.798	5
2012	271.083	355.958	5
2013	93.6582	375.955	5
2014	106.22	373.848	5
2015	425.146	348.463	5
2016	327.771	354.317	5
2017	281.048	355.121	5
2018	282.614	354.933	5
2019	272.95	356.152	5
2020	268.992	356.776	5
2021	267.357	356.984	5
2022	124.389	372.249	5
2023	126.078	372.197	5
2024	263.496	357.47	5
2025	134.127	371.389	5
2026	31.1705	390.738	5
2027	130.051	371.77	5
2028	276.977	355.602	5
2029	331.817	353.996	5
2030	304.467	354.361	5
2031	294.862	354.355	5
2032	290.805	354.355	5
2033	308.533	354.361	5
2034	314.103	354.435	5
2035	312.478	354.421	5
2036	318.138	354.355	5
2037	286.7	354.389	5
2038	322.2	354.363	5
2039	298.897	354.435	5
2040	300.522	354.421	5
2041	10.0619	392.61	5
2042	8.46109	392.705	5
2043	13.9852	392.197	5
2044	4.5705	392.969	5
2045	17.9412	391.865	5
2046	21.881	391.622	5
2047	23.4815	391.448	5
2048	27.3075	391.085	5
2049	113.465	373.237	5
2050	326.145	354.442	5
2051	90.7348	376.468	5
2052	93.686	377.253	5
2053	106.181	375.252	5
2054	100.946	374.495	5
2055	97.3447	375.097	5
2056	103.448	374.288	5
2057	108.967	373.47	5
2058	428.98	349.225	5
2059	103.869	375.574	5
2060	88.3938	376.703	5
2061	99.6989	374.769	5
2062	96.097	375.388	5
2063	91.2975	377.689	5
2064	209.096	363.752	5
2065	32.7236	390.717	5
2066	206.388	365.38	5
2067	0.889376	394.225	5


